# Matter power spectrum P(k) at redshift z=0.5
# for k=2.17566e-07 to 30.1416 h/Mpc,
# number of wavenumbers equal to 1497
#    1:k (h/Mpc)              2:P (Mpc/h)^3        
       2.175660939598e-07       5.092668991734e-01 
       2.200853905933e-07       5.149682451466e-01 
       2.226338593069e-07       5.207334188543e-01 
       2.252118378975e-07       5.265631348611e-01 
       2.278196680732e-07       5.324581157312e-01 
       2.304576954992e-07       5.384190921179e-01 
       2.331262698430e-07       5.444468028543e-01 
       2.358257448215e-07       5.505419950457e-01 
       2.385564782469e-07       5.567054241592e-01 
       2.413188320752e-07       5.629378541226e-01 
       2.441131724532e-07       5.692400574181e-01 
       2.469398697679e-07       5.756128151730e-01 
       2.497992986948e-07       5.820569172587e-01 
       2.526918382482e-07       5.885731623889e-01 
       2.556178718311e-07       5.951623582210e-01 
       2.585777872860e-07       6.018253214551e-01 
       2.615719769465e-07       6.085628779337e-01 
       2.646008376892e-07       6.153758627436e-01 
       2.676647709863e-07       6.222651203196e-01 
       2.707641829590e-07       6.292315045512e-01 
       2.738994844307e-07       6.362758788878e-01 
       2.770710909825e-07       6.433991164451e-01 
       2.802794230073e-07       6.506021001151e-01 
       2.835249057660e-07       6.578857226736e-01 
       2.868079694439e-07       6.652508868907e-01 
       2.901290492074e-07       6.726985056416e-01 
       2.934885852622e-07       6.802295020212e-01 
       2.968870229110e-07       6.878448094611e-01 
       3.003248126132e-07       6.955453718430e-01 
       3.038024100439e-07       7.033321436151e-01 
       3.073202761551e-07       7.112060899095e-01 
       3.108788772360e-07       7.191681866626e-01 
       3.144786849753e-07       7.272194207391e-01 
       3.181201765237e-07       7.353607900526e-01 
       3.218038345569e-07       7.435933036864e-01 
       3.255301473398e-07       7.519179820202e-01 
       3.292996087911e-07       7.603358568576e-01 
       3.331127185489e-07       7.688479715547e-01 
       3.369699820368e-07       7.774553811485e-01 
       3.408719105307e-07       7.861591524867e-01 
       3.448190212272e-07       7.949603643603e-01 
       3.488118373114e-07       8.038601076378e-01 
       3.528508880269e-07       8.128594853998e-01 
       3.569367087454e-07       8.219596130761e-01 
       3.610698410380e-07       8.311616185853e-01 
       3.652508327469e-07       8.404666424729e-01 
       3.694802380581e-07       8.498758380528e-01 
       3.737586175746e-07       8.593903715504e-01 
       3.780865383910e-07       8.690114222494e-01 
       3.824645741686e-07       8.787401826327e-01 
       3.868933052112e-07       8.885778585341e-01 
       3.913733185424e-07       8.985256692864e-01 
       3.959052079830e-07       9.085848478724e-01 
       4.004895742301e-07       9.187566410811e-01 
       4.051270249365e-07       9.290423096596e-01 
       4.098181747912e-07       9.394431284705e-01 
       4.145636456010e-07       9.499603866479e-01 
       4.193640663731e-07       9.605953877584e-01 
       4.242200733979e-07       9.713494499623e-01 
       4.291323103339e-07       9.822239061772e-01 
       4.341014282929e-07       9.932201042429e-01 
       4.391280859260e-07       1.004339407088e+00 
       4.442129495112e-07       1.015583192901e+00 
       4.493566930417e-07       1.026952855297e+00 
       4.545599983152e-07       1.038449803495e+00 
       4.598235550240e-07       1.050075462490e+00 
       4.651480608471e-07       1.061831273231e+00 
       4.705342215417e-07       1.073718692799e+00 
       4.759827510378e-07       1.085739194584e+00 
       4.814943715319e-07       1.097894268477e+00 
       4.870698135835e-07       1.110185421043e+00 
       4.927098162112e-07       1.122614175717e+00 
       4.984151269915e-07       1.135182072989e+00 
       5.041865021569e-07       1.147890670575e+00 
       5.100247066971e-07       1.160741543663e+00 
       5.159305144597e-07       1.173736285065e+00 
       5.219047082532e-07       1.186876505423e+00 
       5.279480799504e-07       1.200163833413e+00 
       5.340614305938e-07       1.213599915950e+00 
       5.402455705013e-07       1.227186418380e+00 
       5.465013193741e-07       1.240925024695e+00 
       5.528295064047e-07       1.254817437732e+00 
       5.592309703877e-07       1.268865379393e+00 
       5.657065598300e-07       1.283070590859e+00 
       5.722571330641e-07       1.297434832805e+00 
       5.788835583613e-07       1.311959885619e+00 
       5.855867140471e-07       1.326647549621e+00 
       5.923674886177e-07       1.341499645288e+00 
       5.992267808572e-07       1.356518013477e+00 
       6.061654999574e-07       1.371704515655e+00 
       6.131845656381e-07       1.387061034128e+00 
       6.202849082688e-07       1.402589472275e+00 
       6.274674689922e-07       1.418291754783e+00 
       6.347331998489e-07       1.434169827886e+00 
       6.420830639038e-07       1.450225659610e+00 
       6.495180353734e-07       1.466461240009e+00 
       6.570390997549e-07       1.482878581407e+00 
       6.646472539575e-07       1.499479718682e+00 
       6.723435064337e-07       1.516266709483e+00 
       6.801288773134e-07       1.533241634496e+00 
       6.880043985391e-07       1.550406597701e+00 
       6.959711140026e-07       1.567763726625e+00 
       7.040300796834e-07       1.585315172615e+00 
       7.121823637886e-07       1.603063111094e+00 
       7.204290468948e-07       1.621009741877e+00 
       7.287712220909e-07       1.639157289392e+00 
       7.372099951230e-07       1.657508002953e+00 
       7.457464845415e-07       1.676064157053e+00 
       7.543818218487e-07       1.694828051662e+00 
       7.631171516493e-07       1.713802012507e+00 
       7.719536318017e-07       1.732988391353e+00 
       7.808924335720e-07       1.752389566279e+00 
       7.899347417884e-07       1.772007941992e+00 
       7.990817549992e-07       1.791845950121e+00 
       8.083346856312e-07       1.811906049521e+00 
       8.176947601501e-07       1.832190726575e+00 
       8.271632192239e-07       1.852702495508e+00 
       8.367413178863e-07       1.873443898685e+00 
       8.464303257042e-07       1.894417506940e+00 
       8.562315269448e-07       1.915625919886e+00 
       8.661462207470e-07       1.937071766243e+00 
       8.761757212925e-07       1.958757704158e+00 
       8.863213579808e-07       1.980686421539e+00 
       8.965844756052e-07       2.002860636388e+00 
       9.069664345306e-07       2.025283097133e+00 
       9.174686108745e-07       2.047956582955e+00 
       9.280923966890e-07       2.070883903833e+00 
       9.388392001454e-07       2.094067902084e+00 
       9.497104457209e-07       2.117511451158e+00 
       9.607075743873e-07       2.141217456730e+00 
       9.718320438020e-07       2.165188857212e+00 
       9.830853285015e-07       2.189428623666e+00 
       9.944689200965e-07       2.213939760801e+00 
       1.005984327470e-06       2.238725306729e+00 
       1.017633076976e-06       2.263788333162e+00 
       1.029416712644e-06       2.289131946465e+00 
       1.041336796382e-06       2.314759288289e+00 
       1.053394908185e-06       2.340673535269e+00 
       1.065592646342e-06       2.366877899266e+00 
       1.077931627650e-06       2.393375628153e+00 
       1.090413487628e-06       2.420170006327e+00 
       1.103039880732e-06       2.447264354982e+00 
       1.115812480578e-06       2.474662032455e+00 
       1.128732980159e-06       2.502366434594e+00 
       1.141803092075e-06       2.530380995264e+00 
       1.155024548753e-06       2.558709186821e+00 
       1.168399102685e-06       2.587354520486e+00 
       1.181928526652e-06       2.616320546803e+00 
       1.195614613964e-06       2.645610856080e+00 
       1.209459178699e-06       2.675229078829e+00 
       1.223464055938e-06       2.705178886211e+00 
       1.237631102013e-06       2.735463990483e+00 
       1.251962194749e-06       2.766088145463e+00 
       1.266459233718e-06       2.797055146994e+00 
       1.281124140487e-06       2.828368833412e+00 
       1.295958858873e-06       2.860033086028e+00 
       1.310965355202e-06       2.892051829608e+00 
       1.326145618569e-06       2.924429032856e+00 
       1.341501661101e-06       2.957168708915e+00 
       1.357035518225e-06       2.990274915861e+00 
       1.372749248938e-06       3.023751757203e+00 
       1.388644936076e-06       3.057603382398e+00 
       1.404724686597e-06       3.091833987361e+00 
       1.420990631853e-06       3.126447814985e+00 
       1.437444927878e-06       3.161449155670e+00 
       1.454089755672e-06       3.196842347853e+00 
       1.470927321487e-06       3.232631778544e+00 
       1.487959857126e-06       3.268821883873e+00 
       1.505189620232e-06       3.305417149600e+00 
       1.522618894592e-06       3.342422111788e+00 
       1.540249990437e-06       3.379841357259e+00 
       1.558085244750e-06       3.417679524175e+00 
       1.576127021575e-06       3.455941302630e+00 
       1.594377712329e-06       3.494631435238e+00 
       1.612839736122e-06       3.533754717711e+00 
       1.631515540075e-06       3.573315999461e+00 
       1.650407599646e-06       3.613320184195e+00 
       1.669518418956e-06       3.653772230528e+00 
       1.688850531124e-06       3.694677152593e+00 
       1.708406498601e-06       3.736040020666e+00 
       1.728188913509e-06       3.777865961793e+00 
       1.748200397986e-06       3.820160160426e+00 
       1.768443604531e-06       3.862927859067e+00 
       1.788921216361e-06       3.906174358920e+00 
       1.809635947761e-06       3.949905020545e+00 
       1.830590544445e-06       3.994125264527e+00 
       1.851787783923e-06       4.038840572143e+00 
       1.873230475866e-06       4.084056486047e+00 
       1.894921462479e-06       4.129778610955e+00 
       1.916863618880e-06       4.176012614339e+00 
       1.939059853477e-06       4.222764227131e+00 
       1.961513108358e-06       4.270039244430e+00 
       1.984226359676e-06       4.317843526234e+00 
       2.007202618049e-06       4.366182998154e+00 
       2.030444928956e-06       4.415063652155e+00 
       2.053956373138e-06       4.464491547243e+00 
       2.077740067012e-06       4.514472810201e+00 
       2.101799163082e-06       4.565013636642e+00 
       2.126136850355e-06       4.616120291507e+00 
       2.150756354763e-06       4.667799109885e+00 
       2.175660939598e-06       4.720056497792e+00 
       2.200853905933e-06       4.772898932966e+00 
       2.226338593069e-06       4.826332965865e+00 
       2.252118378975e-06       4.880365219377e+00 
       2.278196680732e-06       4.935002390503e+00 
       2.304576954992e-06       4.990251254553e+00 
       2.331262698430e-06       5.046118658615e+00 
       2.358257448215e-06       5.102611526722e+00 
       2.385564782469e-06       5.159736864976e+00 
       2.413188320752e-06       5.217501752569e+00 
       2.441131724533e-06       5.275913349662e+00 
       2.469398697679e-06       5.334978898295e+00 
       2.497992986948e-06       5.394705720285e+00 
       2.526918382482e-06       5.455101218704e+00 
       2.556178718311e-06       5.516172880206e+00 
       2.585777872860e-06       5.577928275727e+00 
       2.615719769465e-06       5.640375060813e+00 
       2.646008376892e-06       5.703520976636e+00 
       2.676647709863e-06       5.767373850825e+00 
       2.707641829590e-06       5.831941597840e+00 
       2.738994844307e-06       5.897232224086e+00 
       2.770710909825e-06       5.963253822054e+00 
       2.802794230073e-06       6.030014576128e+00 
       2.835249057660e-06       6.097522762415e+00 
       2.868079694439e-06       6.165786749726e+00 
       2.901290492074e-06       6.234815000596e+00 
       2.934885852622e-06       6.304616072340e+00 
       2.968870229110e-06       6.375198618074e+00 
       3.003248126132e-06       6.446571387827e+00 
       3.038024100439e-06       6.518743229642e+00 
       3.073202761551e-06       6.591723090668e+00 
       3.108788772360e-06       6.665520018266e+00 
       3.144786849753e-06       6.740143161134e+00 
       3.181201765237e-06       6.815601770437e+00 
       3.218038345569e-06       6.891905200965e+00 
       3.255301473398e-06       6.969062912288e+00 
       3.292996087911e-06       7.047084469935e+00 
       3.331127185489e-06       7.125979546580e+00 
       3.369699820368e-06       7.205757923251e+00 
       3.408719105307e-06       7.286429490536e+00 
       3.448190212272e-06       7.368004249815e+00 
       3.488118373114e-06       7.450492314503e+00 
       3.528508880269e-06       7.533903911306e+00 
       3.569367087454e-06       7.618249381492e+00 
       3.610698410380e-06       7.703539182151e+00 
       3.652508327469e-06       7.789783887572e+00 
       3.694802380581e-06       7.876994190498e+00 
       3.737586175746e-06       7.965180903426e+00 
       3.780865383910e-06       8.054354959992e+00 
       3.824645741686e-06       8.144527416329e+00 
       3.868933052112e-06       8.235709452441e+00 
       3.913733185424e-06       8.327912373590e+00 
       3.959052079830e-06       8.421147611705e+00 
       4.004895742301e-06       8.515426726797e+00 
       4.051270249365e-06       8.610761408399e+00 
       4.098181747912e-06       8.707163477017e+00 
       4.145636456010e-06       8.804644885821e+00 
       4.193640663731e-06       8.903217721695e+00 
       4.242200733979e-06       9.002894206339e+00 
       4.291323103339e-06       9.103686698648e+00 
       4.341014282929e-06       9.205607697848e+00 
       4.391280859260e-06       9.308669841836e+00 
       4.442129495112e-06       9.412885907888e+00 
       4.493566930417e-06       9.518268820006e+00 
       4.545599983152e-06       9.624831646715e+00 
       4.598235550240e-06       9.732587602535e+00 
       4.651480608471e-06       9.841550045797e+00 
       4.705342215417e-06       9.951732488255e+00 
       4.759827510378e-06       1.006314859801e+01 
       4.814943715319e-06       1.017581218688e+01 
       4.870698135835e-06       1.028973722711e+01 
       4.927098162112e-06       1.040493784909e+01 
       4.984151269915e-06       1.052142833305e+01 
       5.041865021569e-06       1.063922313317e+01 
       5.100247066971e-06       1.075833685134e+01 
       5.159305144597e-06       1.087878426101e+01 
       5.219047082532e-06       1.100058030185e+01 
       5.279480799504e-06       1.112374007909e+01 
       5.340614305938e-06       1.124827886535e+01 
       5.402455705013e-06       1.137421210549e+01 
       5.465013193741e-06       1.150155541858e+01 
       5.528295064047e-06       1.163032459899e+01 
       5.592309703877e-06       1.176053561805e+01 
       5.657065598300e-06       1.189220462591e+01 
       5.722571330641e-06       1.202534795368e+01 
       5.788835583613e-06       1.215998211549e+01 
       5.855867140471e-06       1.229612381079e+01 
       5.923674886177e-06       1.243378992632e+01 
       5.992267808572e-06       1.257299753820e+01 
       6.061654999574e-06       1.271376391406e+01 
       6.131845656381e-06       1.285610651508e+01 
       6.202849082688e-06       1.300004299878e+01 
       6.274674689922e-06       1.314559122017e+01 
       6.347331998489e-06       1.329276923482e+01 
       6.420830639038e-06       1.344159530085e+01 
       6.495180353734e-06       1.359208788116e+01 
       6.570390997549e-06       1.374426564577e+01 
       6.646472539575e-06       1.389814747419e+01 
       6.723435064337e-06       1.405375245777e+01 
       6.801288773134e-06       1.421109990206e+01 
       6.880043985391e-06       1.437020932927e+01 
       6.959711140026e-06       1.453110048063e+01 
       7.040300796834e-06       1.469379331898e+01 
       7.121823637887e-06       1.485830803116e+01 
       7.204290468948e-06       1.502466503059e+01 
       7.287712220909e-06       1.519288495984e+01 
       7.372099951230e-06       1.536298869317e+01 
       7.457464845415e-06       1.553499733918e+01 
       7.543818218487e-06       1.570893224347e+01 
       7.631171516493e-06       1.588481499124e+01 
       7.719536318018e-06       1.606266741028e+01 
       7.808924335720e-06       1.624251157347e+01 
       7.899347417884e-06       1.642436980076e+01 
       7.990817549993e-06       1.660826466248e+01 
       8.083346856312e-06       1.679421898427e+01 
       8.176947601501e-06       1.698225584894e+01 
       8.271632192239e-06       1.717239859462e+01 
       8.367413178863e-06       1.736467082382e+01 
       8.464303257042e-06       1.755909640568e+01 
       8.562315269449e-06       1.775569947619e+01 
       8.661462207470e-06       1.795450444125e+01 
       8.761757212925e-06       1.815553598116e+01 
       8.863213579809e-06       1.835881905804e+01 
       8.965844756052e-06       1.856437890713e+01 
       9.069664345306e-06       1.877224105020e+01 
       9.174686108745e-06       1.898243130564e+01 
       9.280923966890e-06       1.919497576809e+01 
       9.388392001454e-06       1.940990082844e+01 
       9.497104457209e-06       1.962723317933e+01 
       9.607075743873e-06       1.984699981310e+01 
       9.718320438020e-06       2.006922802210e+01 
       9.830853285015e-06       2.029394540645e+01 
       9.944689200965e-06       2.052117987786e+01 
       1.005984327470e-05       2.075095966224e+01 
       1.017633076976e-05       2.098331330292e+01 
       1.029416712644e-05       2.121826966464e+01 
       1.041336796382e-05       2.145585793670e+01 
       1.053394908185e-05       2.169610763660e+01 
       1.065592646342e-05       2.193904861412e+01 
       1.077931627650e-05       2.218471105519e+01 
       1.090413487628e-05       2.243312548579e+01 
       1.103039880732e-05       2.268432277544e+01 
       1.115812480578e-05       2.293833414183e+01 
       1.128732980159e-05       2.319519115420e+01 
       1.141803092075e-05       2.345492573728e+01 
       1.155024548753e-05       2.371757017561e+01 
       1.168399102685e-05       2.398315711770e+01 
       1.181928526652e-05       2.425171957994e+01 
       1.195614613964e-05       2.452329095088e+01 
       1.209459178699e-05       2.479790499557e+01 
       1.223464055938e-05       2.507559585984e+01 
       1.237631102013e-05       2.535639807469e+01 
       1.251962194749e-05       2.564034656024e+01 
       1.266459233718e-05       2.592747663116e+01 
       1.281124140487e-05       2.621782400061e+01 
       1.295958858873e-05       2.651142478491e+01 
       1.310965355202e-05       2.680831550790e+01 
       1.326145618569e-05       2.710853310647e+01 
       1.341501661101e-05       2.741211493474e+01 
       1.357035518225e-05       2.771909876328e+01 
       1.372749248938e-05       2.802952279563e+01 
       1.388644936076e-05       2.834342566959e+01 
       1.404724686597e-05       2.866084645747e+01 
       1.420990631853e-05       2.898182466305e+01 
       1.437444927878e-05       2.930640024571e+01 
       1.454089755672e-05       2.963461362193e+01 
       1.470927321487e-05       2.996650566232e+01 
       1.487959857126e-05       3.030211769684e+01 
       1.505189620232e-05       3.064149150656e+01 
       1.522618894592e-05       3.098466937978e+01 
       1.540249990437e-05       3.133169406996e+01 
       1.558085244750e-05       3.168260880457e+01 
       1.576127021575e-05       3.203745730506e+01 
       1.594377712329e-05       3.239628379274e+01 
       1.612839736122e-05       3.275913299045e+01 
       1.631515540075e-05       3.312605012677e+01 
       1.650407599646e-05       3.349708094256e+01 
       1.669518418956e-05       3.387227169792e+01 
       1.688850531124e-05       3.425166917791e+01 
       1.708406498601e-05       3.463532069887e+01 
       1.728188913509e-05       3.502327411460e+01 
       1.748200397986e-05       3.541557782264e+01 
       1.768443604531e-05       3.581228077035e+01 
       1.788921216361e-05       3.621343246202e+01 
       1.809635947761e-05       3.661908296465e+01 
       1.830590544445e-05       3.702928291422e+01 
       1.851787783923e-05       3.744408352345e+01 
       1.873230475866e-05       3.786353658833e+01 
       1.894921462479e-05       3.828769449449e+01 
       1.916863618880e-05       3.871661022428e+01 
       1.939059853477e-05       3.915033736403e+01 
       1.961513108358e-05       3.958893011101e+01 
       1.984226359676e-05       4.003244328086e+01 
       2.007202618050e-05       4.048093231485e+01 
       2.030444928956e-05       4.093445328669e+01 
       2.053956373138e-05       4.139306291096e+01 
       2.077740067012e-05       4.185681855026e+01 
       2.101799163082e-05       4.232577822234e+01 
       2.126136850355e-05       4.280000060999e+01 
       2.150756354764e-05       4.327954506747e+01 
       2.175660939598e-05       4.376447162777e+01 
       2.200853905933e-05       4.425484101125e+01 
       2.226338593069e-05       4.475071463238e+01 
       2.252118378975e-05       4.525215461047e+01 
       2.278196680732e-05       4.575922378104e+01 
       2.304576954992e-05       4.627198570064e+01 
       2.331262698430e-05       4.679050465945e+01 
       2.358257448215e-05       4.731484566951e+01 
       2.385564782469e-05       4.784507449646e+01 
       2.413188320752e-05       4.838125767804e+01 
       2.441131724533e-05       4.892346251473e+01 
       2.469398697679e-05       4.947175706976e+01 
       2.497992986948e-05       5.002621018938e+01 
       2.526918382482e-05       5.058689151979e+01 
       2.556178718311e-05       5.115387151366e+01 
       2.585777872860e-05       5.172722143691e+01 
       2.615719769465e-05       5.230701337823e+01 
       2.646008376892e-05       5.289332025979e+01 
       2.676647709863e-05       5.348621584729e+01 
       2.707641829590e-05       5.408577476013e+01 
       2.738994844308e-05       5.469207248282e+01 
       2.770710909825e-05       5.530518537520e+01 
       2.802794230073e-05       5.592519068350e+01 
       2.835249057660e-05       5.655216655124e+01 
       2.868079694439e-05       5.718619203060e+01 
       2.901290492074e-05       5.782734709323e+01 
       2.934885852622e-05       5.847571264209e+01 
       2.968870229110e-05       5.913137052330e+01 
       3.003248126132e-05       5.979440353788e+01 
       3.038024100439e-05       6.046489545203e+01 
       3.073202761551e-05       6.114293101186e+01 
       3.108788772360e-05       6.182859595500e+01 
       3.144786849753e-05       6.252197702307e+01 
       3.181201765237e-05       6.322316197516e+01 
       3.218038345569e-05       6.393223959667e+01 
       3.255301473398e-05       6.464929971559e+01 
       3.292996087911e-05       6.537443321675e+01 
       3.331127185489e-05       6.610773205611e+01 
       3.369699820368e-05       6.684928927092e+01 
       3.408719105307e-05       6.759919899505e+01 
       3.448190212272e-05       6.835755647431e+01 
       3.488118373114e-05       6.912445807451e+01 
       3.528508880269e-05       6.990000130682e+01 
       3.569367087454e-05       7.068428483962e+01 
       3.610698410380e-05       7.147740850999e+01 
       3.652508327469e-05       7.227947333544e+01 
       3.694802380581e-05       7.309058153444e+01 
       3.737586175746e-05       7.391083654285e+01 
       3.780865383911e-05       7.474034303009e+01 
       3.824645741686e-05       7.557920691449e+01 
       3.868933052113e-05       7.642753537843e+01 
       3.913733185424e-05       7.728543688653e+01 
       3.959052079830e-05       7.815302120223e+01 
       4.004895742301e-05       7.903039940573e+01 
       4.051270249365e-05       7.991768391084e+01 
       4.098181747912e-05       8.081498848315e+01 
       4.145636456010e-05       8.172242825872e+01 
       4.193640663731e-05       8.264011976041e+01 
       4.242200733979e-05       8.356818092088e+01 
       4.291323103340e-05       8.450673109820e+01 
       4.341014282929e-05       8.545589109537e+01 
       4.391280859260e-05       8.641578318165e+01 
       4.442129495112e-05       8.738653111244e+01 
       4.493566930417e-05       8.836826015210e+01 
       4.545599983152e-05       8.936109709262e+01 
       4.598235550240e-05       9.036517026935e+01 
       4.651480608471e-05       9.138060958868e+01 
       4.705342215417e-05       9.240754654909e+01 
       4.759827510378e-05       9.344611426334e+01 
       4.814943715319e-05       9.449644748212e+01 
       4.870698135835e-05       9.555868261734e+01 
       4.927098162112e-05       9.663295775942e+01 
       4.984151269915e-05       9.771941270553e+01 
       5.041865021569e-05       9.881818898822e+01 
       5.100247066971e-05       9.992942989390e+01 
       5.159305144597e-05       1.010532804871e+02 
       5.219047082532e-05       1.021898876546e+02 
       5.279480799504e-05       1.033394001006e+02 
       5.340614305938e-05       1.045019683803e+02 
       5.402455705014e-05       1.056777449526e+02 
       5.465013193741e-05       1.068668841826e+02 
       5.528295064048e-05       1.080695423790e+02 
       5.592309703877e-05       1.092858777656e+02 
       5.657065598300e-05       1.105160507281e+02 
       5.722571330641e-05       1.117602235243e+02 
       5.788835583613e-05       1.130185605073e+02 
       5.855867140472e-05       1.142912281341e+02 
       5.923674886177e-05       1.155783949740e+02 
       5.992267808572e-05       1.168802317532e+02 
       6.061654999574e-05       1.181969113826e+02 
       6.131845656381e-05       1.195286089885e+02 
       6.202849082688e-05       1.208755019478e+02 
       6.274674689922e-05       1.222377699275e+02 
       6.347331998490e-05       1.236155948922e+02 
       6.420830639038e-05       1.250091607567e+02 
       6.495180353734e-05       1.264186550663e+02 
       6.570390997550e-05       1.278442665796e+02 
       6.646472539575e-05       1.292861869122e+02 
       6.723435064337e-05       1.307446101794e+02 
       6.801288773134e-05       1.322197330303e+02 
       6.880043985391e-05       1.337117547012e+02 
       6.959711140026e-05       1.352208770513e+02 
       7.040300796834e-05       1.367473045981e+02 
       7.121823637887e-05       1.382912446270e+02 
       7.204290468949e-05       1.398529069755e+02 
       7.287712220909e-05       1.414325044754e+02 
       7.372099951230e-05       1.430302526739e+02 
       7.457464845415e-05       1.446463700495e+02 
       7.543818218487e-05       1.462810779783e+02 
       7.631171516493e-05       1.479346007964e+02 
       7.719536318018e-05       1.496071658590e+02 
       7.808924335720e-05       1.512990035786e+02 
       7.899347417884e-05       1.530103475052e+02 
       7.990817549993e-05       1.547414343323e+02 
       8.083346856312e-05       1.564925039564e+02 
       8.176947601502e-05       1.582637995684e+02 
       8.271632192239e-05       1.600555676292e+02 
       8.367413178864e-05       1.618680579752e+02 
       8.464303257042e-05       1.637015238616e+02 
       8.562315269449e-05       1.655562220252e+02 
       8.661462207470e-05       1.674324127409e+02 
       8.761757212925e-05       1.693303598861e+02 
       8.863213579809e-05       1.712503309598e+02 
       8.965844756052e-05       1.731925971411e+02 
       9.069664345306e-05       1.751574333916e+02 
       9.174686108745e-05       1.771451185089e+02 
       9.280923966890e-05       1.791559351649e+02 
       9.388392001454e-05       1.811901699799e+02 
       9.497104457209e-05       1.832481135730e+02 
       9.607075743873e-05       1.853300606357e+02 
       9.718320438020e-05       1.874363100029e+02 
       9.830853285016e-05       1.895671647053e+02 
       9.944689200965e-05       1.917229320380e+02 
       1.005984327470e-04       1.939039236618e+02 
       1.017633076976e-04       1.961104556298e+02 
       1.029416712644e-04       1.983428484611e+02 
       1.041336796382e-04       2.006014272237e+02 
       1.053394908185e-04       2.028865215866e+02 
       1.065592646342e-04       2.051984659180e+02 
       1.077931627650e-04       2.075375993448e+02 
       1.090413487628e-04       2.099042658297e+02 
       1.103039880732e-04       2.122988142339e+02 
       1.115812480578e-04       2.147215984027e+02 
       1.128732980160e-04       2.171729772444e+02 
       1.141803092075e-04       2.196533147878e+02 
       1.155024548753e-04       2.221629802756e+02 
       1.168399102685e-04       2.247023482449e+02 
       1.181928526652e-04       2.272717985886e+02 
       1.195614613964e-04       2.298717166370e+02 
       1.209459178699e-04       2.325024932612e+02 
       1.223464055938e-04       2.351645249247e+02 
       1.237631102013e-04       2.378582137611e+02 
       1.251962194749e-04       2.405839676629e+02 
       1.266459233718e-04       2.433422003540e+02 
       1.281124140487e-04       2.461333314804e+02 
       1.295958858873e-04       2.489577866903e+02 
       1.310965355202e-04       2.518159977019e+02 
       1.326145618569e-04       2.547084023895e+02 
       1.341501661101e-04       2.576354448545e+02 
       1.357035518226e-04       2.605975755102e+02 
       1.372749248938e-04       2.635952511499e+02 
       1.388644936076e-04       2.666289350455e+02 
       1.404724686597e-04       2.696990970053e+02 
       1.420990631853e-04       2.728062134690e+02 
       1.437444927878e-04       2.759507675585e+02 
       1.454089755672e-04       2.791332491400e+02 
       1.470927321487e-04       2.823541549173e+02 
       1.487959857126e-04       2.856139885083e+02 
       1.505189620232e-04       2.889132604911e+02 
       1.522618894592e-04       2.922524884830e+02 
       1.540249990437e-04       2.956321972132e+02 
       1.558085244751e-04       2.990529185665e+02 
       1.576127021575e-04       3.025151916447e+02 
       1.594377712329e-04       3.060195628265e+02 
       1.612839736122e-04       3.095665858127e+02 
       1.631515540075e-04       3.131568216804e+02 
       1.650407599646e-04       3.167908389302e+02 
       1.669518418956e-04       3.204692135284e+02 
       1.688850531124e-04       3.241925289369e+02 
       1.708406498601e-04       3.279613761686e+02 
       1.728188913509e-04       3.317763537887e+02 
       1.748200397986e-04       3.356380679502e+02 
       1.768443604531e-04       3.395471324031e+02 
       1.788921216361e-04       3.435041685195e+02 
       1.809635947761e-04       3.475098052987e+02 
       1.830590544445e-04       3.515646793447e+02 
       1.851787783923e-04       3.556694348890e+02 
       1.873230475866e-04       3.598247237641e+02 
       1.894921462479e-04       3.640312053842e+02 
       1.916863618880e-04       3.682895467139e+02 
       1.939059853477e-04       3.726004222251e+02 
       1.961513108358e-04       3.769645138441e+02 
       1.984226359676e-04       3.813825109251e+02 
       2.007202618050e-04       3.858551101615e+02 
       2.030444928956e-04       3.903830155103e+02 
       2.053956373138e-04       3.949669381161e+02 
       2.077740067012e-04       3.996075962243e+02 
       2.101799163082e-04       4.043057150430e+02 
       2.126136850355e-04       4.090620266315e+02 
       2.150756354764e-04       4.138772698035e+02 
       2.175660939598e-04       4.187521899417e+02 
       2.200853905933e-04       4.236875388616e+02 
       2.226338593069e-04       4.286840746248e+02 
       2.252118378975e-04       4.337425613692e+02 
       2.278196680732e-04       4.388637691116e+02 
       2.304576954992e-04       4.440484735380e+02 
       2.331262698430e-04       4.492974557531e+02 
       2.358257448215e-04       4.546115020526e+02 
       2.385564782469e-04       4.599914036616e+02 
       2.413188320752e-04       4.654379564369e+02 
       2.441131724533e-04       4.709519605891e+02 
       2.469398697679e-04       4.765342203854e+02 
       2.497992986948e-04       4.821855438211e+02 
       2.526918382482e-04       4.879067422736e+02 
       2.556178718311e-04       4.936986301158e+02 
       2.585777872860e-04       4.995620243015e+02 
       2.615719769465e-04       5.054977440499e+02 
       2.646008376892e-04       5.115066104050e+02 
       2.676647709863e-04       5.175894457825e+02 
       2.707641829590e-04       5.237470735194e+02 
       2.738994844308e-04       5.299803173723e+02 
       2.770710909825e-04       5.362900010393e+02 
       2.802794230073e-04       5.426769476315e+02 
       2.835249057660e-04       5.491419792060e+02 
       2.868079694439e-04       5.556859161900e+02 
       2.901290492074e-04       5.623095767999e+02 
       2.934885852622e-04       5.690137764793e+02 
       2.968870229110e-04       5.757993272657e+02 
       3.003248126132e-04       5.826670371293e+02 
       3.038024100439e-04       5.896177094227e+02 
       3.073202761551e-04       5.966521422146e+02 
       3.108788772360e-04       6.037711276213e+02 
       3.144786849753e-04       6.109754510945e+02 
       3.181201765237e-04       6.182658907407e+02 
       3.218038345569e-04       6.256432166237e+02 
       3.255301473398e-04       6.331081900500e+02 
       3.292996087911e-04       6.406615628310e+02 
       3.331127185489e-04       6.483040765468e+02 
       3.369699820368e-04       6.560364617880e+02 
       3.408719105307e-04       6.638594374031e+02 
       3.448190212272e-04       6.717737097701e+02 
       3.488118373114e-04       6.797799720096e+02 
       3.528508880269e-04       6.878789032221e+02 
       3.569367087454e-04       6.960711677130e+02 
       3.610698410380e-04       7.043574142674e+02 
       3.652508327469e-04       7.127382753504e+02 
       3.694802380581e-04       7.212143663673e+02 
       3.737586175746e-04       7.297862849260e+02 
       3.780865383911e-04       7.384546100965e+02 
       3.824645741686e-04       7.472199016697e+02 
       3.868933052113e-04       7.560826994882e+02 
       3.913733185424e-04       7.650435225907e+02 
       3.959052079830e-04       7.741028690499e+02 
       4.004895742301e-04       7.832612146317e+02 
       4.051270249365e-04       7.925190123929e+02 
       4.098181747912e-04       8.018766927340e+02 
       4.145636456010e-04       8.113346615615e+02 
       4.193640663731e-04       8.208933009024e+02 
       4.242200733979e-04       8.305529678812e+02 
       4.291323103340e-04       8.403139943583e+02 
       4.341014282929e-04       8.501766864790e+02 
       4.391280859260e-04       8.601413243185e+02 
       4.442129495112e-04       8.702081615440e+02 
       4.493566930417e-04       8.803774251738e+02 
       4.545599983152e-04       8.906493152779e+02 
       4.598235550241e-04       9.010240048814e+02 
       4.651480608471e-04       9.115016398127e+02 
       4.705342215417e-04       9.220823386292e+02 
       4.759827510378e-04       9.327661926344e+02 
       4.814943715319e-04       9.435532659776e+02 
       4.870698135835e-04       9.544435957695e+02 
       4.927098162113e-04       9.654371922990e+02 
       4.984151269915e-04       9.765340392745e+02 
       5.041865021569e-04       9.877340942248e+02 
       5.100247066971e-04       9.990372888768e+02 
       5.159305144597e-04       1.010443529704e+03 
       5.219047082532e-04       1.021952698486e+03 
       5.279480799504e-04       1.033564652928e+03 
       5.340614305938e-04       1.045279227383e+03 
       5.402455705014e-04       1.057096233696e+03 
       5.465013193741e-04       1.069015462157e+03 
       5.528295064048e-04       1.081036682463e+03 
       5.592309703877e-04       1.093159644704e+03 
       5.657065598300e-04       1.105384080514e+03 
       5.722571330641e-04       1.117709704111e+03 
       5.788835583613e-04       1.130136213664e+03 
       5.855867140472e-04       1.142663292973e+03 
       5.923674886177e-04       1.155290612726e+03 
       5.992267808572e-04       1.168017832222e+03 
       6.061654999574e-04       1.180844599625e+03 
       6.131845656381e-04       1.193770555778e+03 
       6.202849082688e-04       1.206795334008e+03 
       6.274674689922e-04       1.219918563497e+03 
       6.347331998490e-04       1.233139869647e+03 
       6.420830639038e-04       1.246458876842e+03 
       6.495180353734e-04       1.259875210479e+03 
       6.570390997550e-04       1.273388498116e+03 
       6.646472539575e-04       1.286998372723e+03 
       6.723435064337e-04       1.300704473793e+03 
       6.801288773134e-04       1.314506449477e+03 
       6.880043985391e-04       1.328403959710e+03 
       6.959711140026e-04       1.342396677102e+03 
       7.040300796834e-04       1.356484289965e+03 
       7.121823637887e-04       1.370666504258e+03 
       7.204290468949e-04       1.384943045643e+03 
       7.287712220909e-04       1.399313662029e+03 
       7.372099951230e-04       1.413778125579e+03 
       7.457464845415e-04       1.428336234793e+03 
       7.543818218487e-04       1.442987816955e+03 
       7.631171516493e-04       1.457732729980e+03 
       7.719536318018e-04       1.472570864912e+03 
       7.808924335720e-04       1.487502147722e+03 
       7.899347417884e-04       1.502526541516e+03 
       7.990817549993e-04       1.517644048338e+03 
       8.083346856312e-04       1.532854711469e+03 
       8.176947601502e-04       1.548158617124e+03 
       8.271632192239e-04       1.563555896175e+03 
       8.367413178864e-04       1.579046726074e+03 
       8.464303257042e-04       1.594631332642e+03 
       8.562315269449e-04       1.610309991372e+03 
       8.661462207470e-04       1.626083029145e+03 
       8.761757212925e-04       1.641950825550e+03 
       8.863213579809e-04       1.657913814434e+03 
       8.965844756052e-04       1.673972484717e+03 
       9.069664345306e-04       1.690127382197e+03 
       9.174686108745e-04       1.706379109755e+03 
       9.280923966890e-04       1.722728329069e+03 
       9.388392001454e-04       1.739175760068e+03 
       9.497104457209e-04       1.755722183588e+03 
       9.607075743873e-04       1.772368440189e+03 
       9.718320438021e-04       1.789115431578e+03 
       9.830853285016e-04       1.805964120201e+03 
       9.944689200965e-04       1.822915529976e+03 
       1.005984327470e-03       1.839970746344e+03 
       1.017633076976e-03       1.857130915433e+03 
       1.029416712644e-03       1.874397244669e+03 
       1.041336796382e-03       1.891771002055e+03 
       1.053394908185e-03       1.909253515936e+03 
       1.065592646342e-03       1.926846174039e+03 
       1.077931627650e-03       1.944550422943e+03 
       1.090413487628e-03       1.962367767400e+03 
       1.103039880732e-03       1.980299768912e+03 
       1.115812480578e-03       1.998348045254e+03 
       1.128732980160e-03       2.016514268736e+03 
       1.141803092075e-03       2.034800164976e+03 
       1.155024548753e-03       2.053207511927e+03 
       1.168399102685e-03       2.071738137918e+03 
       1.181928526652e-03       2.090393919451e+03 
       1.195614613964e-03       2.109176781719e+03 
       1.209459178699e-03       2.128088693430e+03 
       1.223464055938e-03       2.147131667639e+03 
       1.237631102013e-03       2.166307758516e+03 
       1.251962194749e-03       2.185619060438e+03 
       1.266459233718e-03       2.205067703890e+03 
       1.281124140487e-03       2.224655854519e+03 
       1.295958858873e-03       2.244385712514e+03 
       1.310965355202e-03       2.264259505360e+03 
       1.326145618569e-03       2.284279492660e+03 
       1.341501661101e-03       2.304447957576e+03 
       1.357035518226e-03       2.324767206662e+03 
       1.372749248938e-03       2.345239568563e+03 
       1.388644936076e-03       2.365867390207e+03 
       1.404724686597e-03       2.386653034486e+03 
       1.420990631853e-03       2.407598878831e+03 
       1.437444927878e-03       2.428707311189e+03 
       1.454089755672e-03       2.449980729575e+03 
       1.470927321487e-03       2.471421536705e+03 
       1.487959857126e-03       2.493032141234e+03 
       1.505189620232e-03       2.514814952740e+03 
       1.522618894592e-03       2.536772380320e+03 
       1.540249990437e-03       2.558906829956e+03 
       1.558085244751e-03       2.581220702931e+03 
       1.576127021575e-03       2.603716392215e+03 
       1.594377712329e-03       2.626396282438e+03 
       1.612839736122e-03       2.649262744818e+03 
       1.631515540075e-03       2.672318138432e+03 
       1.650407599646e-03       2.695564804550e+03 
       1.669518418956e-03       2.719005067852e+03 
       1.688850531124e-03       2.742641231877e+03 
       1.708406498601e-03       2.766475579103e+03 
       1.728188913509e-03       2.790510368149e+03 
       1.748200397986e-03       2.814747831171e+03 
       1.768443604531e-03       2.839190174005e+03 
       1.788921216361e-03       2.863839572668e+03 
       1.809635947761e-03       2.888698172623e+03 
       1.830590544445e-03       2.913768087197e+03 
       1.851787783923e-03       2.939051395471e+03 
       1.873230475866e-03       2.964550141235e+03 
       1.894921462479e-03       2.990266330399e+03 
       1.916863618880e-03       3.016201931869e+03 
       1.939059853477e-03       3.042358873905e+03 
       1.961513108358e-03       3.068739043772e+03 
       1.984226359676e-03       3.095344286313e+03 
       2.007202618050e-03       3.122176402379e+03 
       2.030444928956e-03       3.149237148408e+03 
       2.053956373138e-03       3.176528234141e+03 
       2.077740067012e-03       3.204051322451e+03 
       2.101799163082e-03       3.231808027639e+03 
       2.126136850355e-03       3.259799914319e+03 
       2.150756354764e-03       3.288028497398e+03 
       2.175660939598e-03       3.316495239414e+03 
       2.200853905933e-03       3.345201550636e+03 
       2.226338593069e-03       3.374148788290e+03 
       2.252118378975e-03       3.403338254948e+03 
       2.278196680732e-03       3.432771198341e+03 
       2.304576954992e-03       3.462448809712e+03 
       2.331262698430e-03       3.492372223497e+03 
       2.358257448215e-03       3.522542516543e+03 
       2.385564782469e-03       3.552960707032e+03 
       2.413188320752e-03       3.583627753760e+03 
       2.441131724533e-03       3.614544555160e+03 
       2.469398697679e-03       3.645711949179e+03 
       2.497992986948e-03       3.677130711135e+03 
       2.526918382482e-03       3.708801553875e+03 
       2.556178718311e-03       3.740725126702e+03 
       2.585777872860e-03       3.772902014452e+03 
       2.615719769465e-03       3.805332736456e+03 
       2.646008376892e-03       3.838017746075e+03 
       2.676647709863e-03       3.870957428484e+03 
       2.707641829590e-03       3.904152101334e+03 
       2.738994844308e-03       3.937602012369e+03 
       2.770710909825e-03       3.971307338940e+03 
       2.802794230073e-03       4.005268186620e+03 
       2.835249057660e-03       4.039484588625e+03 
       2.868079694439e-03       4.073956459166e+03 
       2.901290492074e-03       4.108683576453e+03 
       2.934885852622e-03       4.143665897779e+03 
       2.968870229110e-03       4.178903153304e+03 
       3.003248126132e-03       4.214394994896e+03 
       3.038024100440e-03       4.250140994543e+03 
       3.073202761551e-03       4.286140643475e+03 
       3.108788772360e-03       4.322393350644e+03 
       3.144786849753e-03       4.358898441897e+03 
       3.181201765237e-03       4.395655158685e+03 
       3.218038345569e-03       4.432662656362e+03 
       3.255301473398e-03       4.469920004236e+03 
       3.292996087911e-03       4.507426183784e+03 
       3.331127185489e-03       4.545180085831e+03 
       3.369699820368e-03       4.583180512250e+03 
       3.408719105307e-03       4.621426173251e+03 
       3.448190212272e-03       4.659915685040e+03 
       3.488118373114e-03       4.698647571335e+03 
       3.528508880269e-03       4.737620258697e+03 
       3.569367087454e-03       4.776832077062e+03 
       3.610698410380e-03       4.816281258240e+03 
       3.652508327469e-03       4.855965934847e+03 
       3.694802380581e-03       4.895884137135e+03 
       3.737586175746e-03       4.936033793692e+03 
       3.780865383911e-03       4.976412729091e+03 
       3.824645741686e-03       5.017018661731e+03 
       3.868933052113e-03       5.057849205089e+03 
       3.913733185424e-03       5.098901863527e+03 
       3.959052079830e-03       5.140174032550e+03 
       4.004895742301e-03       5.181662997581e+03 
       4.051270249365e-03       5.223365931638e+03 
       4.098181747912e-03       5.265279894791e+03 
       4.145636456011e-03       5.307401832968e+03 
       4.193640663731e-03       5.349728575594e+03 
       4.242200733979e-03       5.392256835951e+03 
       4.291323103340e-03       5.434983207250e+03 
       4.341014282929e-03       5.477904163615e+03 
       4.391280859260e-03       5.521016056104e+03 
       4.442129495112e-03       5.564315111819e+03 
       4.493566930417e-03       5.607797432814e+03 
       4.545599983152e-03       5.651458991862e+03 
       4.598235550241e-03       5.695295632911e+03 
       4.651480608471e-03       5.739303068354e+03 
       4.705342215417e-03       5.783476875685e+03 
       4.759827510378e-03       5.827812498019e+03 
       4.814943715319e-03       5.872305241032e+03 
       4.870698135835e-03       5.916950270226e+03 
       4.927098162113e-03       5.961742611412e+03 
       4.984151269915e-03       6.006677146616e+03 
       5.041865021569e-03       6.051748613727e+03 
       5.100247066971e-03       6.096951604313e+03 
       5.159305144597e-03       6.142280561054e+03 
       5.219047082532e-03       6.187729776869e+03 
       5.279480799504e-03       6.233293392732e+03 
       5.340614305938e-03       6.278965395732e+03 
       5.402455705014e-03       6.324739618409e+03 
       5.465013193741e-03       6.370609735894e+03 
       5.528295064048e-03       6.416569266001e+03 
       5.592309703877e-03       6.462611566905e+03 
       5.657065598300e-03       6.508729837020e+03 
       5.722571330641e-03       6.554917114233e+03 
       5.788835583613e-03       6.601166272894e+03 
       5.855867140472e-03       6.647470025203e+03 
       5.923674886177e-03       6.693820917187e+03 
       5.992267808572e-03       6.740211331892e+03 
       6.061654999574e-03       6.786633482642e+03 
       6.131845656381e-03       6.833079414794e+03 
       6.202849082688e-03       6.879541002879e+03 
       6.274674689922e-03       6.926009947862e+03 
       6.347331998490e-03       6.972477777300e+03 
       6.420830639039e-03       7.018935841870e+03 
       6.495180353734e-03       7.065375313460e+03 
       6.570390997550e-03       7.111787183718e+03 
       6.646472539576e-03       7.158162262307e+03 
       6.723435064337e-03       7.204491173465e+03 
       6.801288773134e-03       7.250764355682e+03 
       6.880043985391e-03       7.296972059589e+03 
       6.959711140026e-03       7.343104342631e+03 
       7.040300796834e-03       7.389151071562e+03 
       7.121823637887e-03       7.435101921660e+03 
       7.204290468949e-03       7.480946370260e+03 
       7.287712220909e-03       7.526673701746e+03 
       7.372099951230e-03       7.572273007497e+03 
       7.457464845415e-03       7.617733180665e+03 
       7.543818218487e-03       7.663042922830e+03 
       7.631171516493e-03       7.708190741318e+03 
       7.719536318018e-03       7.753164946930e+03 
       7.808924335720e-03       7.797953658730e+03 
       7.899347417884e-03       7.842544801609e+03 
       7.990817549993e-03       7.886926103867e+03 
       8.083346856312e-03       7.931085098717e+03 
       8.176947601502e-03       7.975009124877e+03 
       8.271632192239e-03       8.018685324540e+03 
       8.367413178864e-03       8.062100639380e+03 
       8.464303257042e-03       8.105241814233e+03 
       8.562315269449e-03       8.148095390555e+03 
       8.661462207470e-03       8.190647708776e+03 
       8.761757212926e-03       8.232884904428e+03 
       8.863213579809e-03       8.274792908886e+03 
       8.965844756052e-03       8.316357449816e+03 
       9.069664345306e-03       8.357564053485e+03 
       9.174686108745e-03       8.398398043558e+03 
       9.280923966890e-03       8.438844548493e+03 
       9.388392001455e-03       8.478888500392e+03 
       9.497104457209e-03       8.518514640247e+03 
       9.607075743873e-03       8.557707521674e+03 
       9.718320438021e-03       8.596451511825e+03 
       9.830853285016e-03       8.634730798171e+03 
       9.944689200965e-03       8.672529388697e+03 
       1.005984327470e-02       8.709831116165e+03 
       1.017633076976e-02       8.746619635668e+03 
       1.029416712644e-02       8.782878426728e+03 
       1.041336796382e-02       8.818590801110e+03 
       1.053394908185e-02       8.853739890617e+03 
       1.065592646342e-02       8.888308659689e+03 
       1.077931627650e-02       8.922279904488e+03 
       1.090413487628e-02       8.955636259561e+03 
       1.103039880732e-02       8.988360201584e+03 
       1.115812480578e-02       9.020434058702e+03 
       1.128732980160e-02       9.051840018317e+03 
       1.141803092075e-02       9.082560135793e+03 
       1.155024548753e-02       9.112576344089e+03 
       1.168399102685e-02       9.141870466228e+03 
       1.181928526652e-02       9.170424219284e+03 
       1.195614613964e-02       9.198219223535e+03 
       1.209459178699e-02       9.225237007395e+03 
       1.223464055938e-02       9.251459015244e+03 
       1.237631102013e-02       9.276866611778e+03 
       1.251962194749e-02       9.301441090706e+03 
       1.266459233718e-02       9.325163682235e+03 
       1.281124140487e-02       9.348015564530e+03 
       1.295958858873e-02       9.369977875580e+03 
       1.310965355202e-02       9.391031732373e+03 
       1.326145618569e-02       9.411158245215e+03 
       1.341501661101e-02       9.430338537676e+03 
       1.357035518226e-02       9.448553764296e+03 
       1.372749248938e-02       9.465785126402e+03 
       1.388644936077e-02       9.482013886953e+03 
       1.404724686597e-02       9.497221384475e+03 
       1.420990631854e-02       9.511389048005e+03 
       1.437444927880e-02       9.524498408935e+03 
       1.454089755674e-02       9.536531118452e+03 
       1.470927321492e-02       9.547468965762e+03 
       1.487959857133e-02       9.557293902234e+03 
       1.505189620242e-02       9.565988067376e+03 
       1.522618894608e-02       9.573533817102e+03 
       1.540249990461e-02       9.579913750456e+03 
       1.558085244786e-02       9.585110739115e+03 
       1.576127021629e-02       9.589107950020e+03 
       1.594377712411e-02       9.591888872777e+03 
       1.612839736244e-02       9.593437335827e+03 
       1.631515540256e-02       9.593737534007e+03 
       1.650407599914e-02       9.592774053782e+03 
       1.669518419351e-02       9.590531903494e+03 
       1.688850531703e-02       9.586996546849e+03 
       1.708406499444e-02       9.582153942096e+03 
       1.728188914731e-02       9.575990561683e+03 
       1.748200399748e-02       9.568493478555e+03 
       1.768443607061e-02       9.559650356547e+03 
       1.788921219976e-02       9.549449503795e+03 
       1.809635952902e-02       9.537879886216e+03 
       1.830590551722e-02       9.524931168740e+03 
       1.851787794176e-02       9.510593754208e+03 
       1.873230490245e-02       9.494858800699e+03 
       1.894921482553e-02       9.477718310266e+03 
       1.916863646776e-02       9.459165139662e+03 
       1.939059892071e-02       9.439193058361e+03 
       1.961513161516e-02       9.417796769964e+03 
       1.984226432574e-02       9.394971982293e+03 
       2.007202717584e-02       9.370715418001e+03 
       2.030445064278e-02       9.345024844406e+03 
       2.053956556334e-02       9.317899150569e+03 
       2.077740313978e-02       9.289338339860e+03 
       2.101799494632e-02       9.259343638941e+03 
       2.126137293627e-02       9.227917476030e+03 
       2.150756944997e-02       9.195063589627e+03 
       2.175661722351e-02       9.160786994559e+03 
       2.200854939871e-02       9.125094080925e+03 
       2.226339953419e-02       9.087992585823e+03 
       2.252120161813e-02       9.049491682661e+03 
       2.278199008273e-02       9.009601985430e+03 
       2.304579982079e-02       8.968335588369e+03 
       2.331266620483e-02       8.925706132368e+03 
       2.358262510900e-02       8.881728790099e+03 
       2.385571293440e-02       8.836420304658e+03 
       2.413196663825e-02       8.789798991373e+03 
       2.441142376746e-02       8.741884808117e+03 
       2.469412249734e-02       8.692699381346e+03 
       2.498010167610e-02       8.642265979067e+03 
       2.526940087585e-02       8.590609240967e+03 
       2.556206045114e-02       8.537755685541e+03 
       2.585812160573e-02       8.483733456620e+03 
       2.615762646880e-02       8.428572340843e+03 
       2.646061818146e-02       8.372303737419e+03 
       2.676714099487e-02       8.314960650615e+03 
       2.707724038105e-02       8.256577672826e+03 
       2.739096315770e-02       8.197190948024e+03 
       2.770835762829e-02       8.136838119259e+03 
       2.802947373891e-02       8.075558298333e+03 
       2.835436325311e-02       8.013392001519e+03 
       2.868307994641e-02       7.950381109280e+03 
       2.901567982170e-02       7.886568787659e+03 
       2.935222134738e-02       7.821999421070e+03 
       2.969276571945e-02       7.756718552658e+03 
       3.003737714930e-02       7.690772732687e+03 
       3.038612317871e-02       7.624209501651e+03 
       3.073907502366e-02       7.557077278425e+03 
       3.109630794849e-02       7.489425214287e+03 
       3.145790167203e-02       7.421303146991e+03 
       3.182394080738e-02       7.352761468610e+03 
       3.219451533686e-02       7.283850931369e+03 
       3.256972112406e-02       7.214622681140e+03 
       3.294966046446e-02       7.145128035392e+03 
       3.333444267678e-02       7.075418411702e+03 
       3.372418473674e-02       7.005545155371e+03 
       3.411901195563e-02       6.935559489350e+03 
       3.451905870577e-02       6.865512347678e+03 
       3.492446919553e-02       6.795454280499e+03 
       3.533539829665e-02       6.725435363216e+03 
       3.575201242706e-02       6.655505046505e+03 
       3.617449049271e-02       6.585712076432e+03 
       3.660302489231e-02       6.516104390701e+03 
       3.703782258957e-02       6.446729010283e+03 
       3.747910625796e-02       6.377631967738e+03 
       3.792711550364e-02       6.308858183379e+03 
       3.838210817307e-02       6.240451401634e+03 
       3.884436175252e-02       6.172454097630e+03 
       3.931417486750e-02       6.104907380148e+03 
       3.979186889131e-02       6.037850901326e+03 
       4.027778967285e-02       5.971322738080e+03 
       4.077230939470e-02       5.905359310397e+03 
       4.127582857432e-02       5.839995237023e+03 
       4.178877822184e-02       5.775263204281e+03 
       4.231162216973e-02       5.711193785963e+03 
       4.284485959104e-02       5.647815262673e+03 
       4.338902772416e-02       5.585153359294e+03 
       4.394470482412e-02       5.523230976342e+03 
       4.451251336146e-02       5.462067833113e+03 
       4.509312349195e-02       5.401680050521e+03 
       4.568725682144e-02       5.342079630278e+03 
       4.629569049207e-02       5.283273849000e+03 
       4.691926161701e-02       5.225264506496e+03 
       4.755887209227e-02       5.168047028266e+03 
       4.821549381448e-02       5.111609403937e+03 
       4.889017433379e-02       5.055930903095e+03 
       4.958404297013e-02       5.000980560884e+03 
       5.029831741949e-02       4.946715393603e+03 
       5.103431087328e-02       4.893078304007e+03 
       5.179343966902e-02       4.839995635622e+03 
       5.257723148266e-02       4.787374365356e+03 
       5.338733406252e-02       4.735098865103e+03 
       5.422552448983e-02       4.683018463385e+03 
       5.509371893159e-02       4.630975135838e+03 
       5.599398282611e-02       4.578755389797e+03 
       5.692854140867e-02       4.526112910941e+03 
       5.789979044426e-02       4.472754731439e+03 
       5.891030698308e-02       4.418342463062e+03 
       5.996285989334e-02       4.362482221304e+03 
       6.106041985254e-02       4.304720139967e+03 
       6.220616839347e-02       4.244548791951e+03 
       6.340350550582e-02       4.181402377848e+03 
       6.465605519048e-02       4.114659147612e+03 
       6.596766825739e-02       4.043661544811e+03 
       6.734242155652e-02       3.967718657175e+03 
       6.878461274831e-02       3.886159726977e+03 
       7.029874967038e-02       3.798342142549e+03 
       7.188953336441e-02       3.703718500349e+03 
       7.356183391423e-02       3.601897383893e+03 
       7.532065844275e-02       3.492713455341e+03 
       7.717111094400e-02       3.376307860686e+03 
       7.911834410683e-02       3.253208103164e+03 
       8.116750391724e-02       3.124392607258e+03 
       8.332366858585e-02       2.991331042971e+03 
       8.559178417920e-02       2.855978517308e+03 
       8.797660014899e-02       2.720728513284e+03 
       9.048260863227e-02       2.588265709793e+03 
       9.311399180293e-02       2.461374529884e+03 
       9.587458156569e-02       2.342683563316e+03 
       9.876783541468e-02       2.234361024944e+03 
       1.017968313183e-01       2.137803837747e+03 
       1.049642831170e-01       2.053360922868e+03 
       1.082725762951e-01       1.980129600273e+03 
       1.117238223300e-01       1.915892764021e+03 
       1.153199283735e-01       1.857229860468e+03 
       1.190626779680e-01       1.799892892914e+03 
       1.229538179652e-01       1.739446807232e+03 
       1.269951468153e-01       1.672121228289e+03 
       1.311885998534e-01       1.595715427013e+03 
       1.355363279852e-01       1.510293943933e+03 
       1.400407671119e-01       1.418381897206e+03 
       1.447046965695e-01       1.324524644517e+03 
       1.495312856734e-01       1.234214371300e+03 
       1.545241280829e-01       1.152545435779e+03 
       1.596872640972e-01       1.082900195045e+03 
       1.650251911654e-01       1.026117393578e+03 
       1.705428628739e-01       9.802555327524e+02 
       1.762456764959e-01       9.410850912311e+02 
       1.821394488949e-01       9.032893374773e+02 
       1.882303802138e-01       8.621662928244e+02 
       1.945250043821e-01       8.153311717700e+02 
       2.010301250882e-01       7.636286990381e+02 
       2.077527355133e-01       7.106714332918e+02 
       2.146999198665e-01       6.611070422020e+02 
       2.218787346366e-01       6.184541711240e+02 
       2.292960675491e-01       5.835689902686e+02 
       2.369584725616e-01       5.544302226913e+02 
       2.448719799192e-01       5.273236453614e+02 
       2.530418814148e-01       4.989249306421e+02 
       2.614724926183e-01       4.681534833585e+02 
       2.701668960041e-01       4.365694207922e+02 
       2.791266715867e-01       4.069859376915e+02 
       2.883516247735e-01       3.813596762824e+02 
       2.978395244188e-01       3.595458901604e+02 
       3.075858671520e-01       3.397315568432e+02 
       3.175836864347e-01       3.200562240358e+02 
       3.278234258833e-01       3.000454831837e+02 
       3.382928955722e-01       2.806584346297e+02 
       3.489773268439e-01       2.630895240864e+02 
       3.598595354551e-01       2.476269643404e+02 
       3.709201949565e-01       2.335944519769e+02 
       3.821382128425e-01       2.201859797402e+02 
       3.934911924299e-01       2.071995162484e+02 
       4.049559550839e-01       1.949865927695e+02 
       4.165090916567e-01       1.838846617992e+02 
       4.281275097831e-01       1.738459749404e+02 
       4.397889452876e-01       1.645670445855e+02 
       4.514724109757e-01       1.558221386457e+02 
       4.631585635401e-01       1.476035162517e+02 
       4.748299778900e-01       1.399987880150e+02 
       4.864713266243e-01       1.330249203997e+02 
       4.980694695689e-01       1.265969890286e+02 
       5.096134636446e-01       1.206082256023e+02 
       5.210945066169e-01       1.150022541304e+02 
       5.325058296360e-01       1.097695464817e+02 
       5.438425532599e-01       1.049070245026e+02 
       5.551015203390e-01       1.003896256919e+02 
       5.662811171630e-01       9.617527902200e+01 
       5.773810920289e-01       9.222556164602e+01 
       5.884023781595e-01       8.851653837649e+01 
       5.993469258713e-01       8.503426437084e+01 
       6.102175471633e-01       8.176592920806e+01 
       6.210177744963e-01       7.869452570105e+01 
       6.317517344678e-01       7.580091328551e+01 
       6.424240362965e-01       7.306783816950e+01 
       6.530396744996e-01       7.048213529813e+01 
       6.636039447972e-01       6.803380162034e+01 
       6.741223720875e-01       6.571361040556e+01 
       6.846006492519e-01       6.351196815762e+01 
       6.950445855427e-01       6.141926279114e+01 
       7.054600633545e-01       5.942686987049e+01 
       7.158530022548e-01       5.752744586924e+01 
       7.262293292507e-01       5.571456557658e+01 
       7.365949543677e-01       5.398238638607e+01 
       7.469557507254e-01       5.232551401845e+01 
       7.573175383950e-01       5.073893255530e+01 
       7.676860714158e-01       4.921786042276e+01 
       7.780670274390e-01       4.775786064603e+01 
       7.884659995405e-01       4.635509103214e+01 
       7.988884898184e-01       4.500621229064e+01 
       8.093399044473e-01       4.370810012636e+01 
       8.198255499196e-01       4.245771046588e+01 
       8.303506302474e-01       4.125219395027e+01 
       8.409202449400e-01       4.008904898408e+01 
       8.515393876063e-01       3.896603723996e+01 
       8.622129450610e-01       3.788105135460e+01 
       8.729456968384e-01       3.683209161063e+01 
       8.837423150394e-01       3.581732502100e+01 
       8.946073644544e-01       3.483510234938e+01 
       9.055453029211e-01       3.388389358535e+01 
       9.165604818868e-01       3.296224365192e+01 
       9.276571471565e-01       3.206877696318e+01 
       9.388394398146e-01       3.120222912577e+01 
       9.501113973166e-01       3.036144717488e+01 
       9.614769547485e-01       2.954536394017e+01 
       9.729399462584e-01       2.875296961975e+01 
       9.845041066639e-01       2.798330401107e+01 
       9.961730732424e-01       2.723546284687e+01 
       1.007950387709e+00       2.650860469022e+01 
       1.019839498390e+00       2.580195058402e+01 
       1.031843762588e+00       2.511477661452e+01 
       1.043966449156e+00       2.444640547252e+01 
       1.056210741259e+00       2.379619947564e+01 
       1.068579739340e+00       2.316355662289e+01 
       1.081076464270e+00       2.254790825155e+01 
       1.093703860682e+00       2.194871738807e+01 
       1.106464800471e+00       2.136547631980e+01 
       1.119362086450e+00       2.079770372598e+01 
       1.132398456146e+00       2.024494139432e+01 
       1.145576585709e+00       1.970675121733e+01 
       1.158899093923e+00       1.918271293793e+01 
       1.172368546287e+00       1.867242251508e+01 
       1.185987459155e+00       1.817549077788e+01 
       1.199758303897e+00       1.769154255421e+01 
       1.213683511062e+00       1.722021597043e+01 
       1.227765474530e+00       1.676116251753e+01 
       1.242006555608e+00       1.631404670707e+01 
       1.256409087069e+00       1.587854684280e+01 
       1.270975377100e+00       1.545435448828e+01 
       1.285707713153e+00       1.504117379569e+01 
       1.300608365662e+00       1.463872012211e+01 
       1.315679591637e+00       1.424671833040e+01 
       1.330923638102e+00       1.386490157320e+01 
       1.346342745376e+00       1.349301151616e+01 
       1.361939150196e+00       1.313079979219e+01 
       1.377715088657e+00       1.277802828551e+01 
       1.393672798994e+00       1.243446488999e+01 
       1.409814524176e+00       1.209987584140e+01 
       1.426142514338e+00       1.177402371191e+01 
       1.442659029038e+00       1.145667827527e+01 
       1.459366339353e+00       1.114762755251e+01 
       1.476266729809e+00       1.084666677330e+01 
       1.493362500170e+00       1.055357960048e+01 
       1.510655967070e+00       1.026815418474e+01 
       1.528149465521e+00       9.990208988302e+00 
       1.545845350283e+00       9.719563380175e+00 
       1.563745997131e+00       9.456018165643e+00 
       1.581853803997e+00       9.199404181793e+00 
       1.600171192031e+00       8.949561233251e+00 
       1.618700606557e+00       8.706300249798e+00 
       1.637444517961e+00       8.469468433776e+00 
       1.656405422496e+00       8.238902340530e+00 
       1.675585843039e+00       8.014427381251e+00 
       1.694988329770e+00       7.795904864528e+00 
       1.714615460825e+00       7.583159255577e+00 
       1.734469842889e+00       7.376059414222e+00 
       1.754554111765e+00       7.174444014346e+00 
       1.774870932898e+00       6.978187204427e+00 
       1.795423001891e+00       6.787140256847e+00 
       1.816213044982e+00       6.601185735720e+00 
       1.837243819514e+00       6.420180592944e+00 
       1.858518114387e+00       6.244014414332e+00 
       1.880038750496e+00       6.072549398417e+00 
       1.901808581165e+00       5.905672444881e+00 
       1.923830492572e+00       5.743262169897e+00 
       1.946107404167e+00       5.585194628842e+00 
       1.968642269093e+00       5.431364961062e+00 
       1.991438074595e+00       5.281658306656e+00 
       2.014497842443e+00       5.135964773001e+00 
       2.037824629343e+00       4.994186737455e+00 
       2.061421527353e+00       4.856224247162e+00 
       2.085291664307e+00       4.721975658191e+00 
       2.109438204232e+00       4.591345019647e+00 
       2.133864347775e+00       4.464239937677e+00 
       2.158573332630e+00       4.340567906327e+00 
       2.183568433974e+00       4.220236991839e+00 
       2.208852964900e+00       4.103157968204e+00 
       2.234430276859e+00       3.989245201400e+00 
       2.260303760106e+00       3.878416322353e+00 
       2.286476844150e+00       3.770591537514e+00 
       2.312952998212e+00       3.665692990750e+00 
       2.339735731679e+00       3.563644297835e+00 
       2.366828594578e+00       3.464370343271e+00 
       2.394235178038e+00       3.367797361043e+00 
       2.421959114776e+00       3.273853231884e+00 
       2.450004079569e+00       3.182467822290e+00 
       2.478373789748e+00       3.093573194869e+00 
       2.507072005687e+00       3.007103643445e+00 
       2.536102531304e+00       2.922995610558e+00 
       2.565469214564e+00       2.841187430995e+00 
       2.595175947990e+00       2.761618571915e+00 
       2.625226669177e+00       2.684228671976e+00 
       2.655625361314e+00       2.608958184732e+00 
       2.686376053717e+00       2.535750940102e+00 
       2.717482822356e+00       2.464553372802e+00 
       2.748949790400e+00       2.395310517054e+00 
       2.780781128761e+00       2.327969928460e+00 
       2.812981056648e+00       2.262483338189e+00 
       2.845553842127e+00       2.198798608861e+00 
       2.878503802686e+00       2.136868703079e+00 
       2.911835305807e+00       2.076646007547e+00 
       2.945552769542e+00       2.018084154867e+00 
       2.979660663107e+00       1.961139296762e+00 
       3.014163507466e+00       1.905767745510e+00 
       3.049065875933e+00       1.851927013780e+00 
       3.084372394778e+00       1.799577003850e+00 
       3.120087743844e+00       1.748675630773e+00 
       3.156216657161e+00       1.699185092240e+00 
       3.192763923577e+00       1.651067109565e+00 
       3.229734387392e+00       1.604283763466e+00 
       3.267132949003e+00       1.558799527256e+00 
       3.304964565547e+00       1.514579657756e+00 
       3.343234251564e+00       1.471589630531e+00 
       3.381947079660e+00       1.429795776626e+00 
       3.421108181179e+00       1.389165562324e+00 
       3.460722746881e+00       1.349667461592e+00 
       3.500796027634e+00       1.311270785765e+00 
       3.541333335110e+00       1.273945588118e+00 
       3.582340042483e+00       1.237662640126e+00 
       3.623821585148e+00       1.202393449841e+00 
       3.665783461439e+00       1.168110296813e+00 
       3.708231233358e+00       1.134786246193e+00 
       3.751170527309e+00       1.102395195880e+00 
       3.794607034852e+00       1.070911796102e+00 
       3.838546513446e+00       1.040311090495e+00 
       3.882994787223e+00       1.010568499735e+00 
       3.927957747753e+00       9.816607529234e-01 
       3.973441354828e+00       9.535652932818e-01 
       4.019451637250e+00       9.262591189378e-01 
       4.065994693634e+00       8.997211593769e-01 
       4.113076693210e+00       8.739298453042e-01 
       4.160703876646e+00       8.488649210732e-01 
       4.208882556875e+00       8.245060514591e-01 
       4.257619119927e+00       8.008342367902e-01 
       4.306920025783e+00       7.778299627608e-01 
       4.356791809222e+00       7.554751665171e-01 
       4.407241080697e+00       7.337519299168e-01 
       4.458274527203e+00       7.126425554421e-01 
       4.509898913169e+00       6.921300892040e-01 
       4.562121081351e+00       6.721980866302e-01 
       4.614947953741e+00       6.528304691417e-01 
       4.668386532483e+00       6.340115632342e-01 
       4.722443900803e+00       6.157261277974e-01 
       4.777127223948e+00       5.979593446067e-01 
       4.832443750131e+00       5.806968108432e-01 
       4.888400811499e+00       5.639245083864e-01 
       4.945005825100e+00       5.476287524155e-01 
       5.002266293867e+00       5.317962028651e-01 
       5.060189807612e+00       5.164140304858e-01 
       5.118784044036e+00       5.014697858456e-01 
       5.178056769740e+00       4.869510113404e-01 
       5.238015841260e+00       4.728459861084e-01 
       5.298669206107e+00       4.591430996034e-01 
       5.360024903817e+00       4.458310984573e-01 
       5.422091067023e+00       4.328990083846e-01 
       5.484875922527e+00       4.203363167183e-01 
       5.548387792393e+00       4.081324934230e-01 
       5.612635095051e+00       3.962775596191e-01 
       5.677626346412e+00       3.847617698815e-01 
       5.743370160995e+00       3.735755635637e-01 
       5.809875253072e+00       3.627096614015e-01 
       5.877150437820e+00       3.521550589953e-01 
       5.945204632494e+00       3.419029988288e-01 
       6.014046857601e+00       3.319449627021e-01 
       6.083686238106e+00       3.222726758944e-01 
       6.154132004631e+00       3.128781111393e-01 
       6.225393494688e+00       3.037534234242e-01 
       6.297480153910e+00       2.948909240809e-01 
       6.370401537305e+00       2.862832954870e-01 
       6.444167310523e+00       2.779233081966e-01 
       6.518787251139e+00       2.698039382625e-01 
       6.594271249943e+00       2.619183973543e-01 
       6.670629312259e+00       2.542600918862e-01 
       6.747871559265e+00       2.468225150338e-01 
       6.826008229338e+00       2.395994578843e-01 
       6.905049679407e+00       2.325848454755e-01 
       6.985006386332e+00       2.257727480273e-01 
       7.065888948287e+00       2.191574095871e-01 
       7.147708086170e+00       2.127332403071e-01 
       7.230474645017e+00       2.064948112083e-01 
       7.314199595446e+00       2.004368507391e-01 
       7.398894035109e+00       1.945542124869e-01 
       7.484569190163e+00       1.888418723400e-01 
       7.571236416755e+00       1.832950324467e-01 
       7.658907202534e+00       1.779089356539e-01 
       7.747593168166e+00       1.726790234386e-01 
       7.837306068881e+00       1.676008022891e-01 
       7.928057796027e+00       1.626699852591e-01 
       8.019860378646e+00       1.578823380242e-01 
       8.112725985071e+00       1.532337608751e-01 
       8.206666924538e+00       1.487202823296e-01 
       8.301695648817e+00       1.443380378284e-01 
       8.397824753862e+00       1.400832668302e-01 
       8.495066981482e+00       1.359523124988e-01 
       8.593435221029e+00       1.319416369423e-01 
       8.692942511106e+00       1.280477981427e-01 
       8.793602041298e+00       1.242674095288e-01 
       8.895427153915e+00       1.205972561251e-01 
       8.998431345766e+00       1.170341232858e-01 
       9.102628269945e+00       1.135749784850e-01 
       9.208031737642e+00       1.102168202536e-01 
       9.314655719971e+00       1.069567348642e-01 
       9.422514349827e+00       1.037919064417e-01 
       9.531621923754e+00       1.007195789827e-01 
       9.641992903843e+00       9.773709318947e-02 
       9.753641919648e+00       9.484186616769e-02 
       9.866583770123e+00       9.203138085610e-02 
       9.980833425591e+00       8.930317604821e-02 
       1.009640602972e+01       8.665489875457e-02 
       1.021331690153e+01       8.408421981134e-02 
       1.033158153743e+01       8.158890496222e-02 
       1.045121561328e+01       7.916677899638e-02 
       1.057223498643e+01       7.681572068382e-02 
       1.069465569788e+01       7.453367249351e-02 
       1.081849397436e+01       7.231863838710e-02 
       1.094376623050e+01       7.016867863289e-02 
       1.107048907099e+01       6.808189715334e-02 
       1.119867929283e+01       6.605647420177e-02 
       1.132835388747e+01       6.409061888713e-02 
       1.145953004315e+01       6.218261338052e-02 
       1.159222514712e+01       6.033077035344e-02 
       1.172645678799e+01       5.853345863568e-02 
       1.186224275799e+01       5.678909422785e-02 
       1.199960105543e+01       5.509613611044e-02 
       1.213854988699e+01       5.345308972790e-02 
       1.227910767019e+01       5.185850792768e-02 
       1.242129303580e+01       5.031097036719e-02 
       1.256512483036e+01       4.880911382403e-02 
       1.271062211860e+01       4.735160250991e-02 
       1.285780418604e+01       4.593714392743e-02 
       1.300669054150e+01       4.456448276495e-02 
       1.315730091969e+01       4.323239894107e-02 
       1.330965528388e+01       4.193970633183e-02 
       1.346377382845e+01       4.068525938515e-02 
       1.361967698166e+01       3.946793421280e-02 
       1.377738540831e+01       3.828665152353e-02 
       1.393692001246e+01       3.714035259566e-02 
       1.409830194027e+01       3.602801514288e-02 
       1.426155258273e+01       3.494864554831e-02 
       1.442669357854e+01       3.390127689920e-02 
       1.459374681695e+01       3.288497006957e-02 
       1.476273444070e+01       3.189882112446e-02 
       1.493367884891e+01       3.094194146088e-02 
       1.510660270007e+01       3.001347709916e-02 
       1.528152891506e+01       2.911258649815e-02 
       1.545848068015e+01       2.823846412567e-02 
       1.563748145012e+01       2.739032353293e-02 
       1.581855495131e+01       2.656739970866e-02 
       1.600172518482e+01       2.576895523145e-02 
       1.618701642968e+01       2.499426652413e-02 
       1.637445324603e+01       2.424263617547e-02 
       1.656406047843e+01       2.351338616150e-02 
       1.675586325909e+01       2.280585719220e-02 
       1.694988701129e+01       2.211940819528e-02 
       1.714615745265e+01       2.145342083038e-02 
       1.734470059860e+01       2.080728923129e-02 
       1.754554276583e+01       2.018042918234e-02 
       1.774871057576e+01       1.957227232061e-02 
       1.795423095804e+01       1.898226676033e-02 
       1.816213115419e+01       1.840987535636e-02 
       1.837243872115e+01       1.785457969573e-02 
       1.858518153497e+01       1.731587300403e-02 
       1.880038779446e+01       1.679326610571e-02 
       1.901808602500e+01       1.628628298840e-02 
       1.923830508224e+01       1.579446104076e-02 
       1.946107415597e+01       1.531735142905e-02 
       1.968642277401e+01       1.485451933641e-02 
       1.991438080606e+01       1.440554189345e-02 
       2.014497846772e+01       1.397000827686e-02 
       2.037824632446e+01       1.354752057235e-02 
       2.061421529567e+01       1.313769191797e-02 
       2.085291665879e+01       1.274014675507e-02 
       2.109438205342e+01       1.235452059067e-02 
       2.133864348555e+01       1.198046008727e-02 
       2.158573333176e+01       1.161762144444e-02 
       2.183568434354e+01       1.126567184584e-02 
       2.208852965163e+01       1.092428736925e-02 
       2.234430277040e+01       1.059315447458e-02 
       2.260303760230e+01       1.027196829513e-02 
       2.286476844235e+01       9.960432953105e-03 
       2.312952998269e+01       9.658261037685e-03 
       2.339735731718e+01       9.365174150594e-03 
       2.366828594604e+01       9.080901973342e-03 
       2.394235178056e+01       8.805181922117e-03 
       2.421959114788e+01       8.537758787640e-03 
       2.450004079577e+01       8.278385868868e-03 
       2.478373789753e+01       8.026822963714e-03 
       2.507072005690e+01       7.782837265608e-03 
       2.536102531306e+01       7.546202570785e-03 
       2.565469214566e+01       7.316699689403e-03 
       2.595175947991e+01       7.094115520066e-03 
       2.625226669177e+01       6.878243445030e-03 
       2.655625361315e+01       6.668883343193e-03 
       2.686376053718e+01       6.465840164146e-03 
       2.717482822356e+01       6.268925406322e-03 
       2.748949790400e+01       6.077955703011e-03 
       2.780781128761e+01       5.892753157492e-03 
       2.812981056648e+01       5.713145293001e-03 
       2.845553842127e+01       5.538964758896e-03 
       2.878503802686e+01       5.370048899553e-03 
       2.911835305807e+01       5.206240164291e-03 
       2.945552769542e+01       5.047385415537e-03 
       2.979660663108e+01       4.893336207278e-03 
       3.014163507466e+01       4.743948600764e-03 
