# Matter power spectrum P(k) at redshift z=0.5
# for k=1.04163e-05 to 30.15 h/Mpc,
# number of wavenumbers equal to 1161
#    1:k (h/Mpc)              2:P (Mpc/h)^3        
       1.041625872240e-05       2.797005564121e+01 
       1.053687331384e-05       2.828318684912e+01 
       1.065888455642e-05       2.859982083023e+01 
       1.078230862260e-05       2.892000181416e+01 
       1.090716187211e-05       2.924376261774e+01 
       1.103346085412e-05       2.957115290906e+01 
       1.116122230940e-05       2.990220460829e+01 
       1.129046317262e-05       3.023695858161e+01 
       1.142120057450e-05       3.057546867122e+01 
       1.155345184415e-05       3.091776723958e+01 
       1.168723451132e-05       3.126389382404e+01 
       1.182256630877e-05       3.161389483953e+01 
       1.195946517457e-05       3.196781693813e+01 
       1.209794925454e-05       3.232569418034e+01 
       1.223803690457e-05       3.268758307215e+01 
       1.237974669314e-05       3.305353200018e+01 
       1.252309740372e-05       3.342356768919e+01 
       1.266810803730e-05       3.379775237844e+01 
       1.281479781487e-05       3.417612240974e+01 
       1.296318618002e-05       3.455873267085e+01 
       1.311329280145e-05       3.494560833286e+01 
       1.326513757565e-05       3.533683628400e+01 
       1.341874062945e-05       3.573243333282e+01 
       1.357412232280e-05       3.613245896843e+01 
       1.373130325135e-05       3.653696921224e+01 
       1.389030424928e-05       3.694600088493e+01 
       1.405114639199e-05       3.735961810097e+01 
       1.421385099894e-05       3.777786140248e+01 
       1.437843963644e-05       3.820079241555e+01 
       1.454493412054e-05       3.862844494729e+01 
       1.471335651990e-05       3.906089733585e+01 
       1.488372915873e-05       3.949818719879e+01 
       1.505607461974e-05       3.994036628137e+01 
       1.523041574713e-05       4.038750498773e+01 
       1.540677564964e-05       4.083964537999e+01 
       1.558517770356e-05       4.129685125260e+01 
       1.576564555591e-05       4.175917050297e+01 
       1.594820312751e-05       4.222666418181e+01 
       1.613287461615e-05       4.269939546541e+01 
       1.631968449985e-05       4.317741516536e+01 
       1.650865754005e-05       4.366078810883e+01 
       1.669981878493e-05       4.414956192248e+01 
       1.689319357270e-05       4.464382692512e+01 
       1.708880753497e-05       4.514361619439e+01 
       1.728668660018e-05       4.564899159379e+01 
       1.748685699697e-05       4.616003806391e+01 
       1.768934525772e-05       4.667679504825e+01 
       1.789417822202e-05       4.719934128894e+01 
       1.810138304026e-05       4.772773481395e+01 
       1.831098717721e-05       4.826205262439e+01 
       1.852301841569e-05       4.880234202187e+01 
       1.873750486019e-05       4.934868810137e+01 
       1.895447494066e-05       4.990114963099e+01 
       1.917395741625e-05       5.045977767843e+01 
       1.939598137914e-05       5.102467420654e+01 
       1.962057625834e-05       5.159589418549e+01 
       1.984777182368e-05       5.217351066550e+01 
       2.007759818967e-05       5.275758622358e+01 
       2.031008581956e-05       5.334821640872e+01 
       2.054526552932e-05       5.394544106694e+01 
       2.078316849178e-05       5.454936255685e+01 
       2.102382624070e-05       5.516003163831e+01 
       2.126727067502e-05       5.577754985630e+01 
       2.151353406304e-05       5.640198150913e+01 
       2.176264904669e-05       5.703339214679e+01 
       2.201464864590e-05       5.767187737378e+01 
       2.226956626294e-05       5.831750833188e+01 
       2.252743568687e-05       5.897037011676e+01 
       2.278829109800e-05       5.963053959006e+01 
       2.305216707243e-05       6.029809637462e+01 
       2.331909858664e-05       6.097311855587e+01 
       2.358912102210e-05       6.165571082599e+01 
       2.386227017001e-05       6.234592211037e+01 
       2.413858223598e-05       6.304388837503e+01 
       2.441809384488e-05       6.374965930062e+01 
       2.470084204567e-05       6.446331145590e+01 
       2.498686431632e-05       6.518498578073e+01 
       2.527619856877e-05       6.591470398201e+01 
       2.556888315396e-05       6.665260718734e+01 
       2.586495686692e-05       6.739878771370e+01 
       2.616445895190e-05       6.815329013845e+01 
       2.646742910756e-05       6.891625188925e+01 
       2.677390749229e-05       6.968775679916e+01 
       2.708393472946e-05       7.046788237824e+01 
       2.739755191284e-05       7.125675482860e+01 
       2.771480061204e-05       7.205445987699e+01 
       2.803572287805e-05       7.286109712560e+01 
       2.836036124876e-05       7.367675701620e+01 
       2.868875875464e-05       7.450154718042e+01 
       2.902095892441e-05       7.533556978485e+01 
       2.935700579085e-05       7.617892159247e+01 
       2.969694389662e-05       7.703171951221e+01 
       3.004081830013e-05       7.789406388191e+01 
       3.038867458156e-05       7.876606093747e+01 
       3.074055884890e-05       7.964781931500e+01 
       3.109651774401e-05       8.053944637037e+01 
       3.145659844887e-05       8.144105505430e+01 
       3.182084869178e-05       8.235275514772e+01 
       3.218931675372e-05       8.327466020807e+01 
       3.256205147473e-05       8.420688374730e+01 
       3.293910226039e-05       8.514954256939e+01 
       3.332051908837e-05       8.610275006717e+01 
       3.370635251507e-05       8.706662983107e+01 
       3.409665368229e-05       8.804130063827e+01 
       3.449147432402e-05       8.902687921817e+01 
       3.489086677331e-05       9.002348776010e+01 
       3.529488396920e-05       9.103125271730e+01 
       3.570357946373e-05       9.205030234282e+01 
       3.611700742904e-05       9.308073793203e+01 
       3.653522266457e-05       9.412274026908e+01 
       3.695828060429e-05       9.517638034141e+01 
       3.738623732408e-05       9.624181990627e+01 
       3.781914954912e-05       9.731917579537e+01 
       3.825707466147e-05       9.840860453486e+01 
       3.870007070763e-05       9.951021741084e+01 
       3.914819640625e-05       1.006241605182e+02 
       3.960151115589e-05       1.017505806808e+02 
       4.006007504294e-05       1.028895950249e+02 
       4.052394884955e-05       1.040413704409e+02 
       4.099319406168e-05       1.052060394189e+02 
       4.146787287729e-05       1.063837281174e+02 
       4.194804821453e-05       1.075746078731e+02 
       4.243378372012e-05       1.087788129213e+02 
       4.292514377778e-05       1.099964947358e+02 
       4.342219351675e-05       1.112277974737e+02 
       4.392499882045e-05       1.124728874183e+02 
       4.443362633515e-05       1.137319167102e+02 
       4.494814347890e-05       1.150050401912e+02 
       4.546861845038e-05       1.162924016853e+02 
       4.599512023799e-05       1.175941717436e+02 
       4.652771862896e-05       1.189105110956e+02 
       4.706648421865e-05       1.202415708957e+02 
       4.761148841983e-05       1.215875426247e+02 
       4.816280347223e-05       1.229485642962e+02 
       4.872050245207e-05       1.243248479701e+02 
       4.928465928173e-05       1.257165024568e+02 
       4.985534873960e-05       1.271237276301e+02 
       5.043264646994e-05       1.285467243726e+02 
       5.101662899295e-05       1.299856359188e+02 
       5.160737371486e-05       1.314405999179e+02 
       5.220495893827e-05       1.329119361393e+02 
       5.280946387243e-05       1.343996696999e+02 
       5.342096864383e-05       1.359040940699e+02 
       5.403955430676e-05       1.374252906967e+02 
       5.466530285409e-05       1.389635702974e+02 
       5.529829722809e-05       1.405190698551e+02 
       5.593862133149e-05       1.420919610251e+02 
       5.658636003856e-05       1.436823987258e+02 
       5.724159920636e-05       1.452906755881e+02 
       5.790442568613e-05       1.469169500453e+02 
       5.857492733481e-05       1.485614465955e+02 
       5.925319302666e-05       1.502242873450e+02 
       5.993931266507e-05       1.519057519614e+02 
       6.063337719444e-05       1.536060731214e+02 
       6.133547861229e-05       1.553253512589e+02 
       6.204570998139e-05       1.570638985957e+02 
       6.276416544214e-05       1.588219153012e+02 
       6.349094022504e-05       1.605995728219e+02 
       6.422613066329e-05       1.623971370426e+02 
       6.496983420560e-05       1.642147638402e+02 
       6.572214942906e-05       1.660527613969e+02 
       6.648317605223e-05       1.679113345395e+02 
       6.725301494838e-05       1.697907009215e+02 
       6.803176815882e-05       1.716910690519e+02 
       6.881953890643e-05       1.736126890089e+02 
       6.961643160939e-05       1.755558300438e+02 
       7.042255189494e-05       1.775207005003e+02 
       7.123800661348e-05       1.795075325494e+02 
       7.206290385262e-05       1.815165716031e+02 
       7.289735295162e-05       1.835481110773e+02 
       7.374146451579e-05       1.856023932024e+02 
       7.459535043121e-05       1.876796617537e+02 
       7.545912387953e-05       1.897801329485e+02 
       7.633289935299e-05       1.919041189288e+02 
       7.721679266957e-05       1.940518395793e+02 
       7.811092098838e-05       1.962235872512e+02 
       7.901540282517e-05       1.984196299719e+02 
       7.993035806801e-05       2.006402187515e+02 
       8.085590799323e-05       2.028856404329e+02 
       8.179217528148e-05       2.051561985748e+02 
       8.273928403397e-05       2.074521239300e+02 
       8.369735978894e-05       2.097737370571e+02 
       8.466652953829e-05       2.121213189790e+02 
       8.564692174442e-05       2.144951477911e+02 
       8.663866635727e-05       2.168955142749e+02 
       8.764189483149e-05       2.193227226621e+02 
       8.865674014394e-05       2.217770663704e+02 
       8.968333681127e-05       2.242588516062e+02 
       9.072182090775e-05       2.267683748605e+02 
       9.177233008333e-05       2.293059653226e+02 
       9.283500358185e-05       2.318719252216e+02 
       9.390998225954e-05       2.344665673458e+02 
       9.499740860367e-05       2.370902118238e+02 
       9.609742675140e-05       2.397432044099e+02 
       9.721018250896e-05       2.424258358926e+02 
       9.833582337092e-05       2.451384564556e+02 
       9.947449853975e-05       2.478814020875e+02 
       1.006263589456e-04       2.506550091700e+02 
       1.017915572664e-04       2.534596026789e+02 
       1.029702479478e-04       2.562955425825e+02 
       1.041625872240e-04       2.591631757975e+02 
       1.053687331384e-04       2.620628656484e+02 
       1.065888455642e-04       2.649949438898e+02 
       1.078230862260e-04       2.679598256731e+02 
       1.090716187211e-04       2.709577796651e+02 
       1.103346085412e-04       2.739892805149e+02 
       1.116122230940e-04       2.770546321975e+02 
       1.129046317262e-04       2.801542207970e+02 
       1.142120057450e-04       2.832884344217e+02 
       1.155345184415e-04       2.864576909099e+02 
       1.168723451132e-04       2.896623267714e+02 
       1.182256630877e-04       2.929027650437e+02 
       1.195946517457e-04       2.961794018282e+02 
       1.209794925454e-04       2.994926531186e+02 
       1.223803690457e-04       3.028428918953e+02 
       1.237974669314e-04       3.062305325290e+02 
       1.252309740372e-04       3.096560392472e+02 
       1.266810803730e-04       3.131197532662e+02 
       1.281479781487e-04       3.166221501701e+02 
       1.296318618002e-04       3.201636757247e+02 
       1.311329280146e-04       3.237447218353e+02 
       1.326513757565e-04       3.273657743083e+02 
       1.341874062945e-04       3.310272422013e+02 
       1.357412232280e-04       3.347295544708e+02 
       1.373130325135e-04       3.384731987102e+02 
       1.389030424928e-04       3.422586338752e+02 
       1.405114639199e-04       3.460863206386e+02 
       1.421385099894e-04       3.499567109169e+02 
       1.437843963644e-04       3.538703076070e+02 
       1.454493412054e-04       3.578275573772e+02 
       1.471335651990e-04       3.618289575191e+02 
       1.488372915873e-04       3.658750263556e+02 
       1.505607461974e-04       3.699426463159e+02 
       1.523041574713e-04       3.740789213305e+02 
       1.540677564964e-04       3.782613003132e+02 
       1.558517770356e-04       3.824903232868e+02 
       1.576564555591e-04       3.867665415881e+02 
       1.594820312751e-04       3.910903938514e+02 
       1.613287461615e-04       3.954624496579e+02 
       1.631968449985e-04       3.998832322180e+02 
       1.650865754005e-04       4.043533062672e+02 
       1.669981878493e-04       4.088731745520e+02 
       1.689319357270e-04       4.134434386646e+02 
       1.708880753497e-04       4.180646089848e+02 
       1.728668660018e-04       4.227372682559e+02 
       1.748685699697e-04       4.274619940468e+02 
       1.768934525772e-04       4.322392997559e+02 
       1.789417822202e-04       4.370698439387e+02 
       1.810138304026e-04       4.419541860737e+02 
       1.831098717721e-04       4.468929054281e+02 
       1.852301841569e-04       4.518866096742e+02 
       1.873750486019e-04       4.569359214357e+02 
       1.895447494066e-04       4.620414049219e+02 
       1.917395741626e-04       4.672037220691e+02 
       1.939598137914e-04       4.724234067258e+02 
       1.962057625834e-04       4.777013028773e+02 
       1.984777182368e-04       4.830378150873e+02 
       2.007759818967e-04       4.884337052175e+02 
       2.031008581956e-04       4.938896346157e+02 
       2.054526552932e-04       4.994062153229e+02 
       2.078316849178e-04       5.049841284970e+02 
       2.102382624070e-04       5.106240696901e+02 
       2.126727067502e-04       5.163266499963e+02 
       2.151353406304e-04       5.220926263056e+02 
       2.176264904669e-04       5.279226406108e+02 
       2.201464864590e-04       5.338174325930e+02 
       2.226956626294e-04       5.397776986656e+02 
       2.252743568687e-04       5.458042086576e+02 
       2.278829109800e-04       5.518975664295e+02 
       2.305216707243e-04       5.580585799620e+02 
       2.331909858664e-04       5.642879836065e+02 
       2.358912102211e-04       5.705864909780e+02 
       2.386227017001e-04       5.769549396821e+02 
       2.413858223598e-04       5.833939801511e+02 
       2.441809384488e-04       5.899044264970e+02 
       2.470084204567e-04       5.964870564060e+02 
       2.498686431632e-04       6.031426828256e+02 
       2.527619856877e-04       6.098720967858e+02 
       2.556888315396e-04       6.166760529897e+02 
       2.586495686692e-04       6.235553485070e+02 
       2.616445895190e-04       6.305108844079e+02 
       2.646742910756e-04       6.375434247260e+02 
       2.677390749229e-04       6.446538180450e+02 
       2.708393472946e-04       6.518429064125e+02 
       2.739755191284e-04       6.591115403158e+02 
       2.771480061204e-04       6.664605785366e+02 
       2.803572287805e-04       6.738908869576e+02 
       2.836036124876e-04       6.814033387128e+02 
       2.868875875464e-04       6.889988239792e+02 
       2.902095892441e-04       6.966782486261e+02 
       2.935700579085e-04       7.044425128160e+02 
       2.969694389662e-04       7.122925336262e+02 
       3.004081830013e-04       7.202292010812e+02 
       3.038867458156e-04       7.282534647480e+02 
       3.074055884890e-04       7.363662772279e+02 
       3.109651774401e-04       7.445685611713e+02 
       3.145659844887e-04       7.528612971110e+02 
       3.182084869178e-04       7.612454500590e+02 
       3.218931675372e-04       7.697219800600e+02 
       3.256205147473e-04       7.782918825061e+02 
       3.293910226039e-04       7.869561689147e+02 
       3.332051908837e-04       7.957158214210e+02 
       3.370635251507e-04       8.045718694136e+02 
       3.409665368229e-04       8.135253324578e+02 
       3.449147432402e-04       8.225772379148e+02 
       3.489086677331e-04       8.317286572175e+02 
       3.529488396920e-04       8.409805978079e+02 
       3.570357946373e-04       8.503341519656e+02 
       3.611700742905e-04       8.597904018273e+02 
       3.653522266457e-04       8.693504265664e+02 
       3.695828060429e-04       8.790153057512e+02 
       3.738623732408e-04       8.887861515038e+02 
       3.781914954912e-04       8.986641017309e+02 
       3.825707466147e-04       9.086502400065e+02 
       3.870007070763e-04       9.187457554946e+02 
       3.914819640625e-04       9.289517348916e+02 
       3.960151115589e-04       9.392693458219e+02 
       4.006007504294e-04       9.496998010171e+02 
       4.052394884955e-04       9.602442377267e+02 
       4.099319406168e-04       9.709038647344e+02 
       4.146787287729e-04       9.816798629470e+02 
       4.194804821453e-04       9.925734387264e+02 
       4.243378372012e-04       1.003585841934e+03 
       4.292514377778e-04       1.014718275740e+03 
       4.342219351675e-04       1.025972007356e+03 
       4.392499882045e-04       1.037348246144e+03 
       4.443362633515e-04       1.048848317913e+03 
       4.494814347890e-04       1.060473416383e+03 
       4.546861845038e-04       1.072224912810e+03 
       4.599512023799e-04       1.084104071319e+03 
       4.652771862897e-04       1.096112153392e+03 
       4.706648421865e-04       1.108250544993e+03 
       4.761148841983e-04       1.120520565241e+03 
       4.816280347223e-04       1.132923513043e+03 
       4.872050245207e-04       1.145460777138e+03 
       4.928465928173e-04       1.158133721587e+03 
       4.985534873960e-04       1.170943713197e+03 
       5.043264646994e-04       1.183892150695e+03 
       5.101662899295e-04       1.196980403207e+03 
       5.160737371486e-04       1.210209919347e+03 
       5.220495893827e-04       1.223582084600e+03 
       5.280946387243e-04       1.237098362698e+03 
       5.342096864383e-04       1.250760171641e+03 
       5.403955430677e-04       1.264568973314e+03 
       5.466530285409e-04       1.278526263559e+03 
       5.529829722809e-04       1.292633476520e+03 
       5.593862133149e-04       1.306892138225e+03 
       5.658636003856e-04       1.321303733095e+03 
       5.724159920636e-04       1.335869757964e+03 
       5.790442568614e-04       1.350591783798e+03 
       5.857492733481e-04       1.365471323743e+03 
       5.925319302666e-04       1.380509908766e+03 
       5.993931266507e-04       1.395709114610e+03 
       6.063337719444e-04       1.411070536933e+03 
       6.133547861229e-04       1.426595716884e+03 
       6.204570998139e-04       1.442286252021e+03 
       6.276416544214e-04       1.458143786109e+03 
       6.349094022504e-04       1.474169902422e+03 
       6.422613066329e-04       1.490366225060e+03 
       6.496983420560e-04       1.506734449709e+03 
       6.572214942906e-04       1.523276148471e+03 
       6.648317605223e-04       1.539993072035e+03 
       6.725301494838e-04       1.556886797278e+03 
       6.803176815882e-04       1.573959121608e+03 
       6.881953890643e-04       1.591211687279e+03 
       6.961643160939e-04       1.608646202849e+03 
       7.042255189495e-04       1.626264367028e+03 
       7.123800661348e-04       1.644067980222e+03 
       7.206290385263e-04       1.662058722946e+03 
       7.289735295162e-04       1.680238402747e+03 
       7.374146451579e-04       1.698608734161e+03 
       7.459535043121e-04       1.717171532843e+03 
       7.545912387953e-04       1.735928531612e+03 
       7.633289935299e-04       1.754881551286e+03 
       7.721679266957e-04       1.774032466033e+03 
       7.811092098838e-04       1.793383073442e+03 
       7.901540282517e-04       1.812935147415e+03 
       7.993035806801e-04       1.832690574636e+03 
       8.085590799323e-04       1.852651159405e+03 
       8.179217528148e-04       1.872818880510e+03 
       8.273928403397e-04       1.893195485362e+03 
       8.369735978894e-04       1.913782906393e+03 
       8.466652953829e-04       1.934583061154e+03 
       8.564692174443e-04       1.955597810128e+03 
       8.663866635727e-04       1.976829096144e+03 
       8.764189483149e-04       1.998278727635e+03 
       8.865674014394e-04       2.019948839678e+03 
       8.968333681127e-04       2.041841240631e+03 
       9.072182090775e-04       2.063957949739e+03 
       9.177233008333e-04       2.086300847754e+03 
       9.283500358185e-04       2.108872023489e+03 
       9.390998225954e-04       2.131673202128e+03 
       9.499740860367e-04       2.154706625431e+03 
       9.609742675140e-04       2.177974159823e+03 
       9.721018250896e-04       2.201477870041e+03 
       9.833582337092e-04       2.225219629822e+03 
       9.947449853976e-04       2.249201661843e+03 
       1.006263589456e-03       2.273425772599e+03 
       1.017915572664e-03       2.297893991635e+03 
       1.029702479478e-03       2.322608570410e+03 
       1.041625872240e-03       2.347571278180e+03 
       1.053687331384e-03       2.372784278801e+03 
       1.065888455642e-03       2.398249637393e+03 
       1.078230862260e-03       2.423969492597e+03 
       1.090716187211e-03       2.449945608142e+03 
       1.103346085412e-03       2.476180302790e+03 
       1.116122230940e-03       2.502675516434e+03 
       1.129046317262e-03       2.529433163865e+03 
       1.142120057450e-03       2.556455674708e+03 
       1.155345184415e-03       2.583744866970e+03 
       1.168723451132e-03       2.611302926213e+03 
       1.182256630877e-03       2.639131964450e+03 
       1.195946517458e-03       2.667233536394e+03 
       1.209794925454e-03       2.695610118641e+03 
       1.223803690457e-03       2.724263959438e+03 
       1.237974669314e-03       2.753196589258e+03 
       1.252309740372e-03       2.782410594412e+03 
       1.266810803730e-03       2.811907767168e+03 
       1.281479781487e-03       2.841690326866e+03 
       1.296318618002e-03       2.871759845804e+03 
       1.311329280146e-03       2.902118957082e+03 
       1.326513757565e-03       2.932770045453e+03 
       1.341874062945e-03       2.963713945612e+03 
       1.357412232280e-03       2.994953213708e+03 
       1.373130325135e-03       3.026490121133e+03 
       1.389030424928e-03       3.058326633698e+03 
       1.405114639199e-03       3.090464634548e+03 
       1.421385099894e-03       3.122906301413e+03 
       1.437843963644e-03       3.155652810696e+03 
       1.454493412054e-03       3.188706825956e+03 
       1.471335651990e-03       3.222070634154e+03 
       1.488372915873e-03       3.255745689310e+03 
       1.505607461974e-03       3.289733830811e+03 
       1.523041574713e-03       3.324037365856e+03 
       1.540677564964e-03       3.358656138580e+03 
       1.558517770356e-03       3.393592573977e+03 
       1.576564555591e-03       3.428850002985e+03 
       1.594820312751e-03       3.464430177555e+03 
       1.613287461615e-03       3.500334754342e+03 
       1.631968449985e-03       3.536565859302e+03 
       1.650865754005e-03       3.573125560111e+03 
       1.669981878493e-03       3.610014320137e+03 
       1.689319357270e-03       3.647235317617e+03 
       1.708880753497e-03       3.684789539632e+03 
       1.728668660018e-03       3.722679529420e+03 
       1.748685699697e-03       3.760905790744e+03 
       1.768934525772e-03       3.799471413188e+03 
       1.789417822202e-03       3.838376472140e+03 
       1.810138304026e-03       3.877623786283e+03 
       1.831098717721e-03       3.917214245854e+03 
       1.852301841569e-03       3.957149730134e+03 
       1.873750486019e-03       3.997431775513e+03 
       1.895447494066e-03       4.038061865082e+03 
       1.917395741626e-03       4.079041545330e+03 
       1.939598137914e-03       4.120372201015e+03 
       1.962057625834e-03       4.162055255784e+03 
       1.984777182368e-03       4.204091656356e+03 
       2.007759818967e-03       4.246483129776e+03 
       2.031008581956e-03       4.289230757402e+03 
       2.054526552932e-03       4.332335802193e+03 
       2.078316849178e-03       4.375799565624e+03 
       2.102382624070e-03       4.419623197384e+03 
       2.126727067502e-03       4.463807578163e+03 
       2.151353406304e-03       4.508354010444e+03 
       2.176264904669e-03       4.553263426413e+03 
       2.201464864590e-03       4.598536763484e+03 
       2.226956626294e-03       4.644174781968e+03 
       2.252743568687e-03       4.690178533829e+03 
       2.278829109800e-03       4.736548809555e+03 
       2.305216707243e-03       4.783286281118e+03 
       2.331909858664e-03       4.830391558965e+03 
       2.358912102211e-03       4.877865397081e+03 
       2.386227017001e-03       4.925708199518e+03 
       2.413858223598e-03       4.973920629640e+03 
       2.441809384488e-03       5.022503025238e+03 
       2.470084204567e-03       5.071455870112e+03 
       2.498686431632e-03       5.120779433574e+03 
       2.527619856877e-03       5.170473763780e+03 
       2.556888315396e-03       5.220539282424e+03 
       2.586495686692e-03       5.270976049656e+03 
       2.616445895190e-03       5.321783983977e+03 
       2.646742910756e-03       5.372963075865e+03 
       2.677390749229e-03       5.424513333896e+03 
       2.708393472946e-03       5.476434327120e+03 
       2.739755191284e-03       5.528725893190e+03 
       2.771480061204e-03       5.581387567411e+03 
       2.803572287805e-03       5.634418983538e+03 
       2.836036124876e-03       5.687819584019e+03 
       2.868875875464e-03       5.741588589273e+03 
       2.902095892441e-03       5.795725649100e+03 
       2.935700579085e-03       5.850229168106e+03 
       2.969694389662e-03       5.905098918735e+03 
       3.004081830013e-03       5.960333685293e+03 
       3.038867458156e-03       6.015932048360e+03 
       3.074055884890e-03       6.071893349629e+03 
       3.109651774401e-03       6.128215900860e+03 
       3.145659844887e-03       6.184898376912e+03 
       3.182084869178e-03       6.241939028984e+03 
       3.218931675372e-03       6.299336280841e+03 
       3.256205147473e-03       6.357088328824e+03 
       3.293910226039e-03       6.415193369081e+03 
       3.332051908837e-03       6.473649404229e+03 
       3.370635251507e-03       6.532454766025e+03 
       3.409665368229e-03       6.591605567019e+03 
       3.449147432402e-03       6.651101257930e+03 
       3.489086677331e-03       6.710938334504e+03 
       3.529488396920e-03       6.771114242241e+03 
       3.570357946373e-03       6.831626740956e+03 
       3.611700742905e-03       6.892472592435e+03 
       3.653522266458e-03       6.953648700038e+03 
       3.695828060429e-03       7.015151812366e+03 
       3.738623732408e-03       7.076978582731e+03 
       3.781914954912e-03       7.139125684907e+03 
       3.825707466147e-03       7.201589215980e+03 
       3.870007070763e-03       7.264366645915e+03 
       3.914819640625e-03       7.327451358071e+03 
       3.960151115589e-03       7.390841972177e+03 
       4.006007504294e-03       7.454533150887e+03 
       4.052394884955e-03       7.518520100637e+03 
       4.099319406168e-03       7.582799179616e+03 
       4.146787287729e-03       7.647365383181e+03 
       4.194804821453e-03       7.712213524387e+03 
       4.243378372012e-03       7.777338725308e+03 
       4.292514377778e-03       7.842735404218e+03 
       4.342219351675e-03       7.908399605053e+03 
       4.392499882045e-03       7.974324139847e+03 
       4.443362633515e-03       8.040503727346e+03 
       4.494814347890e-03       8.106932939721e+03 
       4.546861845038e-03       8.173605477218e+03 
       4.599512023799e-03       8.240514507889e+03 
       4.652771862897e-03       8.307653360215e+03 
       4.706648421865e-03       8.375016752424e+03 
       4.761148841983e-03       8.442597070449e+03 
       4.816280347223e-03       8.510386141215e+03 
       4.872050245207e-03       8.578378610361e+03 
       4.928465928173e-03       8.646566105856e+03 
       4.985534873960e-03       8.714940122185e+03 
       5.043264646994e-03       8.783495543119e+03 
       5.101662899295e-03       8.852219897161e+03 
       5.160737371486e-03       8.921107791408e+03 
       5.220495893827e-03       8.990150272600e+03 
       5.280946387243e-03       9.059338669904e+03 
       5.342096864384e-03       9.128663460286e+03 
       5.403955430677e-03       9.198115963547e+03 
       5.466530285409e-03       9.267693337499e+03 
       5.529829722809e-03       9.337372879388e+03 
       5.593862133149e-03       9.407153339018e+03 
       5.658636003856e-03       9.477023875427e+03 
       5.724159920636e-03       9.546976490745e+03 
       5.790442568614e-03       9.617009095439e+03 
       5.857492733481e-03       9.687156838045e+03 
       5.925319302666e-03       9.757273630224e+03 
       5.993931266507e-03       9.827360752359e+03 
       6.063337719445e-03       9.897516805701e+03 
       6.133547861229e-03       9.967689887018e+03 
       6.204570998139e-03       1.003785776911e+04 
       6.276416544214e-03       1.010802068098e+04 
       6.349094022504e-03       1.017814422281e+04 
       6.422613066330e-03       1.024823878186e+04 
       6.496983420560e-03       1.031827760026e+04 
       6.572214942906e-03       1.038825126502e+04 
       6.648317605223e-03       1.045815202090e+04 
       6.725301494838e-03       1.052797528794e+04 
       6.803176815882e-03       1.059766015548e+04 
       6.881953890643e-03       1.066727068356e+04 
       6.961643160939e-03       1.073671841226e+04 
       7.042255189495e-03       1.080601202505e+04 
       7.123800661348e-03       1.087514126609e+04 
       7.206290385263e-03       1.094408579589e+04 
       7.289735295162e-03       1.101283233801e+04 
       7.374146451579e-03       1.108136563053e+04 
       7.459535043121e-03       1.114966556987e+04 
       7.545912387953e-03       1.121772249223e+04 
       7.633289935299e-03       1.128551257090e+04 
       7.721679266957e-03       1.135302154669e+04 
       7.811092098838e-03       1.142022854477e+04 
       7.901540282517e-03       1.148711630926e+04 
       7.993035806801e-03       1.155367061419e+04 
       8.085590799324e-03       1.161987506831e+04 
       8.179217528149e-03       1.168570072817e+04 
       8.273928403398e-03       1.175113963788e+04 
       8.369735978894e-03       1.181616342907e+04 
       8.466652953829e-03       1.188075813698e+04 
       8.564692174443e-03       1.194490453157e+04 
       8.663866635727e-03       1.200858216153e+04 
       8.764189483149e-03       1.207176547793e+04 
       8.865674014394e-03       1.213443635337e+04 
       8.968333681127e-03       1.219657572483e+04 
       9.072182090775e-03       1.225815770289e+04 
       9.177233008333e-03       1.231916488720e+04 
       9.283500358185e-03       1.237957245523e+04 
       9.390998225955e-03       1.243936536635e+04 
       9.499740860367e-03       1.249851354230e+04 
       9.609742675140e-03       1.255699395294e+04 
       9.721018250896e-03       1.261479015381e+04 
       9.833582337092e-03       1.267187119852e+04 
       9.947449853976e-03       1.272821593103e+04 
       1.006263589456e-02       1.278380479845e+04 
       1.017915572664e-02       1.283860819035e+04 
       1.029702479478e-02       1.289260466692e+04 
       1.041625872240e-02       1.294576661232e+04 
       1.053687331384e-02       1.299807829642e+04 
       1.065888455642e-02       1.304950048623e+04 
       1.078230862260e-02       1.310002232290e+04 
       1.090716187211e-02       1.314960893525e+04 
       1.103346085412e-02       1.319823447108e+04 
       1.116122230940e-02       1.324587282988e+04 
       1.129046317262e-02       1.329250186066e+04 
       1.142120057450e-02       1.333809545035e+04 
       1.155345184415e-02       1.338262414262e+04 
       1.168723451132e-02       1.342606564057e+04 
       1.182256630877e-02       1.346838448536e+04 
       1.195946517458e-02       1.350955600783e+04 
       1.209794925454e-02       1.354956000922e+04 
       1.223803690457e-02       1.358836906918e+04 
       1.237974669314e-02       1.362594841826e+04 
       1.252309740372e-02       1.366227646406e+04 
       1.266810803730e-02       1.369732956230e+04 
       1.281479781487e-02       1.373107224164e+04 
       1.296318618002e-02       1.376347363705e+04 
       1.311329280146e-02       1.379451734084e+04 
       1.326513757565e-02       1.382416139125e+04 
       1.341874062946e-02       1.385240289296e+04 
       1.357412232280e-02       1.387918707018e+04 
       1.373130325136e-02       1.390450193582e+04 
       1.389030424929e-02       1.392831067155e+04 
       1.405114639200e-02       1.395058837994e+04 
       1.421385099895e-02       1.397131945603e+04 
       1.437843963645e-02       1.399046135573e+04 
       1.454493412056e-02       1.400799903963e+04 
       1.471335651994e-02       1.402389524505e+04 
       1.488372915880e-02       1.403814132287e+04 
       1.505607461984e-02       1.405068239333e+04 
       1.523041574729e-02       1.406153349465e+04 
       1.540677564988e-02       1.407062017897e+04 
       1.558517770393e-02       1.407795715242e+04 
       1.576564555646e-02       1.408352173277e+04 
       1.594820312833e-02       1.408725174991e+04 
       1.613287461738e-02       1.408916265691e+04 
       1.631968450168e-02       1.408920807376e+04 
       1.650865754276e-02       1.408739309057e+04 
       1.669981878892e-02       1.408365733620e+04 
       1.689319357854e-02       1.407799546640e+04 
       1.708880754349e-02       1.407039725767e+04 
       1.728668661252e-02       1.406084297420e+04 
       1.748685701477e-02       1.404930351551e+04 
       1.768934528327e-02       1.403577759528e+04 
       1.789417825853e-02       1.402019118913e+04 
       1.810138309217e-02       1.400264827535e+04 
       1.831098725069e-02       1.398303767363e+04 
       1.852301851919e-02       1.396136510046e+04 
       1.873750500532e-02       1.393761512725e+04 
       1.895447514325e-02       1.391179513115e+04 
       1.917395769775e-02       1.388387497245e+04 
       1.939598176854e-02       1.385387146547e+04 
       1.962057679463e-02       1.382175033430e+04 
       1.984777255903e-02       1.378752466081e+04 
       2.007759919359e-02       1.375118855966e+04 
       2.031008718427e-02       1.371274630802e+04 
       2.054526737662e-02       1.367216924931e+04 
       2.078317098182e-02       1.362948261276e+04 
       2.102382958318e-02       1.358464993381e+04 
       2.126727514332e-02       1.353775982806e+04 
       2.151354001206e-02       1.348874356197e+04 
       2.176265693526e-02       1.343764590431e+04 
       2.201465906475e-02       1.338445178595e+04 
       2.226957996950e-02       1.332918252772e+04 
       2.252745364838e-02       1.327187075422e+04 
       2.278831454470e-02       1.321251223998e+04 
       2.305219756285e-02       1.315119315158e+04 
       2.331913808748e-02       1.308776219006e+04 
       2.358917200552e-02       1.302241757712e+04 
       2.386233573158e-02       1.295509601703e+04 
       2.413866623723e-02       1.288587353441e+04 
       2.441820108473e-02       1.281477454984e+04 
       2.470097846584e-02       1.274179005998e+04 
       2.498703724655e-02       1.266698682914e+04 
       2.527641701822e-02       1.259040357516e+04 
       2.556915815639e-02       1.251205654798e+04 
       2.586530188775e-02       1.243204965567e+04 
       2.616489036662e-02       1.235035894655e+04 
       2.646796676179e-02       1.226706063401e+04 
       2.677457535498e-02       1.218218821732e+04 
       2.708476165198e-02       1.209582891850e+04 
       2.739857250788e-02       1.200799158050e+04 
       2.771605626766e-02       1.191874597316e+04 
       2.803726292343e-02       1.182818806982e+04 
       2.836224428983e-02       1.173635436331e+04 
       2.869105419911e-02       1.164328429053e+04 
       2.902374871713e-02       1.154902780479e+04 
       2.936038638209e-02       1.145373987615e+04 
       2.970102846735e-02       1.135742612963e+04 
       3.004573926995e-02       1.126012523172e+04 
       3.039458642634e-02       1.116197317391e+04 
       3.074764125703e-02       1.106302718843e+04 
       3.110497914159e-02       1.096328512065e+04 
       3.146667992567e-02       1.086291866279e+04 
       3.183282836174e-02       1.076199634671e+04 
       3.220351458502e-02       1.066050313883e+04 
       3.257883462656e-02       1.055857481768e+04 
       3.295889096493e-02       1.045632703622e+04 
       3.334379311871e-02       1.035376127077e+04 
       3.373365828148e-02       1.025101604462e+04 
       3.412861200155e-02       1.014810551627e+04 
       3.452878890882e-02       1.004514057705e+04 
       3.493433349112e-02       9.942187632809e+03 
       3.534540092305e-02       9.839314381951e+03 
       3.576215795032e-02       9.736608361957e+03 
       3.618478383324e-02       9.634125969923e+03 
       3.661347135325e-02       9.531966889595e+03 
       3.704842788706e-02       9.430122769230e+03 
       3.748987655345e-02       9.328779510888e+03 
       3.793805743841e-02       9.227876254482e+03 
       3.839322890519e-02       9.127541111724e+03 
       3.885566899635e-02       9.027888471918e+03 
       3.932567693611e-02       8.928892364102e+03 
       3.980357474199e-02       8.830615588811e+03 
       4.028970895598e-02       8.733148939609e+03 
       4.078445250642e-02       8.636531494977e+03 
       4.128820671323e-02       8.540802371601e+03 
       4.180140345019e-02       8.446011953057e+03 
       4.232450747957e-02       8.352219175434e+03 
       4.285801897571e-02       8.259480900742e+03 
       4.340247625577e-02       8.167761718456e+03 
       4.395845873741e-02       8.077168247046e+03 
       4.452659014486e-02       7.987687161606e+03 
       4.510754198629e-02       7.899354691083e+03 
       4.570203732713e-02       7.812126836488e+03 
       4.631085488542e-02       7.726159818393e+03 
       4.693483347651e-02       7.641365893179e+03 
       4.757487683557e-02       7.557671589757e+03 
       4.823195884685e-02       7.475178210372e+03 
       4.890712920890e-02       7.393704118793e+03 
       4.960151956387e-02       7.313404659914e+03 
       5.031635011749e-02       7.234023658462e+03 
       5.105293677274e-02       7.155627935929e+03 
       5.181269879517e-02       7.077980106933e+03 
       5.259716702007e-02       7.001026927961e+03 
       5.340799260093e-02       6.924585655350e+03 
       5.424695628390e-02       6.848420556851e+03 
       5.511597817324e-02       6.772310159024e+03 
       5.601712792726e-02       6.695946635414e+03 
       5.695263529140e-02       6.618982421215e+03 
       5.792490083384e-02       6.540985049438e+03 
       5.893650669795e-02       6.461457047235e+03 
       5.999022712428e-02       6.379885200413e+03 
       6.108903842090e-02       6.295592543155e+03 
       6.223612797604e-02       6.207845684110e+03 
       6.343490181092e-02       6.115878326828e+03 
       6.468899006712e-02       6.018797658485e+03 
       6.600224971631e-02       5.915690065892e+03 
       6.737876367940e-02       5.805605478427e+03 
       6.882283545947e-02       5.687605316615e+03 
       7.033897834480e-02       5.560841014060e+03 
       7.193189824694e-02       5.424536147402e+03 
       7.360646932900e-02       5.278247088737e+03 
       7.536770177890e-02       5.121738522968e+03 
       7.722070141532e-02       4.955263814072e+03 
       7.917062129822e-02       4.779651785005e+03 
       8.122260615076e-02       4.596299915415e+03 
       8.338173116140e-02       4.407305376888e+03 
       8.565293756830e-02       4.215449349380e+03 
       8.804096824132e-02       4.024075561064e+03 
       9.055030715016e-02       3.836958865391e+03 
       9.318512700509e-02       3.657936313434e+03 
       9.594924935464e-02       3.490618943123e+03 
       9.884612094234e-02       3.337963665066e+03 
       1.018788091504e-01       3.201829017256e+03 
       1.050500179746e-01       3.082589540773e+03 
       1.083621243436e-01       2.978854445661e+03 
       1.118172329433e-01       2.887515717626e+03 
       1.154172462647e-01       2.803847535903e+03 
       1.191639455559e-01       2.722004573015e+03 
       1.230590778393e-01       2.635939075743e+03 
       1.271044441701e-01       2.540593751002e+03 
       1.313019847793e-01       2.433075823570e+03 
       1.356538575292e-01       2.313658967991e+03 
       1.401625070491e-01       2.185951728529e+03 
       1.448307228486e-01       2.056217229686e+03 
       1.496616855227e-01       1.931872930803e+03 
       1.546590007761e-01       1.819663167017e+03 
       1.598267213848e-01       1.723959028007e+03 
       1.651693573818e-01       1.645628569153e+03 
       1.706918747261e-01       1.581826484502e+03 
       1.763996825321e-01       1.526739137244e+03 
       1.822986086435e-01       1.473241753403e+03 
       1.883948629713e-01       1.415522260988e+03 
       1.946949876184e-01       1.350101367478e+03 
       2.012057924267e-01       1.278294948441e+03 
       2.079342742346e-01       1.205382620207e+03 
       2.148875178794e-01       1.137724335744e+03 
       2.220725768596e-01       1.079388112727e+03 
       2.294963316502e-01       1.030883149440e+03 
       2.371653240194e-01       9.897117037126e+02 
       2.450855663931e-01       9.512749602204e+02 
       2.532623264493e-01       9.111858489433e+02 
       2.616998887618e-01       8.681600254298e+02 
       2.704012974865e-01       8.243438595967e+02 
       2.793680867853e-01       7.831992124346e+02 
       2.886000087832e-01       7.472886196007e+02 
       2.980947721360e-01       7.163426979242e+02 
       3.078478073554e-01       6.877868908394e+02 
       3.178520774006e-01       6.594541249614e+02 
       3.280979530742e-01       6.308332090825e+02 
       3.385731718829e-01       6.031554631735e+02 
       3.492628957637e-01       5.779447685419e+02 
       3.601498773103e-01       5.553760934331e+02 
       3.712147361513e-01       5.346284568348e+02 
       3.824363377472e-01       5.146579687817e+02 
       3.937922573077e-01       4.953680132702e+02 
       4.052593032505e-01       4.772137254121e+02 
       4.168140689531e-01       4.604968360368e+02 
       4.284334794390e-01       4.451176364695e+02 
       4.400953013492e-01       4.307281690104e+02 
       4.517785896542e-01       4.171461242544e+02 
       4.634640520694e-01       4.042919517261e+02 
       4.751343207218e-01       3.922714619083e+02 
       4.867741290143e-01       3.810800673014e+02 
       4.983703987784e-01       3.706548168549e+02 
       5.099122481057e-01       3.608333159591e+02 
       5.213909334691e-01       3.515544182212e+02 
       5.327997410541e-01       3.428048112056e+02 
       5.441338419707e-01       3.345766834707e+02 
       5.553901246734e-01       3.268349872231e+02 
       5.665670159306e-01       3.195132860375e+02 
       5.776642994381e-01       3.125819669505e+02 
       5.886829389450e-01       3.059950298600e+02 
       5.996249107400e-01       2.997434332437e+02 
       6.104930486231e-01       2.937966071054e+02 
       6.212909031019e-01       2.881378458146e+02 
       6.320226154881e-01       2.827410946394e+02 
       6.426928067931e-01       2.775781902517e+02 
       6.533064807925e-01       2.726390228239e+02 
       6.638689402864e-01       2.678997849176e+02 
       6.743857153971e-01       2.633543972783e+02 
       6.848625026599e-01       2.589842844419e+02 
       6.953051136635e-01       2.547768564068e+02 
       7.057194320397e-01       2.507226823475e+02 
       7.161113776833e-01       2.468053592911e+02 
       7.264868771794e-01       2.430215221713e+02 
       7.368518395198e-01       2.393580397401e+02 
       7.472121362945e-01       2.358087441300e+02 
       7.575735856445e-01       2.323667276226e+02 
       7.679419393606e-01       2.290217053582e+02 
       7.783228725928e-01       2.257715668107e+02 
       7.887219757187e-01       2.226065972317e+02 
       7.991447479858e-01       2.195239160361e+02 
       8.095965926025e-01       2.165180757773e+02 
       8.200828130092e-01       2.135830619573e+02 
       8.306086101047e-01       2.107173594856e+02 
       8.411790802424e-01       2.079138604800e+02 
       8.517992138487e-01       2.051716377436e+02 
       8.624738945418e-01       2.024858070028e+02 
       8.732078986557e-01       1.998534869991e+02 
       8.840058950955e-01       1.972729362132e+02 
       8.948724454675e-01       1.947395056066e+02 
       9.058120044428e-01       1.922530551532e+02 
       9.168289203253e-01       1.898091349147e+02 
       9.279274358042e-01       1.874072869560e+02 
       9.391116888812e-01       1.850446326115e+02 
       9.503857139662e-01       1.827195222244e+02 
       9.617534431414e-01       1.804307138541e+02 
       9.732187075982e-01       1.781758030151e+02 
       9.847852392490e-01       1.759543956069e+02 
       9.964566725226e-01       1.737636791045e+02 
       1.008236546348e+00       1.716040629171e+02 
       1.020128306332e+00       1.694729641029e+02 
       1.032135307132e+00       1.673705185322e+02 
       1.044260815033e+00       1.652946201701e+02 
       1.056508010715e+00       1.632452275891e+02 
       1.068879992226e+00       1.612206963751e+02 
       1.081379778135e+00       1.592210486739e+02 
       1.094010310873e+00       1.572446893144e+02 
       1.106774460234e+00       1.552916395115e+02 
       1.119675027040e+00       1.533606911739e+02 
       1.132714746934e+00       1.514517654731e+02 
       1.145896294298e+00       1.495637868194e+02 
       1.159222286259e+00       1.476967294839e+02 
       1.172695286783e+00       1.458495695651e+02 
       1.186317810804e+00       1.440224071955e+02 
       1.200092328388e+00       1.422142332321e+02 
       1.214021268905e+00       1.404251863224e+02 
       1.228107025166e+00       1.386544533866e+02 
       1.242351957525e+00       1.369019827167e+02 
       1.256758397918e+00       1.351671982212e+02 
       1.271328653802e+00       1.334498996819e+02 
       1.286065012005e+00       1.317498561104e+02 
       1.300969742442e+00       1.300665558162e+02 
       1.316045101700e+00       1.284000722367e+02 
       1.331293336476e+00       1.267498307107e+02 
       1.346716686850e+00       1.251158056866e+02 
       1.362317389404e+00       1.234977329811e+02 
       1.378097680162e+00       1.218952821894e+02 
       1.394059797357e+00       1.203084493011e+02 
       1.410205984029e+00       1.187368678185e+02 
       1.426538490450e+00       1.171803986316e+02 
       1.443059576372e+00       1.156389544248e+02 
       1.459771513122e+00       1.141122141777e+02 
       1.476676585531e+00       1.126000957393e+02 
       1.493777093711e+00       1.111024859923e+02 
       1.511075354687e+00       1.096191269942e+02 
       1.528573703902e+00       1.081499296797e+02 
       1.546274496585e+00       1.066948007561e+02 
       1.564180109009e+00       1.052535407037e+02 
       1.582292939637e+00       1.038260238968e+02 
       1.600615410174e+00       1.024121937815e+02 
       1.619149966524e+00       1.010118907617e+02 
       1.637899079677e+00       9.962496390443e+01 
       1.656865246513e+00       9.825134871756e+01 
       1.676050990546e+00       9.689094832934e+01 
       1.695458862621e+00       9.554364981804e+01 
       1.715091441547e+00       9.420932212844e+01 
       1.734951334702e+00       9.288789261128e+01 
       1.755041178592e+00       9.157927734387e+01 
       1.775363639383e+00       9.028338659052e+01 
       1.795921413406e+00       8.900012307811e+01 
       1.816717227643e+00       8.772939383781e+01 
       1.837753840191e+00       8.647112903036e+01 
       1.859034040714e+00       8.522525341985e+01 
       1.880560650883e+00       8.399169345887e+01 
       1.902336524810e+00       8.277037279196e+01 
       1.924364549467e+00       8.156121376058e+01 
       1.946647645113e+00       8.036414971986e+01 
       1.969188765706e+00       7.917909936037e+01 
       1.991990899320e+00       7.800601796690e+01 
       2.015057068561e+00       7.684482632597e+01 
       2.038390330983e+00       7.569546516907e+01 
       2.061993779502e+00       7.455788008635e+01 
       2.085870542817e+00       7.343200737472e+01 
       2.110023785835e+00       7.231778749447e+01 
       2.134456710090e+00       7.121516472983e+01 
       2.159172554175e+00       7.012408227997e+01 
       2.184174594176e+00       6.904448646409e+01 
       2.209466144105e+00       6.797632172462e+01 
       2.235050556343e+00       6.691953730127e+01 
       2.260931222087e+00       6.587408169174e+01 
       2.287111571799e+00       6.483990434135e+01 
       2.313595075660e+00       6.381695548325e+01 
       2.340385244033e+00       6.280518412003e+01 
       2.367485627930e+00       6.180454359174e+01 
       2.394899819479e+00       6.081498597636e+01 
       2.422631452401e+00       5.983646320226e+01 
       2.450684202497e+00       5.886892916692e+01 
       2.479061788128e+00       5.791233554862e+01 
       2.507767970713e+00       5.696663717772e+01 
       2.536806555225e+00       5.603178748461e+01 
       2.566181390699e+00       5.510774129426e+01 
       2.595896370735e+00       5.419445340512e+01 
       2.625955434024e+00       5.329187823197e+01 
       2.656362564861e+00       5.239997010239e+01 
       2.687121793679e+00       5.151868286372e+01 
       2.718237197579e+00       5.064797209087e+01 
       2.749712900876e+00       4.978779108495e+01 
       2.781553075640e+00       4.893809468614e+01 
       2.813761942251e+00       4.809883631070e+01 
       2.846343769959e+00       4.726996941469e+01 
       2.879302877452e+00       4.645144749118e+01 
       2.912643633421e+00       4.564322342475e+01 
       2.946370457150e+00       4.484524911482e+01 
       2.980487819091e+00       4.405747648529e+01 
       3.015000241465e+00       4.327985718721e+01 
       3.049912298854e+00       4.251234140875e+01 
       3.085228618815e+00       4.175487934053e+01 
       3.120953882488e+00       4.100742030034e+01 
       3.157092825218e+00       4.026991266847e+01 
       3.193650237182e+00       3.954230447794e+01 
       3.230630964025e+00       3.882454248712e+01 
       3.268039907504e+00       3.811657301887e+01 
       3.305882026132e+00       3.741834115800e+01 
       3.344162335843e+00       3.672979136784e+01 
       3.382885910648e+00       3.605086688838e+01 
       3.422057883317e+00       3.538151025786e+01 
       3.461683446052e+00       3.472166281032e+01 
       3.501767851177e+00       3.407126501737e+01 
       3.542316411839e+00       3.343025622617e+01 
       3.583334502704e+00       3.279857478998e+01 
       3.624827560676e+00       3.217615800111e+01 
       3.666801085615e+00       3.156294205582e+01 
       3.709260641066e+00       3.095886213119e+01 
       3.752211854997e+00       3.036385229983e+01 
       3.795660420545e+00       2.977784556865e+01 
       3.839612096771e+00       2.920077389508e+01 
       3.884072709421e+00       2.863256818158e+01 
       3.929048151702e+00       2.807315826040e+01 
       3.974544385060e+00       2.752247295432e+01 
       4.020567439971e+00       2.698044006169e+01 
       4.067123416741e+00       2.644698638526e+01 
       4.114218486314e+00       2.592203775019e+01 
       4.161858891092e+00       2.540551903493e+01 
       4.210050945757e+00       2.489735418549e+01 
       4.258801038115e+00       2.439746626262e+01 
       4.308115629938e+00       2.390577745623e+01 
       4.358001257821e+00       2.342220912944e+01 
       4.408464534051e+00       2.294668184882e+01 
       4.459512147479e+00       2.247911542245e+01 
       4.511150864413e+00       2.201942893614e+01 
       4.563387529507e+00       2.156754079713e+01 
       4.616229066675e+00       2.112336876940e+01 
       4.669682480006e+00       2.068683002034e+01 
       4.723754854691e+00       2.025784115919e+01 
       4.778453357966e+00       1.983631828276e+01 
       4.833785240057e+00       1.942217701762e+01 
       4.889757835147e+00       1.901533256454e+01 
       4.946378562341e+00       1.861569974258e+01 
       5.003654926656e+00       1.822319303340e+01 
       5.061594520011e+00       1.783772662525e+01 
       5.120205022238e+00       1.745921445709e+01 
       5.179494202094e+00       1.708757026227e+01 
       5.239469918297e+00       1.672270761180e+01 
       5.300140120562e+00       1.636453995728e+01 
       5.361512850659e+00       1.601298067313e+01 
       5.423596243477e+00       1.566794309821e+01 
       5.486398528102e+00       1.532934057670e+01 
       5.549928028910e+00       1.499708649833e+01 
       5.614193166667e+00       1.467109433758e+01 
       5.679202459646e+00       1.435127769219e+01 
       5.744964524760e+00       1.403755032058e+01 
       5.811488078700e+00       1.372982617850e+01 
       5.878781939089e+00       1.342801945452e+01 
       5.946855025657e+00       1.313204460461e+01 
       6.015716361416e+00       1.284181638567e+01 
       6.085375073864e+00       1.255724988803e+01 
       6.155840396186e+00       1.227826056686e+01 
       6.227121668485e+00       1.200476427253e+01 
       6.299228339016e+00       1.173667727990e+01 
       6.372169965440e+00       1.147391631656e+01 
       6.445956216091e+00       1.121639858997e+01 
       6.520596871257e+00       1.096404181351e+01 
       6.596101824475e+00       1.071676423153e+01 
       6.672481083845e+00       1.047448464330e+01 
       6.749744773355e+00       1.023712242586e+01 
       6.827903134225e+00       1.000459755595e+01 
       6.906966526258e+00       9.776830630781e+00 
       6.986945429224e+00       9.553742887852e+00 
       7.067850444238e+00       9.335256223766e+00 
       7.149692295173e+00       9.121293212018e+00 
       7.232481830077e+00       8.911777119820e+00 
       7.316230022614e+00       8.706631923967e+00 
       7.400947973516e+00       8.505782325744e+00 
       7.486646912055e+00       8.309153764917e+00 
       7.573338197533e+00       8.116672432794e+00 
       7.661033320786e+00       7.928265284403e+00 
       7.749743905708e+00       7.743860049789e+00 
       7.839481710790e+00       7.563385244451e+00 
       7.930258630681e+00       7.386770178944e+00 
       8.022086697764e+00       7.213944967660e+00 
       8.114978083750e+00       7.044840536807e+00 
       8.208945101291e+00       6.879388631611e+00 
       8.304000205613e+00       6.717521822761e+00 
       8.400155996168e+00       6.559173512107e+00 
       8.497425218302e+00       6.404277937651e+00 
       8.595820764944e+00       6.252770177832e+00 
       8.695355678318e+00       6.104586155134e+00 
       8.796043151669e+00       5.959662639042e+00 
       8.897896531012e+00       5.817937248358e+00 
       9.000929316902e+00       5.679348452905e+00 
       9.105155166224e+00       5.543835574632e+00 
       9.210587894000e+00       5.411338788146e+00 
       9.317241475225e+00       5.281799120695e+00 
       9.425130046716e+00       5.155158451605e+00 
       9.534267908986e+00       5.031359511215e+00 
       9.644669528140e+00       4.910345879309e+00 
       9.756349537792e+00       4.792061983076e+00 
       9.869322741009e+00       4.676453094614e+00 
       9.983604112265e+00       4.563465327994e+00 
       1.009920879943e+01       4.453045635911e+00 
       1.021615212579e+01       4.345141805930e+00 
       1.033444959204e+01       4.239702456350e+00 
       1.045411687839e+01       4.136677031710e+00 
       1.057516984661e+01       4.036015797938e+00 
       1.069762454214e+01       3.937669837181e+00 
       1.082149719622e+01       3.841591042313e+00 
       1.094680422802e+01       3.747732111155e+00 
       1.107356224687e+01       3.656046540405e+00 
       1.120178805441e+01       3.566488619312e+00 
       1.133149864681e+01       3.479013423095e+00 
       1.146271121709e+01       3.393576806128e+00 
       1.159544315732e+01       3.310135394910e+00 
       1.172971206098e+01       3.228646580821e+00 
       1.186553572528e+01       3.149068512690e+00 
       1.200293215348e+01       3.071360089189e+00 
       1.214191955733e+01       2.995480951051e+00 
       1.228251635947e+01       2.921391473144e+00 
       1.242474119585e+01       2.849052756400e+00 
       1.256861291822e+01       2.778426619616e+00 
       1.271415059662e+01       2.709475591136e+00 
       1.286137352191e+01       2.642162900430e+00 
       1.301030120832e+01       2.576452469574e+00 
       1.316095339607e+01       2.512308904649e+00 
       1.331335005394e+01       2.449697487059e+00 
       1.346751138193e+01       2.388584164788e+00 
       1.362345781398e+01       2.328935543598e+00 
       1.378121002059e+01       2.270718878185e+00 
       1.394078891167e+01       2.213902063289e+00 
       1.410221563922e+01       2.158453624776e+00 
       1.426551160018e+01       2.104342710702e+00 
       1.443069843925e+01       2.051539082357e+00 
       1.459779805177e+01       2.000013105302e+00 
       1.476683258660e+01       1.949735740409e+00 
       1.493782444910e+01       1.900678534900e+00 
       1.511079630405e+01       1.852813613407e+00 
       1.528577107869e+01       1.806113669046e+00 
       1.546277196572e+01       1.760551954511e+00 
       1.564182242643e+01       1.716102273207e+00 
       1.582294619375e+01       1.672738970412e+00 
       1.600616727546e+01       1.630436924478e+00 
       1.619150995730e+01       1.589171538079e+00 
       1.637899880625e+01       1.548918729511e+00 
       1.656865867375e+01       1.509654924036e+00 
       1.676051469901e+01       1.471357045296e+00 
       1.695459231234e+01       1.434002506773e+00 
       1.715091723852e+01       1.397569203329e+00 
       1.734951550020e+01       1.362035502801e+00 
       1.755041342137e+01       1.327380237675e+00 
       1.775363763082e+01       1.293582696828e+00 
       1.795921506571e+01       1.260622617353e+00 
       1.816717297511e+01       1.228480176452e+00 
       1.837753892361e+01       1.197135983425e+00 
       1.859034079498e+01       1.166571071731e+00 
       1.880560679589e+01       1.136766891133e+00 
       1.902336545962e+01       1.107705299945e+00 
       1.924364564983e+01       1.079368557347e+00 
       1.946647656442e+01       1.051739315806e+00 
       1.969188773940e+01       1.024800613583e+00 
       1.991990905277e+01       9.985358673324e-01 
       2.015057072851e+01       9.729288647927e-01 
       2.038390334057e+01       9.479637575791e-01 
       2.061993781694e+01       9.236250540647e-01 
       2.085870544373e+01       8.998976123615e-01 
       2.110023786934e+01       8.767666333972e-01 
       2.134456710862e+01       8.542176540889e-01 
       2.159172554715e+01       8.322365406158e-01 
       2.184174594552e+01       8.108094817880e-01 
       2.209466144365e+01       7.899229825148e-01 
       2.235050556522e+01       7.695638573707e-01 
       2.260931222210e+01       7.497192242596e-01 
       2.287111571883e+01       7.303764981768e-01 
       2.313595075717e+01       7.115233850696e-01 
       2.340385244072e+01       6.931478757951e-01 
       2.367485627956e+01       6.752382401754e-01 
       2.394899819496e+01       6.577830211503e-01 
       2.422631452413e+01       6.407710290262e-01 
       2.450684202505e+01       6.241913358212e-01 
       2.479061788133e+01       6.080332697062e-01 
       2.507767970716e+01       5.922864095403e-01 
       2.536806555227e+01       5.769405795017e-01 
       2.566181390700e+01       5.619858438107e-01 
       2.595896370736e+01       5.474125015473e-01 
       2.625955434024e+01       5.332110815602e-01 
       2.656362564861e+01       5.193723374671e-01 
       2.687121793679e+01       5.058872427458e-01 
       2.718237197579e+01       4.927469859153e-01 
       2.749712900876e+01       4.799429658053e-01 
       2.781553075640e+01       4.674667869137e-01 
       2.813761942251e+01       4.553102548512e-01 
       2.846343769959e+01       4.434653718714e-01 
       2.879302877452e+01       4.319243324869e-01 
       2.912643633421e+01       4.206795191683e-01 
       2.946370457150e+01       4.097234981267e-01 
       2.980487819091e+01       3.990490151782e-01 
       3.015000241465e+01       3.886489916887e-01 
