# Matter power spectrum P(k) at redshift z=0.5
# for k=1.03246e-05 to 30.2307 h/Mpc,
# number of wavenumbers equal to 1162
#    1:k (h/Mpc)              2:P (Mpc/h)^3        
       1.032457158387e-05       2.924938845914e+01 
       1.044412448828e-05       2.957683905084e+01 
       1.056506175008e-05       2.990795759817e+01 
       1.068739939936e-05       3.024278009926e+01 
       1.081115365187e-05       3.058135335725e+01 
       1.093634091107e-05       3.092371433486e+01 
       1.106297777042e-05       3.126990922213e+01 
       1.119108101550e-05       3.161998272623e+01 
       1.132066762623e-05       3.197396884387e+01 
       1.145175477920e-05       3.233192486910e+01 
       1.158435984986e-05       3.269388118890e+01 
       1.171850041488e-05       3.305989338349e+01 
       1.185419425442e-05       3.343000461292e+01 
       1.199145935458e-05       3.380425676875e+01 
       1.213031390969e-05       3.418269766378e+01 
       1.227077632476e-05       3.456537786721e+01 
       1.241286521795e-05       3.495234363167e+01 
       1.255659942297e-05       3.534363490821e+01 
       1.270199799165e-05       3.573931293674e+01 
       1.284908019641e-05       3.613941708504e+01 
       1.299786553282e-05       3.654399986408e+01 
       1.314837372224e-05       3.695311564146e+01 
       1.330062471434e-05       3.736681192768e+01 
       1.345463868985e-05       3.778513479450e+01 
       1.361043606315e-05       3.820814260065e+01 
       1.376803748500e-05       3.863588486693e+01 
       1.392746384530e-05       3.906841603775e+01 
       1.408873627585e-05       3.950579098804e+01 
       1.425187615314e-05       3.994806109722e+01 
       1.441690510117e-05       4.039528240053e+01 
       1.458384499436e-05       4.084751132804e+01 
       1.475271796041e-05       4.130480346826e+01 
       1.492354638324e-05       4.176721501475e+01 
       1.509635290598e-05       4.223479944617e+01 
       1.527116043395e-05       4.270762090231e+01 
       1.544799213769e-05       4.318573543668e+01 
       1.562687145605e-05       4.366920248436e+01 
       1.580782209930e-05       4.415808374042e+01 
       1.599086805225e-05       4.465243336728e+01 
       1.617603357744e-05       4.515231855544e+01 
       1.636334321835e-05       4.565780034199e+01 
       1.655282180269e-05       4.616894591744e+01 
       1.674449444563e-05       4.668580325517e+01 
       1.693838655316e-05       4.720845308088e+01 
       1.713452382549e-05       4.773695523886e+01 
       1.733293226040e-05       4.827136965588e+01 
       1.753363815670e-05       4.881176743785e+01 
       1.773666811774e-05       4.935821818095e+01 
       1.794204905493e-05       4.991078283504e+01 
       1.814980819129e-05       5.046953766280e+01 
       1.835997306507e-05       5.103454500875e+01 
       1.857257153339e-05       5.160587708892e+01 
       1.878763177595e-05       5.218360014588e+01 
       1.900518229875e-05       5.276779483740e+01 
       1.922525193788e-05       5.335852862787e+01 
       1.944786986333e-05       5.395587931426e+01 
       1.967306558286e-05       5.455990957705e+01 
       1.990086894593e-05       5.517071188878e+01 
       2.013131014763e-05       5.578834218184e+01 
       2.036441973267e-05       5.641289163033e+01 
       2.060022859950e-05       5.704442907374e+01 
       2.083876800431e-05       5.768303867476e+01 
       2.108006956525e-05       5.832879670638e+01 
       2.132416526657e-05       5.898178436574e+01 
       2.157108746291e-05       5.964208068340e+01 
       2.182086888352e-05       6.030976951427e+01 
       2.207354263667e-05       6.098493178473e+01 
       2.232914221398e-05       6.166765320774e+01 
       2.258770149491e-05       6.235801559307e+01 
       2.284925475121e-05       6.305610518752e+01 
       2.311383665147e-05       6.376201291369e+01 
       2.338148226575e-05       6.447582044315e+01 
       2.365222707017e-05       6.519761929161e+01 
       2.392610695168e-05       6.592749793964e+01 
       2.420315821274e-05       6.666554605525e+01 
       2.448341757621e-05       6.741185686162e+01 
       2.476692219016e-05       6.816652204817e+01 
       2.505370963282e-05       6.892963165427e+01 
       2.534381791756e-05       6.970128922079e+01 
       2.563728549790e-05       7.048158251948e+01 
       2.593415127267e-05       7.127060889305e+01 
       2.623445459111e-05       7.206846905610e+01 
       2.653823525808e-05       7.287526532843e+01 
       2.684553353939e-05       7.369108030112e+01 
       2.715639016709e-05       7.451603625613e+01 
       2.747084634489e-05       7.535022502600e+01 
       2.778894375362e-05       7.619375075135e+01 
       2.811072455675e-05       7.704672097309e+01 
       2.843623140597e-05       7.790923902194e+01 
       2.876550744686e-05       7.878140842342e+01 
       2.909859632460e-05       7.966334366908e+01 
       2.943554218977e-05       8.055515092333e+01 
       2.977638970417e-05       8.145693992872e+01 
       3.012118404677e-05       8.236882302992e+01 
       3.046997091970e-05       8.329091332863e+01 
       3.082279655426e-05       8.422332504033e+01 
       3.117970771712e-05       8.516617366189e+01 
       3.154075171647e-05       8.611957597900e+01 
       3.190597640829e-05       8.708364573714e+01 
       3.227543020273e-05       8.805851442390e+01 
       3.264916207048e-05       8.904428871287e+01 
       3.302722154930e-05       9.004110220469e+01 
       3.340965875056e-05       9.104906920982e+01 
       3.379652436591e-05       9.206832397829e+01 
       3.418786967394e-05       9.309898293685e+01 
       3.458374654708e-05       9.414117340462e+01 
       3.498420745835e-05       9.519503422004e+01 
       3.538930548844e-05       9.626069415600e+01 
       3.579909433263e-05       9.733828195401e+01 
       3.621362830800e-05       9.842792187886e+01 
       3.663296236058e-05       9.952976481116e+01 
       3.705715207264e-05       1.006439422049e+02 
       3.748625367006e-05       1.017705879188e+02 
       3.792032402981e-05       1.029098474662e+02 
       3.835942068744e-05       1.040618521769e+02 
       3.880360184472e-05       1.052267480702e+02 
       3.925292637740e-05       1.064046897069e+02 
       3.970745384296e-05       1.075958139433e+02 
       4.016724448851e-05       1.088002680422e+02 
       4.063235925881e-05       1.100182026792e+02 
       4.110285980432e-05       1.112497686508e+02 
       4.157880848937e-05       1.124951180045e+02 
       4.206026840046e-05       1.137544049035e+02 
       4.254730335456e-05       1.150277863210e+02 
       4.303997790763e-05       1.163154189987e+02 
       4.353835736316e-05       1.176174675637e+02 
       4.404250778080e-05       1.189340786866e+02 
       4.455249598514e-05       1.202654322231e+02 
       4.506838957456e-05       1.216116836083e+02 
       4.559025693021e-05       1.229729995281e+02 
       4.611816722503e-05       1.243495572162e+02 
       4.665219043296e-05       1.257415090870e+02 
       4.719239733821e-05       1.271490487567e+02 
       4.773885954460e-05       1.285723331358e+02 
       4.829164948512e-05       1.300115501749e+02 
       4.885084043146e-05       1.314668707141e+02 
       4.941650650380e-05       1.329384781713e+02 
       4.998872268054e-05       1.344265579210e+02 
       5.056756480833e-05       1.359312850036e+02 
       5.115310961206e-05       1.374528544424e+02 
       5.174543470507e-05       1.389914540899e+02 
       5.234461859939e-05       1.405472627585e+02 
       5.295074071622e-05       1.421204876319e+02 
       5.356388139637e-05       1.437113025684e+02 
       5.418412191098e-05       1.453199343998e+02 
       5.481154447226e-05       1.469465601283e+02 
       5.544623224439e-05       1.485913953874e+02 
       5.608826935455e-05       1.502546253985e+02 
       5.673774090406e-05       1.519364715146e+02 
       5.739473297967e-05       1.536371396922e+02 
       5.805933266496e-05       1.553568261782e+02 
       5.873162805192e-05       1.570957648495e+02 
       5.941170825256e-05       1.588541543571e+02 
       6.009966341077e-05       1.606322209419e+02 
       6.079558471427e-05       1.624301726877e+02 
       6.149956440667e-05       1.642482511467e+02 
       6.221169579972e-05       1.660866688301e+02 
       6.293207328567e-05       1.679456609919e+02 
       6.366079234976e-05       1.698254327348e+02 
       6.439794958292e-05       1.717262488826e+02 
       6.514364269455e-05       1.736483323430e+02 
       6.589797052545e-05       1.755919105636e+02 
       6.666103306097e-05       1.775572423260e+02 
       6.743293144422e-05       1.795445501053e+02 
       6.821376798949e-05       1.815540978636e+02 
       6.900364619582e-05       1.835861208272e+02 
       6.980267076071e-05       1.856408699956e+02 
       7.061094759400e-05       1.877186170674e+02 
       7.142858383191e-05       1.898195929329e+02 
       7.225568785124e-05       1.919440875252e+02 
       7.309236928373e-05       1.940923208967e+02 
       7.393873903060e-05       1.962645967511e+02 
       7.479490927724e-05       1.984611694495e+02 
       7.566099350809e-05       2.006823208400e+02 
       7.653710652168e-05       2.029283035715e+02 
       7.742336444583e-05       2.051994119849e+02 
       7.831988475308e-05       2.074959179247e+02 
       7.922678627622e-05       2.098181089017e+02 
       8.014418922406e-05       2.121662644966e+02 
       8.107221519738e-05       2.145406842173e+02 
       8.201098720500e-05       2.169416635003e+02 
       8.296062968015e-05       2.193694883319e+02 
       8.392126849691e-05       2.218244573126e+02 
       8.489303098690e-05       2.243068849010e+02 
       8.587604595620e-05       2.268170734555e+02 
       8.687044370237e-05       2.293553264376e+02 
       8.787635603176e-05       2.319219576378e+02 
       8.889391627695e-05       2.345172911928e+02 
       8.992325931447e-05       2.371416463598e+02 
       9.096452158260e-05       2.397953318094e+02 
       9.201784109954e-05       2.424786929982e+02 
       9.308335748164e-05       2.451920549579e+02 
       9.416121196196e-05       2.479357429000e+02 
       9.525154740893e-05       2.507101101754e+02 
       9.635450834534e-05       2.535154867979e+02 
       9.747024096746e-05       2.563522219871e+02 
       9.859889316444e-05       2.592206642780e+02 
       9.974061453792e-05       2.621211752636e+02 
       1.008955564218e-04       2.650541018495e+02 
       1.020638719024e-04       2.680198127289e+02 
       1.032457158387e-04       2.710186598888e+02 
       1.044412448828e-04       2.740510299470e+02 
       1.056506175008e-04       2.771172848495e+02 
       1.068739939936e-04       2.802178075704e+02 
       1.081115365187e-04       2.833529718302e+02 
       1.093634091107e-04       2.865231680378e+02 
       1.106297777043e-04       2.897287869809e+02 
       1.119108101550e-04       2.929702277073e+02 
       1.132066762623e-04       2.962478773457e+02 
       1.145175477920e-04       2.995621494765e+02 
       1.158435984986e-04       3.029134456652e+02 
       1.171850041488e-04       3.063021758940e+02 
       1.185419425442e-04       3.097287585948e+02 
       1.199145935458e-04       3.131936167493e+02 
       1.213031390969e-04       3.166971672278e+02 
       1.227077632476e-04       3.202398504832e+02 
       1.241286521795e-04       3.238221086478e+02 
       1.255659942297e-04       3.274443599881e+02 
       1.270199799165e-04       3.311070589221e+02 
       1.284908019641e-04       3.348106678207e+02 
       1.299786553282e-04       3.385556134811e+02 
       1.314837372224e-04       3.423423641648e+02 
       1.330062471435e-04       3.461714049323e+02 
       1.345463868985e-04       3.500431839739e+02 
       1.361043606315e-04       3.539581836184e+02 
       1.376803748500e-04       3.579168851730e+02 
       1.392746384530e-04       3.619197648604e+02 
       1.408873627586e-04       3.659673200443e+02 
       1.425187615314e-04       3.700600322207e+02 
       1.441690510117e-04       3.741984271119e+02 
       1.458384499436e-04       3.783829829751e+02 
       1.475271796041e-04       3.826142397957e+02 
       1.492354638324e-04       3.868926828423e+02 
       1.509635290598e-04       3.912188579006e+02 
       1.527116043395e-04       3.955933022838e+02 
       1.544799213769e-04       4.000165241534e+02 
       1.562687145605e-04       4.044890682580e+02 
       1.580782209930e-04       4.090114861558e+02 
       1.599086805225e-04       4.135843318576e+02 
       1.617603357744e-04       4.182081682188e+02 
       1.636334321835e-04       4.228835376720e+02 
       1.655282180269e-04       4.276110438642e+02 
       1.674449444563e-04       4.323912333677e+02 
       1.693838655316e-04       4.372246796712e+02 
       1.713452382549e-04       4.421120062124e+02 
       1.733293226040e-04       4.470537940515e+02 
       1.753363815670e-04       4.520506392334e+02 
       1.773666811774e-04       4.571031414695e+02 
       1.794204905493e-04       4.622119184609e+02 
       1.814980819129e-04       4.673776080936e+02 
       1.835997306507e-04       4.726008026591e+02 
       1.857257153339e-04       4.778821740215e+02 
       1.878763177595e-04       4.832223359215e+02 
       1.900518229875e-04       4.886219512699e+02 
       1.922525193788e-04       4.940816670031e+02 
       1.944786986333e-04       4.996021440380e+02 
       1.967306558287e-04       5.051840584368e+02 
       1.990086894593e-04       5.108280655885e+02 
       2.013131014763e-04       5.165348572708e+02 
       2.036441973267e-04       5.223051377239e+02 
       2.060022859950e-04       5.281396012247e+02 
       2.083876800431e-04       5.340389337917e+02 
       2.108006956525e-04       5.400038494535e+02 
       2.132416526657e-04       5.460350695327e+02 
       2.157108746291e-04       5.521333335514e+02 
       2.182086888352e-04       5.582993620648e+02 
       2.207354263667e-04       5.645338984913e+02 
       2.232914221398e-04       5.708376948880e+02 
       2.258770149491e-04       5.772115021082e+02 
       2.284925475121e-04       5.836560929787e+02 
       2.311383665147e-04       5.901722411098e+02 
       2.338148226575e-04       5.967607260041e+02 
       2.365222707017e-04       6.034223490511e+02 
       2.392610695168e-04       6.101578687942e+02 
       2.420315821274e-04       6.169681337389e+02 
       2.448341757621e-04       6.238539405253e+02 
       2.476692219016e-04       6.308161060067e+02 
       2.505370963282e-04       6.378554555182e+02 
       2.534381791756e-04       6.449728624746e+02 
       2.563728549790e-04       6.521691364923e+02 
       2.593415127267e-04       6.594451436383e+02 
       2.623445459111e-04       6.668017580925e+02 
       2.653823525808e-04       6.742398492524e+02 
       2.684553353939e-04       6.817602964636e+02 
       2.715639016709e-04       6.893639970183e+02 
       2.747084634489e-04       6.970518468491e+02 
       2.778894375362e-04       7.048247562425e+02 
       2.811072455675e-04       7.126836455727e+02 
       2.843623140597e-04       7.206294407901e+02 
       2.876550744686e-04       7.286630771511e+02 
       2.909859632460e-04       7.367855110225e+02 
       2.943554218977e-04       7.449976948973e+02 
       2.977638970417e-04       7.533005859038e+02 
       3.012118404677e-04       7.616951641203e+02 
       3.046997091970e-04       7.701824192323e+02 
       3.082279655426e-04       7.787633402849e+02 
       3.117970771712e-04       7.874389295624e+02 
       3.154075171647e-04       7.962102077310e+02 
       3.190597640830e-04       8.050781927164e+02 
       3.227543020273e-04       8.140439214327e+02 
       3.264916207048e-04       8.231084362648e+02 
       3.302722154930e-04       8.322727907123e+02 
       3.340965875056e-04       8.415380524117e+02 
       3.379652436591e-04       8.509052928226e+02 
       3.418786967394e-04       8.603755948792e+02 
       3.458374654708e-04       8.699500561267e+02 
       3.498420745835e-04       8.796297823417e+02 
       3.538930548844e-04       8.894158904844e+02 
       3.579909433263e-04       8.993095039957e+02 
       3.621362830800e-04       9.093117608125e+02 
       3.663296236058e-04       9.194238053312e+02 
       3.705715207264e-04       9.296468081453e+02 
       3.748625367006e-04       9.399819312158e+02 
       3.792032402981e-04       9.504303450084e+02 
       3.835942068744e-04       9.609932513727e+02 
       3.880360184472e-04       9.716718540395e+02 
       3.925292637740e-04       9.824673610781e+02 
       3.970745384296e-04       9.933809969406e+02 
       4.016724448851e-04       1.004414005528e+03 
       4.063235925881e-04       1.015567621819e+03 
       4.110285980432e-04       1.026843108759e+03 
       4.157880848937e-04       1.038241742839e+03 
       4.206026840046e-04       1.049764783149e+03 
       4.254730335456e-04       1.061413537149e+03 
       4.303997790764e-04       1.073189311511e+03 
       4.353835736316e-04       1.085093419307e+03 
       4.404250778080e-04       1.097127182956e+03 
       4.455249598514e-04       1.109291936168e+03 
       4.506838957457e-04       1.121589038763e+03 
       4.559025693021e-04       1.134019854651e+03 
       4.611816722503e-04       1.146585738576e+03 
       4.665219043296e-04       1.159288091467e+03 
       4.719239733821e-04       1.172128307832e+03 
       4.773885954460e-04       1.185107794135e+03 
       4.829164948512e-04       1.198227973114e+03 
       4.885084043146e-04       1.211490273046e+03 
       4.941650650380e-04       1.224896150960e+03 
       4.998872268054e-04       1.238447039429e+03 
       5.056756480833e-04       1.252144433465e+03 
       5.115310961206e-04       1.265989794759e+03 
       5.174543470507e-04       1.279984630604e+03 
       5.234461859940e-04       1.294130436273e+03 
       5.295074071622e-04       1.308428724648e+03 
       5.356388139637e-04       1.322881050644e+03 
       5.418412191098e-04       1.337488921777e+03 
       5.481154447226e-04       1.352253911892e+03 
       5.544623224439e-04       1.367177588175e+03 
       5.608826935455e-04       1.382261517507e+03 
       5.673774090406e-04       1.397507300754e+03 
       5.739473297967e-04       1.412916544936e+03 
       5.805933266497e-04       1.428490840991e+03 
       5.873162805192e-04       1.444231842979e+03 
       5.941170825256e-04       1.460141189788e+03 
       6.009966341077e-04       1.476220506773e+03 
       6.079558471427e-04       1.492471470592e+03 
       6.149956440667e-04       1.508895793694e+03 
       6.221169579972e-04       1.525495130066e+03 
       6.293207328567e-04       1.542271181810e+03 
       6.366079234976e-04       1.559225652401e+03 
       6.439794958292e-04       1.576360285015e+03 
       6.514364269455e-04       1.593676858357e+03 
       6.589797052545e-04       1.611177042128e+03 
       6.666103306097e-04       1.628862642771e+03 
       6.743293144422e-04       1.646735446867e+03 
       6.821376798949e-04       1.664797225815e+03 
       6.900364619582e-04       1.683049790390e+03 
       6.980267076071e-04       1.701494895247e+03 
       7.061094759400e-04       1.720134435191e+03 
       7.142858383191e-04       1.738970237087e+03 
       7.225568785124e-04       1.758004115608e+03 
       7.309236928374e-04       1.777237972602e+03 
       7.393873903060e-04       1.796673618674e+03 
       7.479490927724e-04       1.816312989052e+03 
       7.566099350809e-04       1.836157981155e+03 
       7.653710652168e-04       1.856210464852e+03 
       7.742336444583e-04       1.876472376393e+03 
       7.831988475308e-04       1.896945645711e+03 
       7.922678627622e-04       1.917632208420e+03 
       8.014418922406e-04       1.938534023338e+03 
       8.107221519738e-04       1.959653041329e+03 
       8.201098720501e-04       1.980991242005e+03 
       8.296062968016e-04       2.002550649028e+03 
       8.392126849691e-04       2.024333183544e+03 
       8.489303098690e-04       2.046340905451e+03 
       8.587604595620e-04       2.068575815869e+03 
       8.687044370237e-04       2.091039955325e+03 
       8.787635603176e-04       2.113735346789e+03 
       8.889391627695e-04       2.136664001814e+03 
       8.992325931447e-04       2.159828058337e+03 
       9.096452158260e-04       2.183229512016e+03 
       9.201784109954e-04       2.206870460248e+03 
       9.308335748165e-04       2.230752987097e+03 
       9.416121196196e-04       2.254879147398e+03 
       9.525154740893e-04       2.279251112602e+03 
       9.635450834534e-04       2.303870977951e+03 
       9.747024096746e-04       2.328740803624e+03 
       9.859889316444e-04       2.353862763656e+03 
       9.974061453792e-04       2.379239023633e+03 
       1.008955564218e-03       2.404871546419e+03 
       1.020638719024e-03       2.430762758020e+03 
       1.032457158387e-03       2.456914506444e+03 
       1.044412448828e-03       2.483329149374e+03 
       1.056506175008e-03       2.510008800096e+03 
       1.068739939936e-03       2.536955598672e+03 
       1.081115365187e-03       2.564171745622e+03 
       1.093634091107e-03       2.591659419628e+03 
       1.106297777043e-03       2.619420797783e+03 
       1.119108101550e-03       2.647458047371e+03 
       1.132066762623e-03       2.675773324839e+03 
       1.145175477920e-03       2.704368879681e+03 
       1.158435984986e-03       2.733246894630e+03 
       1.171850041488e-03       2.762409466893e+03 
       1.185419425443e-03       2.791858951870e+03 
       1.199145935458e-03       2.821597325845e+03 
       1.213031390969e-03       2.851626866553e+03 
       1.227077632476e-03       2.881949849483e+03 
       1.241286521795e-03       2.912568455027e+03 
       1.255659942298e-03       2.943484599065e+03 
       1.270199799165e-03       2.974700867252e+03 
       1.284908019641e-03       3.006219386227e+03 
       1.299786553282e-03       3.038042037793e+03 
       1.314837372224e-03       3.070171144561e+03 
       1.330062471435e-03       3.102608938356e+03 
       1.345463868985e-03       3.135357473829e+03 
       1.361043606315e-03       3.168418928540e+03 
       1.376803748500e-03       3.201795509568e+03 
       1.392746384530e-03       3.235489324693e+03 
       1.408873627586e-03       3.269502350726e+03 
       1.425187615314e-03       3.303836942034e+03 
       1.441690510117e-03       3.338495208402e+03 
       1.458384499436e-03       3.373478937009e+03 
       1.475271796041e-03       3.408790422429e+03 
       1.492354638324e-03       3.444431862856e+03 
       1.509635290598e-03       3.480405262080e+03 
       1.527116043395e-03       3.516712526304e+03 
       1.544799213769e-03       3.553352945656e+03 
       1.562687145605e-03       3.590330944180e+03 
       1.580782209930e-03       3.627648770061e+03 
       1.599086805225e-03       3.665308655805e+03 
       1.617603357744e-03       3.703312224223e+03 
       1.636334321835e-03       3.741661818440e+03 
       1.655282180269e-03       3.780359101017e+03 
       1.674449444563e-03       3.819405954300e+03 
       1.693838655317e-03       3.858804468456e+03 
       1.713452382549e-03       3.898556454839e+03 
       1.733293226040e-03       3.938663596029e+03 
       1.753363815670e-03       3.979127786195e+03 
       1.773666811774e-03       4.019950805306e+03 
       1.794204905493e-03       4.061134397968e+03 
       1.814980819129e-03       4.102680253120e+03 
       1.835997306507e-03       4.144590105252e+03 
       1.857257153339e-03       4.186865699512e+03 
       1.878763177595e-03       4.229508585402e+03 
       1.900518229875e-03       4.272520378986e+03 
       1.922525193788e-03       4.315902718126e+03 
       1.944786986333e-03       4.359657055141e+03 
       1.967306558287e-03       4.403784664427e+03 
       1.990086894593e-03       4.448287390241e+03 
       2.013131014763e-03       4.493166384898e+03 
       2.036441973267e-03       4.538423054688e+03 
       2.060022859950e-03       4.584058763786e+03 
       2.083876800431e-03       4.630074733656e+03 
       2.108006956525e-03       4.676472251343e+03 
       2.132416526657e-03       4.723252533786e+03 
       2.157108746291e-03       4.770416607829e+03 
       2.182086888352e-03       4.817965605202e+03 
       2.207354263667e-03       4.865900545640e+03 
       2.232914221398e-03       4.914222391845e+03 
       2.258770149491e-03       4.962932037616e+03 
       2.284925475121e-03       5.012030502699e+03 
       2.311383665147e-03       5.061518442062e+03 
       2.338148226575e-03       5.111396667981e+03 
       2.365222707018e-03       5.161665784103e+03 
       2.392610695168e-03       5.212326478146e+03 
       2.420315821274e-03       5.263379297452e+03 
       2.448341757621e-03       5.314824743041e+03 
       2.476692219016e-03       5.366663209632e+03 
       2.505370963282e-03       5.418895163384e+03 
       2.534381791756e-03       5.471520518463e+03 
       2.563728549790e-03       5.524539943023e+03 
       2.593415127267e-03       5.577953332732e+03 
       2.623445459111e-03       5.631760701495e+03 
       2.653823525808e-03       5.685962177398e+03 
       2.684553353939e-03       5.740557589651e+03 
       2.715639016709e-03       5.795546675936e+03 
       2.747084634489e-03       5.850929249161e+03 
       2.778894375362e-03       5.906704826831e+03 
       2.811072455675e-03       5.962873003664e+03 
       2.843623140597e-03       6.019433236024e+03 
       2.876550744686e-03       6.076384911151e+03 
       2.909859632460e-03       6.133727468172e+03 
       2.943554218977e-03       6.191459319368e+03 
       2.977638970417e-03       6.249580251489e+03 
       3.012118404677e-03       6.308089015096e+03 
       3.046997091970e-03       6.366984219859e+03 
       3.082279655426e-03       6.426265319782e+03 
       3.117970771712e-03       6.485929875383e+03 
       3.154075171647e-03       6.545977148438e+03 
       3.190597640830e-03       6.606405313066e+03 
       3.227543020273e-03       6.667212568318e+03 
       3.264916207048e-03       6.728397172969e+03 
       3.302722154930e-03       6.789957151450e+03 
       3.340965875057e-03       6.851890387343e+03 
       3.379652436591e-03       6.914194671176e+03 
       3.418786967394e-03       6.976867578099e+03 
       3.458374654708e-03       7.039906867225e+03 
       3.498420745836e-03       7.103309602342e+03 
       3.538930548844e-03       7.167072916190e+03 
       3.579909433263e-03       7.231194373410e+03 
       3.621362830800e-03       7.295671029486e+03 
       3.663296236058e-03       7.360499096716e+03 
       3.705715207264e-03       7.425675514642e+03 
       3.748625367007e-03       7.491196759731e+03 
       3.792032402981e-03       7.557059182727e+03 
       3.835942068744e-03       7.623259214515e+03 
       3.880360184472e-03       7.689793537474e+03 
       3.925292637740e-03       7.756655842552e+03 
       3.970745384296e-03       7.823843989904e+03 
       4.016724448851e-03       7.891352904840e+03 
       4.063235925881e-03       7.959177377079e+03 
       4.110285980432e-03       8.027313605290e+03 
       4.157880848937e-03       8.095756374248e+03 
       4.206026840046e-03       8.164500382020e+03 
       4.254730335456e-03       8.233540348737e+03 
       4.303997790764e-03       8.302871082281e+03 
       4.353835736316e-03       8.372486288210e+03 
       4.404250778080e-03       8.442381131510e+03 
       4.455249598514e-03       8.512548298942e+03 
       4.506838957457e-03       8.582983091854e+03 
       4.559025693021e-03       8.653678199626e+03 
       4.611816722503e-03       8.724627049564e+03 
       4.665219043296e-03       8.795822022469e+03 
       4.719239733821e-03       8.867257930142e+03 
       4.773885954460e-03       8.938926570656e+03 
       4.829164948512e-03       9.010820009653e+03 
       4.885084043146e-03       9.082931720409e+03 
       4.941650650380e-03       9.155253194723e+03 
       4.998872268054e-03       9.227776242824e+03 
       5.056756480833e-03       9.300494172999e+03 
       5.115310961207e-03       9.373395120151e+03 
       5.174543470507e-03       9.446472404988e+03 
       5.234461859940e-03       9.519717281862e+03 
       5.295074071622e-03       9.593119842261e+03 
       5.356388139637e-03       9.666670851471e+03 
       5.418412191098e-03       9.740367135369e+03 
       5.481154447226e-03       9.814187505096e+03 
       5.544623224439e-03       9.888127733947e+03 
       5.608826935455e-03       9.962179900267e+03 
       5.673774090406e-03       1.003634152618e+04 
       5.739473297967e-03       1.011067850223e+04 
       5.805933266497e-03       1.018489906836e+04 
       5.873162805192e-03       1.025924763781e+04 
       5.941170825256e-03       1.033366119326e+04 
       6.009966341077e-03       1.040812013169e+04 
       6.079558471427e-03       1.048260061584e+04 
       6.149956440667e-03       1.055710131658e+04 
       6.221169579972e-03       1.063160090531e+04 
       6.293207328567e-03       1.070609000255e+04 
       6.366079234976e-03       1.078058108786e+04 
       6.439794958292e-03       1.085500678939e+04 
       6.514364269455e-03       1.092937851438e+04 
       6.589797052545e-03       1.100374645720e+04 
       6.666103306097e-03       1.107799385064e+04 
       6.743293144422e-03       1.115214587013e+04 
       6.821376798949e-03       1.122619133660e+04 
       6.900364619582e-03       1.130011107040e+04 
       6.980267076071e-03       1.137389697246e+04 
       7.061094759400e-03       1.144751830750e+04 
       7.142858383191e-03       1.152097315985e+04 
       7.225568785125e-03       1.159420882112e+04 
       7.309236928374e-03       1.166730097161e+04 
       7.393873903061e-03       1.174014085354e+04 
       7.479490927725e-03       1.181274105757e+04 
       7.566099350809e-03       1.188508716765e+04 
       7.653710652168e-03       1.195716409828e+04 
       7.742336444583e-03       1.202894176625e+04 
       7.831988475308e-03       1.210040547785e+04 
       7.922678627622e-03       1.217154071566e+04 
       8.014418922406e-03       1.224232406748e+04 
       8.107221519738e-03       1.231274321220e+04 
       8.201098720501e-03       1.238277071746e+04 
       8.296062968016e-03       1.245239245635e+04 
       8.392126849691e-03       1.252157932884e+04 
       8.489303098690e-03       1.259031636732e+04 
       8.587604595620e-03       1.265858797771e+04 
       8.687044370237e-03       1.272636634776e+04 
       8.787635603176e-03       1.279362844878e+04 
       8.889391627696e-03       1.286035353542e+04 
       8.992325931447e-03       1.292651678509e+04 
       9.096452158260e-03       1.299210566768e+04 
       9.201784109954e-03       1.305709034510e+04 
       9.308335748165e-03       1.312145029128e+04 
       9.416121196196e-03       1.318515636374e+04 
       9.525154740893e-03       1.324818946191e+04 
       9.635450834534e-03       1.331052220907e+04 
       9.747024096746e-03       1.337212992727e+04 
       9.859889316444e-03       1.343299405343e+04 
       9.974061453792e-03       1.349308641736e+04 
       1.008955564218e-02       1.355237794812e+04 
       1.020638719024e-02       1.361085024521e+04 
       1.032457158387e-02       1.366846835529e+04 
       1.044412448828e-02       1.372521597436e+04 
       1.056506175008e-02       1.378105901884e+04 
       1.068739939936e-02       1.383597426008e+04 
       1.081115365187e-02       1.388993694151e+04 
       1.093634091107e-02       1.394291656183e+04 
       1.106297777043e-02       1.399488711441e+04 
       1.119108101550e-02       1.404581854647e+04 
       1.132066762623e-02       1.409568846364e+04 
       1.145175477920e-02       1.414446230572e+04 
       1.158435984986e-02       1.419211438573e+04 
       1.171850041488e-02       1.423862292046e+04 
       1.185419425443e-02       1.428395054947e+04 
       1.199145935458e-02       1.432807356494e+04 
       1.213031390969e-02       1.437095715086e+04 
       1.227077632476e-02       1.441257579002e+04 
       1.241286521795e-02       1.445290440299e+04 
       1.255659942298e-02       1.449191422804e+04 
       1.270199799165e-02       1.452956886845e+04 
       1.284908019641e-02       1.456585108229e+04 
       1.299786553282e-02       1.460072187867e+04 
       1.314837372224e-02       1.463414429481e+04 
       1.330062471435e-02       1.466610078138e+04 
       1.345463868985e-02       1.469656341710e+04 
       1.361043606315e-02       1.472549499927e+04 
       1.376803748500e-02       1.475286886807e+04 
       1.392746384531e-02       1.477865917456e+04 
       1.408873627586e-02       1.480283278759e+04 
       1.425187615315e-02       1.482536398933e+04 
       1.441690510119e-02       1.484622111252e+04 
       1.458384499439e-02       1.486538064329e+04 
       1.475271796046e-02       1.488280025893e+04 
       1.492354638331e-02       1.489847219906e+04 
       1.509635290609e-02       1.491236801316e+04 
       1.527116043412e-02       1.492442681870e+04 
       1.544799213795e-02       1.493465804095e+04 
       1.562687145645e-02       1.494302806658e+04 
       1.580782209991e-02       1.494951055038e+04 
       1.599086805316e-02       1.495405176132e+04 
       1.617603357879e-02       1.495667540185e+04 
       1.636334322036e-02       1.495732307428e+04 
       1.655282180566e-02       1.495597073707e+04 
       1.674449444999e-02       1.495263228348e+04 
       1.693838655954e-02       1.494723685183e+04 
       1.713452383478e-02       1.493977589423e+04 
       1.733293227384e-02       1.493025494246e+04 
       1.753363817606e-02       1.491861838022e+04 
       1.773666814551e-02       1.490487082301e+04 
       1.794204909457e-02       1.488899224960e+04 
       1.814980824759e-02       1.487094519752e+04 
       1.835997314466e-02       1.485074140467e+04 
       1.857257164539e-02       1.482834502355e+04 
       1.878763193283e-02       1.480377152612e+04 
       1.900518251750e-02       1.477698443990e+04 
       1.922525224152e-02       1.474797209798e+04 
       1.944787028292e-02       1.471672391826e+04 
       1.967306616014e-02       1.468320387019e+04 
       1.990086973668e-02       1.464753430123e+04 
       2.013131122610e-02       1.460957478503e+04 
       2.036442119728e-02       1.456934395458e+04 
       2.060023058007e-02       1.452691414887e+04 
       2.083877067141e-02       1.448217932907e+04 
       2.108007314196e-02       1.443524719746e+04 
       2.132417004346e-02       1.438602662509e+04 
       2.157109381681e-02       1.433459341532e+04 
       2.182087730115e-02       1.428091868746e+04 
       2.207355374406e-02       1.422501749928e+04 
       2.232915681308e-02       1.416694341328e+04 
       2.258772060884e-02       1.410664022683e+04 
       2.284927968008e-02       1.404417055345e+04 
       2.311386904084e-02       1.397956014598e+04 
       2.338152419024e-02       1.391280075606e+04 
       2.365228113526e-02       1.384400245555e+04 
       2.392617641701e-02       1.377303999383e+04 
       2.420324714095e-02       1.370006435327e+04 
       2.448353101174e-02       1.362507015741e+04 
       2.476706637342e-02       1.354810386584e+04 
       2.505389225547e-02       1.346915313410e+04 
       2.534404842572e-02       1.338830668866e+04 
       2.563757545090e-02       1.330562036036e+04 
       2.593451476580e-02       1.322107945157e+04 
       2.623490875202e-02       1.313476713497e+04 
       2.653880082739e-02       1.304675083061e+04 
       2.684623554730e-02       1.295706999046e+04 
       2.715725871895e-02       1.286574857513e+04 
       2.747191753006e-02       1.277284884553e+04 
       2.779026069320e-02       1.267848428702e+04 
       2.811233860707e-02       1.258266249180e+04 
       2.843820353643e-02       1.248548163285e+04 
       2.876790981177e-02       1.238699819886e+04 
       2.910151405058e-02       1.228724935164e+04 
       2.943907540144e-02       1.218631164869e+04 
       2.978065581271e-02       1.208431630561e+04 
       3.012632032721e-02       1.198127894892e+04 
       3.047613740452e-02       1.187729568694e+04 
       3.083017927254e-02       1.177239583525e+04 
       3.118852230976e-02       1.166676344769e+04 
       3.155124745999e-02       1.156038389768e+04 
       3.191844068108e-02       1.145334259005e+04 
       3.229019342936e-02       1.134573162551e+04 
       3.266660318144e-02       1.123766184391e+04 
       3.304777399533e-02       1.112919472160e+04 
       3.343381711246e-02       1.102040733676e+04 
       3.382485160299e-02       1.091135514107e+04 
       3.422100505616e-02       1.080214486559e+04 
       3.462241431848e-02       1.069288478829e+04 
       3.502922628193e-02       1.058361516432e+04 
       3.544159872541e-02       1.047438071817e+04 
       3.585970121247e-02       1.036534915213e+04 
       3.628371604906e-02       1.025649563672e+04 
       3.671383930535e-02       1.014800316435e+04 
       3.715028190621e-02       1.003984502396e+04 
       3.759327079568e-02       9.932119114500e+03 
       3.804305018123e-02       9.824934147410e+03 
       3.849988286444e-02       9.718341754936e+03 
       3.896405166561e-02       9.612372630593e+03 
       3.943586095059e-02       9.507164499329e+03 
       3.991563826924e-02       9.402676813363e+03 
       4.040373611585e-02       9.299068965739e+03 
       4.090053382315e-02       9.196318479355e+03 
       4.140643960270e-02       9.094508511170e+03 
       4.192189274578e-02       8.993768812568e+03 
       4.244736600028e-02       8.894002992975e+03 
       4.298336814071e-02       8.795315772473e+03 
       4.353044674979e-02       8.697781141210e+03 
       4.408919123179e-02       8.601399002321e+03 
       4.466023607947e-02       8.506201960946e+03 
       4.524426441786e-02       8.412213302748e+03 
       4.584201184995e-02       8.319486352455e+03 
       4.645427063065e-02       8.227938656800e+03 
       4.708189419654e-02       8.137685649098e+03 
       4.772580208023e-02       8.048633597350e+03 
       4.838698523822e-02       7.960802327730e+03 
       4.906651182126e-02       7.874117633338e+03 
       4.976553341536e-02       7.788585461166e+03 
       5.048529177903e-02       7.704099018386e+03 
       5.122712609892e-02       7.620572721516e+03 
       5.199248078040e-02       7.537830913180e+03 
       5.278291378079e-02       7.455809263958e+03 
       5.360010548191e-02       7.374272523732e+03 
       5.444586808243e-02       7.292967392917e+03 
       5.532215546969e-02       7.211666436457e+03 
       5.623107350354e-02       7.129962657055e+03 
       5.717489061013e-02       7.047500675091e+03 
       5.815604854002e-02       6.963837114995e+03 
       5.917717309174e-02       6.878355493291e+03 
       6.024108453727e-02       6.790449254031e+03 
       6.135080740969e-02       6.699381677250e+03 
       6.250957922545e-02       6.604323609704e+03 
       6.372085761579e-02       6.504419864946e+03 
       6.498832523683e-02       6.398662673792e+03 
       6.631589172189e-02       6.286000654968e+03 
       6.770769184188e-02       6.165359218124e+03 
       6.916807896295e-02       6.035713564015e+03 
       7.070161285406e-02       5.896089304231e+03 
       7.231304092180e-02       5.745685776967e+03 
       7.400727206353e-02       5.583970298336e+03 
       7.578934255784e-02       5.410814637538e+03 
       7.766437377895e-02       5.226559016641e+03 
       7.963752204103e-02       5.032160864461e+03 
       8.171392154623e-02       4.829356928463e+03 
       8.389862219526e-02       4.620607665993e+03 
       8.619652485680e-02       4.409125946023e+03 
       8.861231748491e-02       4.198741620859e+03 
       9.115041609458e-02       3.993726880840e+03 
       9.381491492102e-02       3.798410214305e+03 
       9.660954997967e-02       3.616701015209e+03 
       9.953767964519e-02       3.451764133552e+03 
       1.026022847883e-01       3.305394020817e+03 
       1.058059895500e-01       3.177690551882e+03 
       1.091511021772e-01       3.066751456192e+03 
       1.126396737180e-01       2.968681458216e+03 
       1.162735710124e-01       2.877751058491e+03 
       1.200545594906e-01       2.787226440708e+03 
       1.239843908982e-01       2.690298228214e+03 
       1.280648911946e-01       2.581566718836e+03 
       1.322980444291e-01       2.458373670472e+03 
       1.366860692337e-01       2.321899700584e+03 
       1.412314855195e-01       2.176876602420e+03 
       1.459371698799e-01       2.031072002346e+03 
       1.508063989752e-01       1.893038929168e+03 
       1.558428807369e-01       1.770192064855e+03 
       1.610507735702e-01       1.666867190035e+03 
       1.664346938474e-01       1.583206240127e+03 
       1.719997119253e-01       1.515115578783e+03 
       1.777513367011e-01       1.455261883226e+03 
       1.836954884131e-01       1.395416038523e+03 
       1.898384590137e-01       1.329148414141e+03 
       1.961868590469e-01       1.253446612577e+03 
       2.027475495780e-01       1.171092763476e+03 
       2.095275573978e-01       1.088934772764e+03 
       2.165339714912e-01       1.014279524343e+03 
       2.237738186837e-01       9.511016372037e+02 
       2.312539165166e-01       8.992293339763e+02 
       2.389807018232e-01       8.549771940400e+02 
       2.469600342780e-01       8.125661135177e+02 
       2.551969754325e-01       7.672549824652e+02 
       2.636955455122e-01       7.185239455290e+02 
       2.724584625535e-01       6.695849299547e+02 
       2.814868712620e-01       6.246842811653e+02 
       2.907800721483e-01       5.864020542753e+02 
       3.003352647636e-01       5.535702960628e+02 
       3.101473218175e-01       5.228384498836e+02 
       3.202086130636e-01       4.919140763735e+02 
       3.305088984805e-01       4.606630143947e+02 
       3.410353088745e-01       4.309668699174e+02 
       3.517724281857e-01       4.044713645104e+02 
       3.627024854586e-01       3.810508026200e+02 
       3.738056560338e-01       3.594901207392e+02 
       3.850604619736e-01       3.386080922951e+02 
       3.964442523345e-01       3.185716278555e+02 
       4.079337361151e-01       2.999616490608e+02 
       4.195055358029e-01       2.831091341818e+02 
       4.311367282236e-01       2.677464008303e+02 
       4.428053419517e-01       2.534617314774e+02 
       4.544907863160e-01       2.400345852930e+02 
       4.661741949019e-01       2.274369308013e+02 
       4.778386751152e-01       2.158131087969e+02 
       4.894694635459e-01       2.051383663668e+02 
       5.010539936376e-01       1.953082679000e+02 
       5.125818869795e-01       1.861076545857e+02 
       5.240448822997e-01       1.775006912778e+02 
       5.354367171415e-01       1.694705071280e+02 
       5.467529766644e-01       1.620259716901e+02 
       5.579909224768e-01       1.550994361579e+02 
       5.691493123314e-01       1.486231020704e+02 
       5.802282192522e-01       1.425566264737e+02 
       5.912288564692e-01       1.368517153028e+02 
       6.021534125791e-01       1.315052442047e+02 
       6.130048997079e-01       1.264765275067e+02 
       6.237870161371e-01       1.217558483711e+02 
       6.345040238663e-01       1.173025421177e+02 
       6.451606408688e-01       1.130926511363e+02 
       6.557619473133e-01       1.091127354173e+02 
       6.663133047263e-01       1.053374848478e+02 
       6.768202869057e-01       1.017651684239e+02 
       6.872886213378e-01       9.836901502181e+01 
       6.977241398799e-01       9.514206466956e+01 
       7.081327375239e-01       9.206948283422e+01 
       7.185203381439e-01       8.913538754635e+01 
       7.288928662299e-01       8.633883757112e+01 
       7.392562237101e-01       8.366200615932e+01 
       7.496162710760e-01       8.110381413909e+01 
       7.599788121169e-01       7.865266617098e+01 
       7.703495816690e-01       7.630001034904e+01 
       7.807342358632e-01       7.404456809306e+01 
       7.911383444377e-01       7.187354675149e+01 
       8.015673847426e-01       6.978840168076e+01 
       8.120267371278e-01       6.777970393413e+01 
       8.225216814535e-01       6.584408863958e+01 
       8.330573945106e-01       6.397948094200e+01 
       8.436389481737e-01       6.217735413294e+01 
       8.542713081450e-01       6.043978437412e+01 
       8.649593331751e-01       5.875859437382e+01 
       8.757077746694e-01       5.713399318183e+01 
       8.865212766121e-01       5.556242480003e+01 
       8.974043757533e-01       5.403976232176e+01 
       9.083615020224e-01       5.256684321180e+01 
       9.193969791402e-01       5.113729738166e+01 
       9.305150254130e-01       4.975335366188e+01 
       9.417197546985e-01       4.840939924174e+01 
       9.530151775411e-01       4.710631540463e+01 
       9.644052024756e-01       4.584117380136e+01 
       9.758936375038e-01       4.461218044727e+01 
       9.874841917490e-01       4.341865599857e+01 
       9.991804772942e-01       4.225817939636e+01 
       1.010986011210e+00       4.113129024279e+01 
       1.022904217779e+00       4.003462286403e+01 
       1.034938430913e+00       3.896940100839e+01 
       1.047091896777e+00       3.793194932240e+01 
       1.059367776604e+00       3.692390811389e+01 
       1.071769149710e+00       3.594166798779e+01 
       1.084299016690e+00       3.498730763769e+01 
       1.096960302802e+00       3.405693597366e+01 
       1.109755861501e+00       3.315261674870e+01 
       1.122688478141e+00       3.227105922432e+01 
       1.135760873796e+00       3.141386384012e+01 
       1.148975709199e+00       3.057828879171e+01 
       1.162335588777e+00       2.976559963458e+01 
       1.175843064744e+00       2.897328224737e+01 
       1.189500641252e+00       2.820249141531e+01 
       1.203310778553e+00       2.745116275410e+01 
       1.217275897163e+00       2.671992510424e+01 
       1.231398381997e+00       2.600757934210e+01 
       1.245680586460e+00       2.531365385974e+01 
       1.260124836458e+00       2.463802567962e+01 
       1.274733434322e+00       2.397942658756e+01 
       1.289508662628e+00       2.333852224682e+01 
       1.304452787885e+00       2.271370407979e+01 
       1.319568064082e+00       2.210548892380e+01 
       1.334856736096e+00       2.151299029309e+01 
       1.350321042925e+00       2.093567876348e+01 
       1.365963220763e+00       2.037389892854e+01 
       1.381785505908e+00       1.982621189801e+01 
       1.397790137481e+00       1.929305802817e+01 
       1.413979359993e+00       1.877397450340e+01 
       1.430355425720e+00       1.826810876542e+01 
       1.446920596919e+00       1.777575581019e+01 
       1.463677147887e+00       1.729623727568e+01 
       1.480627366845e+00       1.682903592614e+01 
       1.497773557689e+00       1.637429361823e+01 
       1.515118041592e+00       1.593145491414e+01 
       1.532663158469e+00       1.550001392261e+01 
       1.550411268324e+00       1.508002242565e+01 
       1.568364752481e+00       1.467115814211e+01 
       1.586526014707e+00       1.427287631082e+01 
       1.604897482238e+00       1.388515582787e+01 
       1.623481606728e+00       1.350778542959e+01 
       1.642280865100e+00       1.314027279121e+01 
       1.661297760353e+00       1.278234524185e+01 
       1.680534822285e+00       1.243403245458e+01 
       1.699994608172e+00       1.209500440554e+01 
       1.719679703402e+00       1.176493053458e+01 
       1.739592722064e+00       1.144351054052e+01 
       1.759736307499e+00       1.113061343950e+01 
       1.780113132830e+00       1.082609526691e+01 
       1.800725901458e+00       1.052973759634e+01 
       1.821577347544e+00       1.024121409903e+01 
       1.842670236471e+00       9.960338478350e+00 
       1.864007365292e+00       9.686934332648e+00 
       1.885591563167e+00       9.420865489538e+00 
       1.907425691796e+00       9.161954232181e+00 
       1.929512645840e+00       8.909978146797e+00 
       1.951855353338e+00       8.664746676407e+00 
       1.974456776129e+00       8.426076664257e+00 
       1.997319910264e+00       8.193806083895e+00 
       2.020447786421e+00       7.967753235683e+00 
       2.043843470323e+00       7.747712794365e+00 
       2.067510063153e+00       7.533636057145e+00 
       2.091450701974e+00       7.325328455377e+00 
       2.115668560154e+00       7.122653107228e+00 
       2.140166847789e+00       6.925437624752e+00 
       2.164948812134e+00       6.733547762572e+00 
       2.190017738037e+00       6.546846982115e+00 
       2.215376948373e+00       6.365193483145e+00 
       2.241029804492e+00       6.188440058790e+00 
       2.266979706662e+00       6.016487028650e+00 
       2.293230094521e+00       5.849199079470e+00 
       2.319784447533e+00       5.686472324449e+00 
       2.346646285454e+00       5.528137852667e+00 
       2.373819168792e+00       5.374121905350e+00 
       2.401306699287e+00       5.224292202198e+00 
       2.429112520381e+00       5.078545046734e+00 
       2.457240317706e+00       4.936781682726e+00 
       2.485693819573e+00       4.798859486100e+00 
       2.514476797463e+00       4.664690653984e+00 
       2.543593066527e+00       4.534193610357e+00 
       2.573046486098e+00       4.407274689940e+00 
       2.602840960193e+00       4.283839481158e+00 
       2.632980438037e+00       4.163785423469e+00 
       2.663468914587e+00       4.047000639969e+00 
       2.694310431056e+00       3.933427667252e+00 
       2.725509075454e+00       3.822969068404e+00 
       2.757068983129e+00       3.715559203067e+00 
       2.788994337310e+00       3.611090361196e+00 
       2.821289369670e+00       3.509472861734e+00 
       2.853958360880e+00       3.410670353063e+00 
       2.887005641180e+00       3.314612461833e+00 
       2.920435590950e+00       3.221169338713e+00 
       2.954252641294e+00       3.130326700465e+00 
       2.988461274626e+00       3.041989057844e+00 
       3.023066025263e+00       2.956079336133e+00 
       3.058071480028e+00       2.872562687161e+00 
       3.093482278854e+00       2.791355036592e+00 
       3.129303115406e+00       2.712386885617e+00 
       3.165538737696e+00       2.635611084181e+00 
       3.202193948717e+00       2.560952359438e+00 
       3.239273607078e+00       2.488389311474e+00 
       3.276782627646e+00       2.417825697123e+00 
       3.314725982203e+00       2.349230809499e+00 
       3.353108700098e+00       2.282535263929e+00 
       3.391935868919e+00       2.217711755994e+00 
       3.431212635165e+00       2.154676114276e+00 
       3.470944204930e+00       2.093412936249e+00 
       3.511135844590e+00       2.033836172645e+00 
       3.551792881503e+00       1.975945196467e+00 
       3.592920704715e+00       1.919662341626e+00 
       3.634524765674e+00       1.864945186486e+00 
       3.676610578955e+00       1.811770685818e+00 
       3.719183722985e+00       1.760076589584e+00 
       3.762249840790e+00       1.709833031231e+00 
       3.805814640736e+00       1.660999331511e+00 
       3.849883897290e+00       1.613533198757e+00 
       3.894463451784e+00       1.567392780191e+00 
       3.939559213191e+00       1.522550629523e+00 
       3.985177158904e+00       1.478974544225e+00 
       4.031323335533e+00       1.436618118654e+00 
       4.078003859704e+00       1.395453628128e+00 
       4.125224918869e+00       1.355444138319e+00 
       4.172992772129e+00       1.316564616912e+00 
       4.221313751061e+00       1.278773451240e+00 
       4.270194260558e+00       1.242061951626e+00 
       4.319640779679e+00       1.206377780126e+00 
       4.369659862506e+00       1.171704723635e+00 
       4.420258139016e+00       1.138006002780e+00 
       4.471442315953e+00       1.105270647500e+00 
       4.523219177727e+00       1.073450475233e+00 
       4.575595587303e+00       1.042536822733e+00 
       4.628578487118e+00       1.012501833542e+00 
       4.682174899998e+00       9.832942666552e-01 
       4.736391930089e+00       9.549385777324e-01 
       4.791236763800e+00       9.273825048080e-01 
       4.846716670755e+00       9.006063354823e-01 
       4.902839004755e+00       8.745850523665e-01 
       4.959611204754e+00       8.493094382415e-01 
       5.017040795846e+00       8.247561968420e-01 
       5.075135390262e+00       8.008879230328e-01 
       5.133902688376e+00       7.777135806606e-01 
       5.193350479731e+00       7.551949356793e-01 
       5.253486644067e+00       7.333204729871e-01 
       5.314319152367e+00       7.120616912655e-01 
       5.375856067914e+00       6.914186377770e-01 
       5.438105547360e+00       6.713576416473e-01 
       5.501075841806e+00       6.518738025119e-01 
       5.564775297897e+00       6.329484490926e-01 
       5.629212358925e+00       6.145621795595e-01 
       5.694395565955e+00       5.966992619586e-01 
       5.760333558949e+00       5.793504959749e-01 
       5.827035077916e+00       5.624986054134e-01 
       5.894508964072e+00       5.461259018256e-01 
       5.962764161006e+00       5.302263853578e-01 
       6.031809715871e+00       5.147817482401e-01 
       6.101654780580e+00       4.997792475955e-01 
       6.172308613022e+00       4.852094420347e-01 
       6.243780578284e+00       4.710579893473e-01 
       6.316080149899e+00       4.573132530867e-01 
       6.389216911097e+00       4.439630353274e-01 
       6.463200556075e+00       4.309958913697e-01 
       6.538040891287e+00       4.184030025856e-01 
       6.613747836737e+00       4.061723100253e-01 
       6.690331427299e+00       3.942942020900e-01 
       6.767801814045e+00       3.827593658467e-01 
       6.846169265591e+00       3.715565625984e-01 
       6.925444169457e+00       3.606770497896e-01 
       7.005637033447e+00       3.501131063760e-01 
       7.086758487037e+00       3.398521657486e-01 
       7.168819282789e+00       3.298891523417e-01 
       7.251830297771e+00       3.202148931795e-01 
       7.335802535005e+00       3.108192441743e-01 
       7.420747124919e+00       3.016955385168e-01 
       7.506675326826e+00       2.928373389939e-01 
       7.593598530417e+00       2.842356180177e-01 
       7.681528257268e+00       2.758828929035e-01 
       7.770476162369e+00       2.677710989897e-01 
       7.860454035669e+00       2.598963178707e-01 
       7.951473803637e+00       2.522490363602e-01 
       8.043547530845e+00       2.448244841677e-01 
       8.136687421565e+00       2.376153014131e-01 
       8.230905821391e+00       2.306152962009e-01 
       8.326215218867e+00       2.238189347614e-01 
       8.422628247152e+00       2.172211494115e-01 
       8.520157685688e+00       2.108149190820e-01 
       8.618816461896e+00       2.045949511469e-01 
       8.718617652891e+00       1.985559154043e-01 
       8.819574487213e+00       1.926934564644e-01 
       8.921700346579e+00       1.870020477467e-01 
       9.025008767663e+00       1.814764628255e-01 
       9.129513443883e+00       1.761110967067e-01 
       9.235228227222e+00       1.709036526544e-01 
       9.342167130058e+00       1.658485108565e-01 
       9.450344327029e+00       1.609417147235e-01 
       9.559774156904e+00       1.561762819757e-01 
       9.670471124489e+00       1.515511862865e-01 
       9.782449902547e+00       1.470612344029e-01 
       9.895725333743e+00       1.427031983561e-01 
       1.001031243261e+01       1.384722286633e-01 
       1.012622638755e+01       1.343661910414e-01 
       1.024348256283e+01       1.303787568701e-01 
       1.036209650063e+01       1.265096826984e-01 
       1.048208392310e+01       1.227533565887e-01 
       1.060346073443e+01       1.191077309406e-01 
       1.072624302301e+01       1.155690021838e-01 
       1.085044706347e+01       1.121341375001e-01 
       1.097608931894e+01       1.087999971850e-01 
       1.110318644316e+01       1.055640417846e-01 
       1.123175528272e+01       1.024231997729e-01 
       1.136181287928e+01       9.937468432450e-02 
       1.149337647182e+01       9.641590428724e-02 
       1.162646349897e+01       9.354452708023e-02 
       1.176109160126e+01       9.075716977697e-02 
       1.189727862350e+01       8.805237414440e-02 
       1.203504261714e+01       8.542714693695e-02 
       1.217440184264e+01       8.287877442721e-02 
       1.231537477192e+01       8.040644104192e-02 
       1.245798009078e+01       7.800692577521e-02 
       1.260223670142e+01       7.567829203217e-02 
       1.274816372487e+01       7.341782520597e-02 
       1.289578050362e+01       7.122482804108e-02 
       1.304510660411e+01       6.909630676481e-02 
       1.319616181935e+01       6.703074788753e-02 
       1.334896617154e+01       6.502608397754e-02 
       1.350353991474e+01       6.308116025079e-02 
       1.365990353753e+01       6.119336934170e-02 
       1.381807776574e+01       5.936173062809e-02 
       1.397808356519e+01       5.758447907271e-02 
       1.413994214447e+01       5.585942903745e-02 
       1.430367495777e+01       5.418593758741e-02 
       1.446930370769e+01       5.256190862381e-02 
       1.463685034815e+01       5.098602674393e-02 
       1.480633708726e+01       4.945689857815e-02 
       1.497778639032e+01       4.797328373120e-02 
       1.515122098274e+01       4.653351526802e-02 
       1.532666385309e+01       4.513660818804e-02 
       1.550413825614e+01       4.378120352420e-02 
       1.568366771591e+01       4.246609635392e-02 
       1.586527602886e+01       4.118987049168e-02 
       1.604898726696e+01       3.995196702210e-02 
       1.623482578093e+01       3.875088826012e-02 
       1.642281620348e+01       3.758537568494e-02 
       1.661298345253e+01       3.645465982742e-02 
       1.680535273453e+01       3.535758158904e-02 
       1.699994954785e+01       3.429350475595e-02 
       1.719679968606e+01       3.326057953288e-02 
       1.739592924144e+01       3.225878354544e-02 
       1.759736460840e+01       3.128677131320e-02 
       1.780113248697e+01       3.034391038819e-02 
       1.800725988638e+01       2.942898439655e-02 
       1.821577412858e+01       2.854162192051e-02 
       1.842670285191e+01       2.768057049419e-02 
       1.864007401475e+01       2.684528183493e-02 
       1.885591589920e+01       2.603502439530e-02 
       1.907425711488e+01       2.524891464062e-02 
       1.929512660269e+01       2.448640275424e-02 
       1.951855363862e+01       2.374652215409e-02 
       1.974456783770e+01       2.302895376684e-02 
       1.997319915786e+01       2.233289052036e-02 
       2.020447790393e+01       2.165764545405e-02 
       2.043843473166e+01       2.100248691521e-02 
       2.067510065178e+01       2.036713851979e-02 
       2.091450703410e+01       1.975071317149e-02 
       2.115668561167e+01       1.915281332196e-02 
       2.140166848500e+01       1.857287453567e-02 
       2.164948812631e+01       1.801034364220e-02 
       2.190017738382e+01       1.746450383013e-02 
       2.215376948612e+01       1.693522397804e-02 
       2.241029804657e+01       1.642194698779e-02 
       2.266979706775e+01       1.592394670485e-02 
       2.293230094597e+01       1.544091831154e-02 
       2.319784447585e+01       1.497232578732e-02 
       2.346646285489e+01       1.451798292898e-02 
       2.373819168816e+01       1.407726777696e-02 
       2.401306699302e+01       1.364981144466e-02 
       2.429112520391e+01       1.323510966228e-02 
       2.457240317713e+01       1.283305292855e-02 
       2.485693819578e+01       1.244305065467e-02 
       2.514476797465e+01       1.206462957781e-02 
       2.543593066529e+01       1.169789172871e-02 
       2.573046486099e+01       1.134213361590e-02 
       2.602840960193e+01       1.099695534600e-02 
       2.632980438038e+01       1.066229536667e-02 
       2.663468914587e+01       1.033770000514e-02 
       2.694310431056e+01       1.002292950525e-02 
       2.725509075455e+01       9.717678676887e-03 
       2.757068983129e+01       9.421597039086e-03 
       2.788994337310e+01       9.134461038504e-03 
       2.821289369670e+01       8.855971911348e-03 
       2.853958360880e+01       8.585953309628e-03 
       2.887005641180e+01       8.324080804461e-03 
       2.920435590950e+01       8.070109825744e-03 
       2.954252641294e+01       7.823836443116e-03 
       2.988461274626e+01       7.585018442686e-03 
       3.023066025263e+01       7.353414645630e-03 
