Run parameters:
does_de_cluster=True
save_data=True
time_domain=True
number_of_points=50
varied_parameter=w_i
varied_par_values=[-0.5]
init_value=-0.5
final_value=-0.9
n_samples=1

Cosmological parameters:
omega_matter_now=0.3
omega_rad_now=0
hubble_constant_standard_units=67
scale_at_lss=0.0009165902841429881
a_min=1e-10
a_max=1
min_redshift=0
max_redshift=20
spectral_index=0.96
sigma8=0.85

Dark energy eos parameters:
selected_de_eos=de_eos_5
w_i=-0.5,-0.7,-0.9
w_f=-1
trans_steepness=-1
trans_z=0.5
w=-1
c_eff_value=0

Precision parameters:
virialization_scale_tol=1.0e-06
turn_around_scale_tol=1.0e-06
a_ini=1.0e-10
nonlinear_perturbations_atol=1.0e-10
nonlinear_perturbations_rtol=1.0e-08
growth_factor_atol=1.0e-10
growth_factor_rtol=1.0e-08
dark_density_evolution_atol=1.0e-10
dark_density_evolution_rtol=1.0e-08
dark_density_evolution_max_step=1.0e-03
friedmann_atol=1.0e-10
friedmann_rtol=1.0e-08
friedmann_max_stepsize=1.0e-03
exact_decimals=5.0e+00
numerical_infty=1.0e+11
normalization_integrand_atol=1.0e-08
normalization_integrand_rtol=1.0e-06
mass_variance_filtered_spectrum_atol=1.0e-06
mass_variance_filtered_spectrum_rtol=1.0e-04
log_der_of_log_sigma_atol=1.0e-06
log_der_of_log_sigma_rtol=1.0e-04

*********************************
2.000000000e-05	-1.293422567e+01
2.050442102e-05	-1.293320666e+01
2.102156407e-05	-1.293206079e+01
2.155175001e-05	-1.293114292e+01
2.209530780e-05	-1.292996701e+01
2.265257468e-05	-1.292861517e+01
2.322389643e-05	-1.292741362e+01
2.380962750e-05	-1.292616402e+01
2.441013133e-05	-1.292465212e+01
2.502578050e-05	-1.292301976e+01
2.565695699e-05	-1.292155849e+01
2.630405241e-05	-1.291992912e+01
2.696746826e-05	-1.291830804e+01
2.764761615e-05	-1.291635933e+01
2.834491809e-05	-1.291463495e+01
2.905980672e-05	-1.291264325e+01
2.979272558e-05	-1.291052036e+01
3.054412944e-05	-1.290841437e+01
3.131448448e-05	-1.290613013e+01
3.210426870e-05	-1.290387176e+01
3.291397210e-05	-1.290117748e+01
3.374409707e-05	-1.289836897e+01
3.459515866e-05	-1.289579344e+01
3.546768492e-05	-1.289289121e+01
3.636221721e-05	-1.288990037e+01
3.727931055e-05	-1.288659967e+01
3.821953395e-05	-1.288320784e+01
3.918347076e-05	-1.287972733e+01
4.017171908e-05	-1.287593398e+01
4.118489205e-05	-1.287198621e+01
4.222361832e-05	-1.286790098e+01
4.328854235e-05	-1.286358635e+01
4.438032489e-05	-1.285898459e+01
4.549964333e-05	-1.285426459e+01
4.664719215e-05	-1.284924694e+01
4.782368337e-05	-1.284402131e+01
4.902984693e-05	-1.283849324e+01
5.026643120e-05	-1.283263915e+01
5.153420343e-05	-1.282654101e+01
5.283395020e-05	-1.282019664e+01
5.416647796e-05	-1.281356222e+01
5.553261346e-05	-1.280652722e+01
5.693320434e-05	-1.279897483e+01
5.836911959e-05	-1.279138954e+01
5.984125014e-05	-1.278321752e+01
6.135050936e-05	-1.277479867e+01
6.289783369e-05	-1.276577209e+01
6.448418316e-05	-1.275644947e+01
6.611054204e-05	-1.274654562e+01
6.777791939e-05	-1.273635488e+01
6.948734976e-05	-1.272563633e+01
7.123989375e-05	-1.271441619e+01
7.303663875e-05	-1.270245887e+01
7.487869954e-05	-1.269017746e+01
7.676721905e-05	-1.267711590e+01
7.870336900e-05	-1.266351199e+01
8.068835068e-05	-1.264933769e+01
8.272339569e-05	-1.263438225e+01
8.480976668e-05	-1.261878754e+01
8.694875813e-05	-1.260243086e+01
8.914169720e-05	-1.258531364e+01
9.138994449e-05	-1.256739038e+01
9.369489495e-05	-1.254876830e+01
9.605797868e-05	-1.252922880e+01
9.848066186e-05	-1.250884879e+01
1.009644477e-04	-1.248750353e+01
1.035108771e-04	-1.246509704e+01
1.061215303e-04	-1.244178829e+01
1.087980268e-04	-1.241752033e+01
1.115420274e-04	-1.239193405e+01
1.143552345e-04	-1.236549829e+01
1.172393938e-04	-1.233799707e+01
1.201962945e-04	-1.230919059e+01
1.232277714e-04	-1.227917103e+01
1.263357053e-04	-1.224777287e+01
1.295220245e-04	-1.221537657e+01
1.327887061e-04	-1.218144593e+01
1.361377769e-04	-1.214631493e+01
1.395713147e-04	-1.210954295e+01
1.430914499e-04	-1.207146219e+01
1.467003667e-04	-1.203196546e+01
1.504003041e-04	-1.199169601e+01
1.541935579e-04	-1.194691222e+01
1.580824815e-04	-1.190285268e+01
1.620694878e-04	-1.185710328e+01
1.661570506e-04	-1.180980782e+01
1.703477061e-04	-1.176100665e+01
1.746440543e-04	-1.171047397e+01
1.790487609e-04	-1.165839388e+01
1.835645588e-04	-1.160462545e+01
1.881942499e-04	-1.154919101e+01
1.929407067e-04	-1.149212348e+01
1.978068741e-04	-1.143348508e+01
2.027957714e-04	-1.137325209e+01
2.079104939e-04	-1.131150888e+01
2.131542151e-04	-1.124819482e+01
2.185301884e-04	-1.118331661e+01
2.240417495e-04	-1.111710311e+01
2.296923179e-04	-1.104953942e+01
2.354853995e-04	-1.098073781e+01
2.414245888e-04	-1.091073619e+01
2.475135707e-04	-1.083967559e+01
2.537561231e-04	-1.076759037e+01
2.601561192e-04	-1.069468682e+01
2.667175300e-04	-1.062108686e+01
2.734444264e-04	-1.054697194e+01
2.803409823e-04	-1.047253624e+01
2.874114765e-04	-1.039793192e+01
2.946602960e-04	-1.032329842e+01
3.020919384e-04	-1.024892723e+01
3.097110146e-04	-1.017504938e+01
3.175222519e-04	-1.010188924e+01
3.255304968e-04	-1.002978131e+01
3.337407181e-04	-9.958922191e+00
3.421580098e-04	-9.889549947e+00
3.507875944e-04	-9.822122553e+00
3.596348262e-04	-9.756907090e+00
3.687051945e-04	-9.694184200e+00
3.780043270e-04	-9.634315659e+00
3.875379935e-04	-9.577638917e+00
3.973121090e-04	-9.524408698e+00
4.073327380e-04	-9.475240472e+00
4.176060977e-04	-9.430312093e+00
4.281385624e-04	-9.390013868e+00
4.389366670e-04	-9.354664314e+00
4.500071111e-04	-9.324625866e+00
4.613567634e-04	-9.300142713e+00
4.729926659e-04	-9.281883301e+00
4.849220380e-04	-9.269969079e+00
4.971522815e-04	-9.264663646e+00
5.096909846e-04	-9.266235726e+00
5.225459269e-04	-9.274964922e+00
5.357250844e-04	-9.291008170e+00
5.492366341e-04	-9.314934926e+00
5.630889593e-04	-9.346749072e+00
5.772906546e-04	-9.386505892e+00
5.918505317e-04	-9.434334315e+00
6.067776242e-04	-9.490316207e+00
6.220811936e-04	-9.554433030e+00
6.377707351e-04	-9.627034495e+00
6.538559834e-04	-9.707974096e+00
6.703469185e-04	-9.797050553e+00
6.872537724e-04	-9.894147788e+00
7.045870349e-04	-9.999123794e+00
7.223574604e-04	-1.011172747e+01
7.405760748e-04	-1.023203162e+01
7.592541818e-04	-1.035975240e+01
7.784033703e-04	-1.049442463e+01
7.980355214e-04	-1.063569964e+01
8.181628160e-04	-1.078323054e+01
8.387977422e-04	-1.093659666e+01
8.599531028e-04	-1.109550690e+01
8.816420239e-04	-1.125979820e+01
9.038779624e-04	-1.142866029e+01
9.266747146e-04	-1.160162364e+01
9.500464249e-04	-1.177831944e+01
9.740075943e-04	-1.195816062e+01
9.985730895e-04	-1.214070391e+01
1.023758152e-03	-1.232573169e+01
1.049578409e-03	-1.251253397e+01
1.076049880e-03	-1.270058099e+01
1.103188989e-03	-1.288948265e+01
1.131012574e-03	-1.307872472e+01
1.159537900e-03	-1.326779431e+01
1.188782665e-03	-1.345658493e+01
1.218765013e-03	-1.364445367e+01
1.249503548e-03	-1.383102850e+01
1.281017340e-03	-1.401597905e+01
1.313325944e-03	-1.419896530e+01
1.346449405e-03	-1.437948078e+01
1.380408274e-03	-1.455765781e+01
1.415223622e-03	-1.473299539e+01
1.450917049e-03	-1.490532539e+01
1.487510702e-03	-1.507432404e+01
1.525027285e-03	-1.523991074e+01
1.563490076e-03	-1.540170666e+01
1.602922939e-03	-1.556011997e+01
1.643350340e-03	-1.571462853e+01
1.684797363e-03	-1.586517674e+01
1.727289723e-03	-1.601175148e+01
1.770853786e-03	-1.615421011e+01
1.815516579e-03	-1.629230852e+01
1.861305816e-03	-1.642653083e+01
1.908249905e-03	-1.655661857e+01
1.956377973e-03	-1.668257925e+01
2.005719882e-03	-1.680449395e+01
2.056306245e-03	-1.692238897e+01
2.108168450e-03	-1.703602098e+01
2.161338674e-03	-1.714580755e+01
2.215849907e-03	-1.725181023e+01
2.271735971e-03	-1.735399223e+01
2.329031539e-03	-1.745244100e+01
2.387772163e-03	-1.754724989e+01
2.447994286e-03	-1.763826029e+01
2.509735275e-03	-1.772578904e+01
2.573033437e-03	-1.781008353e+01
2.637928044e-03	-1.789107556e+01
2.704459362e-03	-1.796885883e+01
2.772668670e-03	-1.804352022e+01
2.842598288e-03	-1.811499785e+01
2.914291604e-03	-1.818340650e+01
2.987793102e-03	-1.824923372e+01
3.063148384e-03	-1.831230468e+01
3.140404206e-03	-1.837274231e+01
3.219608500e-03	-1.843062359e+01
3.300810411e-03	-1.848590785e+01
3.384060319e-03	-1.853852799e+01
3.469409877e-03	-1.858920918e+01
3.556912040e-03	-1.863767573e+01
3.646621100e-03	-1.868401856e+01
3.738592717e-03	-1.872831774e+01
3.832883955e-03	-1.877058314e+01
3.929553317e-03	-1.881047110e+01
4.028660782e-03	-1.884903060e+01
4.130267841e-03	-1.888583753e+01
4.234437537e-03	-1.892096765e+01
4.341234502e-03	-1.895448759e+01
4.450724999e-03	-1.898645994e+01
4.562976961e-03	-1.901627194e+01
4.678060036e-03	-1.904528904e+01
4.796045627e-03	-1.907292947e+01
4.917006939e-03	-1.909926639e+01
5.041019022e-03	-1.912433432e+01
5.168158820e-03	-1.914820646e+01
5.298505217e-03	-1.917019433e+01
5.432139088e-03	-1.919172585e+01
5.569143345e-03	-1.921225804e+01
5.709602993e-03	-1.923171656e+01
5.853605182e-03	-1.925028060e+01
6.001239257e-03	-1.926784846e+01
6.152596819e-03	-1.928368943e+01
6.307771777e-03	-1.929952819e+01
6.466860411e-03	-1.931454279e+01
6.629961427e-03	-1.932876701e+01
6.797176023e-03	-1.934222298e+01
6.968607946e-03	-1.935504013e+01
7.144363563e-03	-1.936651877e+01
7.324551921e-03	-1.937768445e+01
7.509284819e-03	-1.938823090e+01
7.698676875e-03	-1.939835011e+01
7.892845597e-03	-1.940795980e+01
8.091911459e-03	-1.941700257e+01
8.295997971e-03	-1.942482423e+01
8.505231759e-03	-1.943246712e+01
8.719742643e-03	-1.943995749e+01
8.939663717e-03	-1.944699568e+01
9.165131432e-03	-1.945358175e+01
9.396285680e-03	-1.945968052e+01
9.633269881e-03	-1.946490075e+01
9.876231072e-03	-1.946971851e+01
1.012532000e-02	-1.947465027e+01
1.038069121e-02	-1.947928367e+01
1.064250316e-02	-1.948358751e+01
1.091091827e-02	-1.948755514e+01
1.118610310e-02	-1.949073734e+01
1.146822837e-02	-1.949337140e+01
1.175746915e-02	-1.949640241e+01
1.205400488e-02	-1.949919590e+01
1.235801955e-02	-1.950177205e+01
1.266970179e-02	-1.950403895e+01
1.298924499e-02	-1.950587327e+01
1.331684740e-02	-1.950665277e+01
1.365271229e-02	-1.950822322e+01
1.399704804e-02	-1.950971817e+01
1.435006830e-02	-1.951092399e+01
1.471199211e-02	-1.951200555e+01
1.508304401e-02	-1.951284892e+01
1.546345423e-02	-1.951227927e+01
1.585345880e-02	-1.951289826e+01
1.625329970e-02	-1.951333871e+01
1.666322500e-02	-1.951365529e+01
1.708348905e-02	-1.951388559e+01
1.751435259e-02	-1.951389132e+01
1.795608298e-02	-1.951255397e+01
1.840895426e-02	-1.951253781e+01
1.887324744e-02	-1.951225684e+01
1.934925057e-02	-1.951204585e+01
1.983725901e-02	-1.951170849e+01
2.033757553e-02	-1.951118064e+01
2.085051056e-02	-1.950964566e+01
2.137638235e-02	-1.950913954e+01
2.191551718e-02	-1.950874189e+01
2.246824956e-02	-1.950787660e+01
2.303492243e-02	-1.950728559e+01
2.361588738e-02	-1.950780134e+01
2.421150488e-02	-1.950254096e+01
2.482214448e-02	-1.950383455e+01
2.544818506e-02	-1.950295753e+01
2.609001503e-02	-1.950097551e+01
2.674803263e-02	-1.950046134e+01
2.742264613e-02	-1.949992620e+01
2.811427409e-02	-1.949960784e+01
2.882334563e-02	-1.949736053e+01
2.955030070e-02	-1.949761503e+01
3.029559034e-02	-1.949699831e+01
3.105967697e-02	-1.949613538e+01
3.184303467e-02	-1.949897370e+01
3.264614947e-02	-1.949640458e+01
3.346951968e-02	-1.949878728e+01
3.431365614e-02	-1.949802558e+01
3.517908261e-02	-1.949814305e+01
3.606633605e-02	-1.950082541e+01
3.697596695e-02	-1.949973110e+01
3.790853970e-02	-1.950172055e+01
3.886463292e-02	-1.950553584e+01
3.984483981e-02	-1.950525835e+01
4.084976855e-02	-1.950807011e+01
4.188004264e-02	-1.951445977e+01
4.293630134e-02	-1.951618372e+01
4.401919999e-02	-1.952074412e+01
4.512941047e-02	-1.952842145e+01
4.626762164e-02	-1.953519738e+01
4.743453969e-02	-1.954304259e+01
4.863088863e-02	-1.955273358e+01
4.985741076e-02	-1.956487888e+01
5.111486706e-02	-1.957243496e+01
5.240403773e-02	-1.958743197e+01
5.372572264e-02	-1.960242240e+01
5.508074183e-02	-1.961636580e+01
5.646993603e-02	-1.963442348e+01
5.789416717e-02	-1.965329442e+01
5.935431892e-02	-1.967342242e+01
6.085129723e-02	-1.969635120e+01
6.238603090e-02	-1.971584462e+01
6.395947217e-02	-1.974095472e+01
6.557259728e-02	-1.976585247e+01
6.722640710e-02	-1.979123816e+01
6.892192775e-02	-1.981669491e+01
7.066021121e-02	-1.984199661e+01
7.244233600e-02	-1.986162971e+01
7.426940785e-02	-1.988577036e+01
7.614256038e-02	-1.990746520e+01
7.806295578e-02	-1.993300322e+01
8.003178557e-02	-1.995291516e+01
8.205027132e-02	-1.997860483e+01
8.411966540e-02	-2.000514614e+01
8.624125178e-02	-2.003114076e+01
8.841634679e-02	-2.003523760e+01
9.064629999e-02	-2.006596035e+01
9.293249494e-02	-2.010557343e+01
9.527635014e-02	-2.015453621e+01
9.767931983e-02	-2.021371049e+01
1.001428949e-01	-2.028191073e+01
1.026686040e-01	-2.034260266e+01
1.052580141e-01	-2.036915581e+01
1.079127319e-01	-2.046122874e+01
1.106344044e-01	-2.055535859e+01
1.134247203e-01	-2.064648807e+01
1.162854110e-01	-2.072665856e+01
1.192182513e-01	-2.081984271e+01
1.222250609e-01	-2.090935535e+01
1.253077054e-01	-2.098907217e+01
1.284680974e-01	-2.106663424e+01
1.317081979e-01	-2.117466928e+01
1.350300170e-01	-2.124166715e+01
1.384356160e-01	-2.131339046e+01
1.419271077e-01	-2.139776435e+01
1.455066586e-01	-2.144497129e+01
1.491764894e-01	-2.151967205e+01
1.529388773e-01	-2.161872959e+01
1.567961565e-01	-2.173455726e+01
1.607507204e-01	-2.176255290e+01
1.648050225e-01	-2.186884789e+01
1.689615784e-01	-2.199906484e+01
1.732229670e-01	-2.211678229e+01
1.775918323e-01	-2.221449869e+01
1.820708849e-01	-2.234232289e+01
1.866629040e-01	-2.244904936e+01
1.913707386e-01	-2.254878732e+01
1.961973098e-01	-2.267964136e+01
2.011456122e-01	-2.280398483e+01
2.062187159e-01	-2.292082905e+01
2.114197687e-01	-2.305498518e+01
2.167519975e-01	-2.318110261e+01
2.222187106e-01	-2.322100459e+01
2.278233001e-01	-2.337284769e+01
2.335692432e-01	-2.351893895e+01
2.394601050e-01	-2.364137675e+01
2.454995405e-01	-2.375600061e+01
2.516912969e-01	-2.387460468e+01
2.580392160e-01	-2.398952701e+01
2.645472362e-01	-2.412216811e+01
2.712193956e-01	-2.422415946e+01
2.780598338e-01	-2.435870306e+01
2.850727951e-01	-2.450569277e+01
2.922626306e-01	-2.463739637e+01
2.996338013e-01	-2.471858076e+01
3.071908807e-01	-2.485168203e+01
3.149385576e-01	-2.497241689e+01
3.228816390e-01	-2.509528151e+01
3.310250533e-01	-2.523392764e+01
3.393738531e-01	-2.532847434e+01
3.479332183e-01	-2.545162832e+01
3.567084598e-01	-2.557424512e+01
3.657050221e-01	-2.568845175e+01
3.749284871e-01	-2.579908806e+01
3.843845776e-01	-2.591015399e+01
3.940791607e-01	-2.601997688e+01
4.040182513e-01	-2.612837917e+01
4.142080162e-01	-2.623655465e+01
4.246547777e-01	-2.634344692e+01
4.353650176e-01	-2.644763514e+01
4.463453809e-01	-2.654805847e+01
4.576026805e-01	-2.664489929e+01
4.691439011e-01	-2.674230063e+01
4.809762034e-01	-2.683631003e+01
4.931069287e-01	-2.692604914e+01
5.055436038e-01	-2.701058942e+01
5.182939448e-01	-2.709470958e+01
5.313658628e-01	-2.717669738e+01
5.447674684e-01	-2.725470004e+01
5.585070765e-01	-2.733726075e+01
5.725932120e-01	-2.740814423e+01
5.870346146e-01	-2.747626770e+01
6.018402446e-01	-2.754392325e+01
6.170192881e-01	-2.760883788e+01
6.325811631e-01	-2.766667377e+01
6.485355249e-01	-2.772611457e+01
6.648922724e-01	-2.777750667e+01
6.816615544e-01	-2.782885769e+01
6.988537752e-01	-2.787669442e+01
7.164796020e-01	-2.791691097e+01
7.345499706e-01	-2.795660828e+01
7.530760929e-01	-2.799239028e+01
7.720694635e-01	-2.802432465e+01
7.915418668e-01	-2.805201877e+01
8.115053846e-01	-2.807363362e+01
8.319724034e-01	-2.809248624e+01
8.529556218e-01	-2.810781277e+01
8.744680591e-01	-2.811893666e+01
8.965230626e-01	-2.812572886e+01
9.191343166e-01	-2.812906920e+01
9.423158501e-01	-2.812811056e+01
9.660820462e-01	-2.812127759e+01
9.904476508e-01	-2.811001337e+01
1.015427782e+00	-2.809411589e+01
1.041037937e+00	-2.807351977e+01
1.067294008e+00	-2.804814091e+01
1.094212285e+00	-2.801790251e+01
1.121809469e+00	-2.798296008e+01
1.150102683e+00	-2.794454697e+01
1.179109481e+00	-2.789922855e+01
1.208847862e+00	-2.784879055e+01
1.239336275e+00	-2.779317051e+01
1.270593639e+00	-2.773231650e+01
1.302639346e+00	-2.766616907e+01
1.335493279e+00	-2.759681239e+01
1.369175823e+00	-2.752007390e+01
1.403707877e+00	-2.743798000e+01
1.439110865e+00	-2.735053483e+01
1.475406753e+00	-2.725775610e+01
1.512618062e+00	-2.715967562e+01
1.550767880e+00	-2.705835361e+01
1.589879876e+00	-2.695050223e+01
1.629978317e+00	-2.683716606e+01
1.671088083e+00	-2.671890749e+01
1.713234681e+00	-2.659583441e+01
1.756444261e+00	-2.646811580e+01
1.800743631e+00	-2.633781949e+01
1.846160278e+00	-2.620261005e+01
1.892722381e+00	-2.606251076e+01
1.940458828e+00	-2.591863079e+01
1.989399239e+00	-2.577122180e+01
2.039573979e+00	-2.562054921e+01
2.091014179e+00	-2.546862263e+01
2.143751754e+00	-2.531428533e+01
2.197819426e+00	-2.515609746e+01
2.253250742e+00	-2.499583429e+01
2.310080094e+00	-2.483378649e+01
2.368342742e+00	-2.467024306e+01
2.428074835e+00	-2.450692902e+01
2.489313435e+00	-2.434419767e+01
2.552096536e+00	-2.417855807e+01
2.616463093e+00	-2.401253823e+01
2.682453042e+00	-2.384637663e+01
2.750107327e+00	-2.368029998e+01
2.819467925e+00	-2.351549160e+01
2.890577869e+00	-2.335425889e+01
2.963481281e+00	-2.319044740e+01
3.038223394e+00	-2.302750854e+01
3.114850581e+00	-2.286559879e+01
3.193410386e+00	-2.270486315e+01
3.273951553e+00	-2.254573704e+01
3.356524052e+00	-2.239304410e+01
3.441179116e+00	-2.223741142e+01
3.527969271e+00	-2.208344442e+01
3.616948364e+00	-2.193124110e+01
3.708171603e+00	-2.178089266e+01
3.801695588e+00	-2.163248397e+01
3.897578347e+00	-2.149223389e+01
3.995879369e+00	-2.134873653e+01
4.096659647e+00	-2.120740068e+01
4.199981709e+00	-2.106828756e+01
4.305909662e+00	-2.093145336e+01
4.414509229e+00	-2.079694938e+01
4.525847792e+00	-2.067145493e+01
4.639994430e+00	-2.054251079e+01
4.757019966e+00	-2.041601805e+01
4.876997009e+00	-2.029200844e+01
5.000000000e+00	-2.017050940e+01
#################################
2.000000000e-05	-6.397976678e+00
2.050442102e-05	-6.397473374e+00
2.102156407e-05	-6.396888445e+00
2.155175001e-05	-6.396362757e+00
2.209530780e-05	-6.395777141e+00
2.265257468e-05	-6.395093944e+00
2.322389643e-05	-6.394439637e+00
2.380962750e-05	-6.393735032e+00
2.441013133e-05	-6.393006077e+00
2.502578050e-05	-6.392203567e+00
2.565695699e-05	-6.391343623e+00
2.630405241e-05	-6.390540939e+00
2.696746826e-05	-6.389576111e+00
2.764761615e-05	-6.388700903e+00
2.834491809e-05	-6.387740933e+00
2.905980672e-05	-6.386595619e+00
2.979272558e-05	-6.385612253e+00
3.054412944e-05	-6.384457860e+00
3.131448448e-05	-6.383245418e+00
3.210426870e-05	-6.382006903e+00
3.291397210e-05	-6.380666623e+00
3.374409707e-05	-6.379262587e+00
3.459515866e-05	-6.377805928e+00
3.546768492e-05	-6.376227060e+00
3.636221721e-05	-6.374630776e+00
3.727931055e-05	-6.372843990e+00
3.821953395e-05	-6.371161860e+00
3.918347076e-05	-6.369307407e+00
4.017171908e-05	-6.367333442e+00
4.118489205e-05	-6.365273525e+00
4.222361832e-05	-6.363088332e+00
4.328854235e-05	-6.360730379e+00
4.438032489e-05	-6.358417754e+00
4.549964333e-05	-6.355888685e+00
4.664719215e-05	-6.353334586e+00
4.782368337e-05	-6.350464312e+00
4.902984693e-05	-6.347595740e+00
5.026643120e-05	-6.344577687e+00
5.153420343e-05	-6.341286409e+00
5.283395020e-05	-6.338039051e+00
5.416647796e-05	-6.334561235e+00
5.553261346e-05	-6.330834408e+00
5.693320434e-05	-6.326990810e+00
5.836911959e-05	-6.322920540e+00
5.984125014e-05	-6.318591515e+00
6.135050936e-05	-6.314142164e+00
6.289783369e-05	-6.309495796e+00
6.448418316e-05	-6.304576994e+00
6.611054204e-05	-6.299391032e+00
6.777791939e-05	-6.294038237e+00
6.948734976e-05	-6.288396233e+00
7.123989375e-05	-6.282427595e+00
7.303663875e-05	-6.276279887e+00
7.487869954e-05	-6.269754197e+00
7.676721905e-05	-6.262928039e+00
7.870336900e-05	-6.255770150e+00
8.068835068e-05	-6.248297787e+00
8.272339569e-05	-6.240499873e+00
8.480976668e-05	-6.232296143e+00
8.694875813e-05	-6.223756690e+00
8.914169720e-05	-6.214763084e+00
9.138994449e-05	-6.205393230e+00
9.369489495e-05	-6.195589135e+00
9.605797868e-05	-6.185354237e+00
9.848066186e-05	-6.174624024e+00
1.009644477e-04	-6.163418563e+00
1.035108771e-04	-6.151722775e+00
1.061215303e-04	-6.139585742e+00
1.087980268e-04	-6.126770224e+00
1.115420274e-04	-6.113561726e+00
1.143552345e-04	-6.099702341e+00
1.172393938e-04	-6.085196466e+00
1.201962945e-04	-6.070165521e+00
1.232277714e-04	-6.054499341e+00
1.263357053e-04	-6.038151908e+00
1.295220245e-04	-6.021085199e+00
1.327887061e-04	-6.003476981e+00
1.361377769e-04	-5.985083915e+00
1.395713147e-04	-5.965913585e+00
1.430914499e-04	-5.945993484e+00
1.467003667e-04	-5.925447704e+00
1.504003041e-04	-5.904689490e+00
1.541935579e-04	-5.881194683e+00
1.580824815e-04	-5.858216222e+00
1.620694878e-04	-5.834360437e+00
1.661570506e-04	-5.809777480e+00
1.703477061e-04	-5.784332155e+00
1.746440543e-04	-5.758026933e+00
1.790487609e-04	-5.730964229e+00
1.835645588e-04	-5.703043794e+00
1.881942499e-04	-5.674255466e+00
1.929407067e-04	-5.644646256e+00
1.978068741e-04	-5.614234085e+00
2.027957714e-04	-5.583033560e+00
2.079104939e-04	-5.551021806e+00
2.131542151e-04	-5.518292054e+00
2.185301884e-04	-5.484759556e+00
2.240417495e-04	-5.450538074e+00
2.296923179e-04	-5.415645710e+00
2.354853995e-04	-5.380130931e+00
2.414245888e-04	-5.344055315e+00
2.475135707e-04	-5.307464650e+00
2.537561231e-04	-5.270353164e+00
2.601561192e-04	-5.232858509e+00
2.667175300e-04	-5.195048612e+00
2.734444264e-04	-5.157009327e+00
2.803409823e-04	-5.118836801e+00
2.874114765e-04	-5.080649678e+00
2.946602960e-04	-5.042455431e+00
3.020919384e-04	-5.004434106e+00
3.097110146e-04	-4.966695169e+00
3.175222519e-04	-4.929370224e+00
3.255304968e-04	-4.892590290e+00
3.337407181e-04	-4.856567185e+00
3.421580098e-04	-4.821315743e+00
3.507875944e-04	-4.787045089e+00
3.596348262e-04	-4.753917471e+00
3.687051945e-04	-4.722092806e+00
3.780043270e-04	-4.691719765e+00
3.875379935e-04	-4.663072190e+00
3.973121090e-04	-4.636208666e+00
4.073327380e-04	-4.611300676e+00
4.176060977e-04	-4.588542197e+00
4.281385624e-04	-4.568099607e+00
4.389366670e-04	-4.550129538e+00
4.500071111e-04	-4.534911955e+00
4.613567634e-04	-4.522516989e+00
4.729926659e-04	-4.513057383e+00
4.849220380e-04	-4.506694590e+00
4.971522815e-04	-4.503571105e+00
5.096909846e-04	-4.503816907e+00
5.225459269e-04	-4.507627630e+00
5.357250844e-04	-4.515120494e+00
5.492366341e-04	-4.526220390e+00
5.630889593e-04	-4.541066037e+00
5.772906546e-04	-4.559713464e+00
5.918505317e-04	-4.582197357e+00
6.067776242e-04	-4.608612885e+00
6.220811936e-04	-4.639061639e+00
6.377707351e-04	-4.673284085e+00
6.538559834e-04	-4.711328723e+00
6.703469185e-04	-4.753144127e+00
6.872537724e-04	-4.798655955e+00
7.045870349e-04	-4.847822986e+00
7.223574604e-04	-4.900741078e+00
7.405760748e-04	-4.956928200e+00
7.592541818e-04	-5.016360386e+00
7.784033703e-04	-5.078884184e+00
7.980355214e-04	-5.144344347e+00
8.181628160e-04	-5.212540781e+00
8.387977422e-04	-5.283602619e+00
8.599531028e-04	-5.356840507e+00
8.816420239e-04	-5.432220045e+00
9.038779624e-04	-5.509521243e+00
9.266747146e-04	-5.588518319e+00
9.500464249e-04	-5.669000512e+00
9.740075943e-04	-5.751024513e+00
9.985730895e-04	-5.833837559e+00
1.023758152e-03	-5.917479029e+00
1.049578409e-03	-6.001663944e+00
1.076049880e-03	-6.086201564e+00
1.103188989e-03	-6.170864698e+00
1.131012574e-03	-6.255702713e+00
1.159537900e-03	-6.340024245e+00
1.188782665e-03	-6.423909697e+00
1.218765013e-03	-6.507115491e+00
1.249503548e-03	-6.589540903e+00
1.281017340e-03	-6.671022968e+00
1.313325944e-03	-6.751572949e+00
1.346449405e-03	-6.830694197e+00
1.380408274e-03	-6.908392012e+00
1.415223622e-03	-6.984635739e+00
1.450917049e-03	-7.059275658e+00
1.487510702e-03	-7.132240028e+00
1.525027285e-03	-7.203699327e+00
1.563490076e-03	-7.273378033e+00
1.602922939e-03	-7.341120207e+00
1.643350340e-03	-7.407022896e+00
1.684797363e-03	-7.470953333e+00
1.727289723e-03	-7.532974070e+00
1.770853786e-03	-7.593208236e+00
1.815516579e-03	-7.651455497e+00
1.861305816e-03	-7.707610488e+00
1.908249905e-03	-7.761799284e+00
1.956377973e-03	-7.814056815e+00
2.005719882e-03	-7.864455636e+00
2.056306245e-03	-7.913100017e+00
2.108168450e-03	-7.959967213e+00
2.161338674e-03	-8.004823726e+00
2.215849907e-03	-8.047904802e+00
2.271735971e-03	-8.089257583e+00
2.329031539e-03	-8.128912847e+00
2.387772163e-03	-8.167048119e+00
2.447994286e-03	-8.203784913e+00
2.509735275e-03	-8.238653753e+00
2.573033437e-03	-8.272023459e+00
2.637928044e-03	-8.303945513e+00
2.704459362e-03	-8.334472978e+00
2.772668670e-03	-8.363692816e+00
2.842598288e-03	-8.391974976e+00
2.914291604e-03	-8.418553554e+00
2.987793102e-03	-8.443919516e+00
3.063148384e-03	-8.468124905e+00
3.140404206e-03	-8.491205588e+00
3.219608500e-03	-8.513203953e+00
3.300810411e-03	-8.534723986e+00
3.384060319e-03	-8.554679341e+00
3.469409877e-03	-8.573689863e+00
3.556912040e-03	-8.591783107e+00
3.646621100e-03	-8.608999205e+00
3.738592717e-03	-8.625372729e+00
3.832883955e-03	-8.641577416e+00
3.929553317e-03	-8.656374783e+00
4.028660782e-03	-8.670433103e+00
4.130267841e-03	-8.683785811e+00
4.234437537e-03	-8.696463637e+00
4.341234502e-03	-8.708500347e+00
4.450724999e-03	-8.720603330e+00
4.562976961e-03	-8.731459517e+00
4.678060036e-03	-8.741725189e+00
4.796045627e-03	-8.751445875e+00
4.917006939e-03	-8.760643569e+00
5.041019022e-03	-8.769345600e+00
5.168158820e-03	-8.778251683e+00
5.298505217e-03	-8.786193146e+00
5.432139088e-03	-8.793544457e+00
5.569143345e-03	-8.800483305e+00
5.709602993e-03	-8.807068565e+00
5.853605182e-03	-8.813244296e+00
6.001239257e-03	-8.819657931e+00
6.152596819e-03	-8.825475705e+00
6.307771777e-03	-8.830641192e+00
6.466860411e-03	-8.835576177e+00
6.629961427e-03	-8.840171864e+00
6.797176023e-03	-8.844494823e+00
6.968607946e-03	-8.848818742e+00
7.144363563e-03	-8.853076324e+00
7.324551921e-03	-8.856597787e+00
7.509284819e-03	-8.859866447e+00
7.698676875e-03	-8.862881197e+00
7.892845597e-03	-8.865708367e+00
8.091911459e-03	-8.868698626e+00
8.295997971e-03	-8.871822876e+00
8.505231759e-03	-8.874056078e+00
8.719742643e-03	-8.876110835e+00
8.939663717e-03	-8.877999532e+00
9.165131432e-03	-8.879702390e+00
9.396285680e-03	-8.881478781e+00
9.633269881e-03	-8.883842284e+00
9.876231072e-03	-8.885079720e+00
1.012532000e-02	-8.886182832e+00
1.038069121e-02	-8.887163563e+00
1.064250316e-02	-8.888017072e+00
1.091091827e-02	-8.888762001e+00
1.118610310e-02	-8.890652707e+00
1.146822837e-02	-8.891145999e+00
1.175746915e-02	-8.891565097e+00
1.205400488e-02	-8.892008964e+00
1.235801955e-02	-8.892277415e+00
1.266970179e-02	-8.892212295e+00
1.298924499e-02	-8.893876994e+00
1.331684740e-02	-8.893565216e+00
1.365271229e-02	-8.893499268e+00
1.399704804e-02	-8.893261041e+00
1.435006830e-02	-8.892946021e+00
1.471199211e-02	-8.892917551e+00
1.508304401e-02	-8.893783499e+00
1.546345423e-02	-8.893522842e+00
1.585345880e-02	-8.892817539e+00
1.625329970e-02	-8.892298858e+00
1.666322500e-02	-8.891662240e+00
1.708348905e-02	-8.891108320e+00
1.751435259e-02	-8.891849397e+00
1.795608298e-02	-8.891375421e+00
1.840895426e-02	-8.890593998e+00
1.887324744e-02	-8.889880617e+00
1.934925057e-02	-8.888992059e+00
1.983725901e-02	-8.888382537e+00
2.033757553e-02	-8.888689262e+00
2.085051056e-02	-8.888260615e+00
2.137638235e-02	-8.887458388e+00
2.191551718e-02	-8.886631991e+00
2.246824956e-02	-8.886043595e+00
2.303492243e-02	-8.885331471e+00
2.361588738e-02	-8.885713190e+00
2.421150488e-02	-8.884248558e+00
2.482214448e-02	-8.882094133e+00
2.544818506e-02	-8.882824315e+00
2.609001503e-02	-8.881709342e+00
2.674803263e-02	-8.880008156e+00
2.742264613e-02	-8.880537766e+00
2.811427409e-02	-8.880596868e+00
2.882334563e-02	-8.879774475e+00
2.955030070e-02	-8.879351240e+00
3.029559034e-02	-8.881122068e+00
3.105967697e-02	-8.879184946e+00
3.184303467e-02	-8.879488301e+00
3.264614947e-02	-8.878729383e+00
3.346951968e-02	-8.880301555e+00
3.431365614e-02	-8.881549168e+00
3.517908261e-02	-8.881530128e+00
3.606633605e-02	-8.882295387e+00
3.697596695e-02	-8.883192887e+00
3.790853970e-02	-8.886600239e+00
3.886463292e-02	-8.888023441e+00
3.984483981e-02	-8.888361384e+00
4.084976855e-02	-8.890837324e+00
4.188004264e-02	-8.893264390e+00
4.293630134e-02	-8.895446530e+00
4.401919999e-02	-8.898764752e+00
4.512941047e-02	-8.904910814e+00
4.626762164e-02	-8.910472822e+00
4.743453969e-02	-8.914501372e+00
4.863088863e-02	-8.919440650e+00
4.985741076e-02	-8.924144043e+00
5.111486706e-02	-8.932844360e+00
5.240403773e-02	-8.943539022e+00
5.372572264e-02	-8.949138347e+00
5.508074183e-02	-8.961517280e+00
5.646993603e-02	-8.967709298e+00
5.789416717e-02	-8.981338550e+00
5.935431892e-02	-8.991995783e+00
6.085129723e-02	-9.002228132e+00
6.238603090e-02	-9.014916412e+00
6.395947217e-02	-9.029374241e+00
6.557259728e-02	-9.040792076e+00
6.722640710e-02	-9.053023479e+00
6.892192775e-02	-9.063421388e+00
7.066021121e-02	-9.079909410e+00
7.244233600e-02	-9.087955231e+00
7.426940785e-02	-9.097509457e+00
7.614256038e-02	-9.106023519e+00
7.806295578e-02	-9.113803805e+00
8.003178557e-02	-9.120228284e+00
8.205027132e-02	-9.127167606e+00
8.411966540e-02	-9.133867108e+00
8.624125178e-02	-9.135236339e+00
8.841634679e-02	-9.136534549e+00
9.064629999e-02	-9.186546723e+00
9.293249494e-02	-9.205838815e+00
9.527635014e-02	-9.219844617e+00
9.767931983e-02	-9.234634920e+00
1.001428949e-01	-9.251937776e+00
1.026686040e-01	-9.274761864e+00
1.052580141e-01	-9.357710598e+00
1.079127319e-01	-9.408307287e+00
1.106344044e-01	-9.442072576e+00
1.134247203e-01	-9.486484043e+00
1.162854110e-01	-9.542864779e+00
1.192182513e-01	-9.598439210e+00
1.222250609e-01	-9.641570522e+00
1.253077054e-01	-9.694684307e+00
1.284680974e-01	-9.752023090e+00
1.317081979e-01	-9.785980718e+00
1.350300170e-01	-9.816181904e+00
1.384356160e-01	-9.860880578e+00
1.419271077e-01	-9.888419581e+00
1.455066586e-01	-9.898708059e+00
1.491764894e-01	-9.985583814e+00
1.529388773e-01	-1.000310368e+01
1.567961565e-01	-1.000892852e+01
1.607507204e-01	-1.001995796e+01
1.648050225e-01	-1.015989354e+01
1.689615784e-01	-1.017436600e+01
1.732229670e-01	-1.021279156e+01
1.775918323e-01	-1.028173848e+01
1.820708849e-01	-1.033896822e+01
1.866629040e-01	-1.038988798e+01
1.913707386e-01	-1.046132976e+01
1.961973098e-01	-1.052883215e+01
2.011456122e-01	-1.058614401e+01
2.062187159e-01	-1.066417349e+01
2.114197687e-01	-1.070073069e+01
2.167519975e-01	-1.071075732e+01
2.222187106e-01	-1.084373523e+01
2.278233001e-01	-1.087086994e+01
2.335692432e-01	-1.091323220e+01
2.394601050e-01	-1.098205156e+01
2.454995405e-01	-1.104826479e+01
2.516912969e-01	-1.109530825e+01
2.580392160e-01	-1.116180247e+01
2.645472362e-01	-1.121381889e+01
2.712193956e-01	-1.126856375e+01
2.780598338e-01	-1.136448238e+01
2.850727951e-01	-1.140617591e+01
2.922626306e-01	-1.144468032e+01
2.996338013e-01	-1.149891576e+01
3.071908807e-01	-1.157371063e+01
3.149385576e-01	-1.162749847e+01
3.228816390e-01	-1.168849720e+01
3.310250533e-01	-1.173872903e+01
3.393738531e-01	-1.181005908e+01
3.479332183e-01	-1.187404375e+01
3.567084598e-01	-1.191332469e+01
3.657050221e-01	-1.195825647e+01
3.749284871e-01	-1.201204122e+01
3.843845776e-01	-1.206836499e+01
3.940791607e-01	-1.213829910e+01
4.040182513e-01	-1.218405035e+01
4.142080162e-01	-1.222650573e+01
4.246547777e-01	-1.227168461e+01
4.353650176e-01	-1.232078217e+01
4.463453809e-01	-1.236683307e+01
4.576026805e-01	-1.240956357e+01
4.691439011e-01	-1.245307132e+01
4.809762034e-01	-1.249758746e+01
4.931069287e-01	-1.254014592e+01
5.055436038e-01	-1.258000684e+01
5.182939448e-01	-1.262039144e+01
5.313658628e-01	-1.266050326e+01
5.447674684e-01	-1.269575515e+01
5.585070765e-01	-1.272405605e+01
5.725932120e-01	-1.275960769e+01
5.870346146e-01	-1.279377327e+01
6.018402446e-01	-1.281854885e+01
6.170192881e-01	-1.284976558e+01
6.325811631e-01	-1.287752320e+01
6.485355249e-01	-1.290063056e+01
6.648922724e-01	-1.292399250e+01
6.816615544e-01	-1.294575629e+01
6.988537752e-01	-1.296374870e+01
7.164796020e-01	-1.298418287e+01
7.345499706e-01	-1.299892948e+01
7.530760929e-01	-1.301186500e+01
7.720694635e-01	-1.302328407e+01
7.915418668e-01	-1.303281383e+01
8.115053846e-01	-1.304034938e+01
8.319724034e-01	-1.304646221e+01
8.529556218e-01	-1.305083591e+01
8.744680591e-01	-1.305221124e+01
8.965230626e-01	-1.305087176e+01
9.191343166e-01	-1.304797303e+01
9.423158501e-01	-1.304281316e+01
9.660820462e-01	-1.303533929e+01
9.904476508e-01	-1.302551400e+01
1.015427782e+00	-1.301324831e+01
1.041037937e+00	-1.299853880e+01
1.067294008e+00	-1.298163884e+01
1.094212285e+00	-1.296192969e+01
1.121809469e+00	-1.293721329e+01
1.150102683e+00	-1.291226027e+01
1.179109481e+00	-1.288464244e+01
1.208847862e+00	-1.285440380e+01
1.239336275e+00	-1.282137879e+01
1.270593639e+00	-1.278571013e+01
1.302639346e+00	-1.274551078e+01
1.335493279e+00	-1.270334721e+01
1.369175823e+00	-1.265932922e+01
1.403707877e+00	-1.261257018e+01
1.439110865e+00	-1.256308539e+01
1.475406753e+00	-1.251091067e+01
1.512618062e+00	-1.245462955e+01
1.550767880e+00	-1.239579916e+01
1.589879876e+00	-1.233585679e+01
1.629978317e+00	-1.227344389e+01
1.671088083e+00	-1.220868466e+01
1.713234681e+00	-1.214165747e+01
1.756444261e+00	-1.207132913e+01
1.800743631e+00	-1.199804699e+01
1.846160278e+00	-1.192502792e+01
1.892722381e+00	-1.185026666e+01
1.940458828e+00	-1.177390952e+01
1.989399239e+00	-1.169611279e+01
2.039573979e+00	-1.161625961e+01
2.091014179e+00	-1.153306563e+01
2.143751754e+00	-1.145204009e+01
2.197819426e+00	-1.137023196e+01
2.253250742e+00	-1.128779873e+01
2.310080094e+00	-1.120489391e+01
2.368342742e+00	-1.112142537e+01
2.428074835e+00	-1.103382794e+01
2.489313435e+00	-1.095054965e+01
2.552096536e+00	-1.086736703e+01
2.616463093e+00	-1.078439841e+01
2.682453042e+00	-1.070175411e+01
2.750107327e+00	-1.061953631e+01
2.819467925e+00	-1.053267145e+01
2.890577869e+00	-1.045176927e+01
2.963481281e+00	-1.037155905e+01
3.038223394e+00	-1.029211261e+01
3.114850581e+00	-1.021349582e+01
3.193410386e+00	-1.013576912e+01
3.273951553e+00	-1.005306993e+01
3.356524052e+00	-9.977470654e+00
3.441179116e+00	-9.902915268e+00
3.527969271e+00	-9.829446312e+00
3.616948364e+00	-9.757102961e+00
3.708171603e+00	-9.685921244e+00
3.801695588e+00	-9.609942889e+00
3.897578347e+00	-9.540702770e+00
3.995879369e+00	-9.473361544e+00
4.096659647e+00	-9.407293466e+00
4.199981709e+00	-9.342520194e+00
4.305909662e+00	-9.279060931e+00
4.414509229e+00	-9.211460121e+00
4.525847792e+00	-9.148986693e+00
4.639994430e+00	-9.089706171e+00
4.757019966e+00	-9.031786793e+00
4.876997009e+00	-8.975236071e+00
5.000000000e+00	-8.920059534e+00
#################################
2.000000000e-05	-1.810350991e+00
2.050442102e-05	-1.810207173e+00
2.102156407e-05	-1.810036205e+00
2.155175001e-05	-1.809897188e+00
2.209530780e-05	-1.809687613e+00
2.265257468e-05	-1.809478659e+00
2.322389643e-05	-1.809308901e+00
2.380962750e-05	-1.809103995e+00
2.441013133e-05	-1.808896361e+00
2.502578050e-05	-1.808683791e+00
2.565695699e-05	-1.808414013e+00
2.630405241e-05	-1.808164298e+00
2.696746826e-05	-1.807890388e+00
2.764761615e-05	-1.807619256e+00
2.834491809e-05	-1.807361156e+00
2.905980672e-05	-1.807056012e+00
2.979272558e-05	-1.806695319e+00
3.054412944e-05	-1.806362097e+00
3.131448448e-05	-1.806011894e+00
3.210426870e-05	-1.805616279e+00
3.291397210e-05	-1.805224429e+00
3.374409707e-05	-1.804823241e+00
3.459515866e-05	-1.804361675e+00
3.546768492e-05	-1.803916291e+00
3.636221721e-05	-1.803459765e+00
3.727931055e-05	-1.802939343e+00
3.821953395e-05	-1.802418542e+00
3.918347076e-05	-1.801876878e+00
4.017171908e-05	-1.801293718e+00
4.118489205e-05	-1.800661148e+00
4.222361832e-05	-1.800033310e+00
4.328854235e-05	-1.799361750e+00
4.438032489e-05	-1.798663563e+00
4.549964333e-05	-1.797924328e+00
4.664719215e-05	-1.797119724e+00
4.782368337e-05	-1.796322757e+00
4.902984693e-05	-1.795477996e+00
5.026643120e-05	-1.794579518e+00
5.153420343e-05	-1.793638638e+00
5.283395020e-05	-1.792639279e+00
5.416647796e-05	-1.791577853e+00
5.553261346e-05	-1.790481363e+00
5.693320434e-05	-1.789336742e+00
5.836911959e-05	-1.788142471e+00
5.984125014e-05	-1.786927841e+00
6.135050936e-05	-1.785601200e+00
6.289783369e-05	-1.784212651e+00
6.448418316e-05	-1.782745089e+00
6.611054204e-05	-1.781226539e+00
6.777791939e-05	-1.779645223e+00
6.948734976e-05	-1.777971856e+00
7.123989375e-05	-1.776241889e+00
7.303663875e-05	-1.774379347e+00
7.487869954e-05	-1.772454928e+00
7.676721905e-05	-1.770448886e+00
7.870336900e-05	-1.768342184e+00
8.068835068e-05	-1.766164015e+00
8.272339569e-05	-1.763850053e+00
8.480976668e-05	-1.761410092e+00
8.694875813e-05	-1.758875536e+00
8.914169720e-05	-1.756217042e+00
9.138994449e-05	-1.753475814e+00
9.369489495e-05	-1.750591230e+00
9.605797868e-05	-1.747580398e+00
9.848066186e-05	-1.744417642e+00
1.009644477e-04	-1.741099051e+00
1.035108771e-04	-1.737634431e+00
1.061215303e-04	-1.734049007e+00
1.087980268e-04	-1.730307032e+00
1.115420274e-04	-1.726415981e+00
1.143552345e-04	-1.722335782e+00
1.172393938e-04	-1.718022096e+00
1.201962945e-04	-1.713611417e+00
1.232277714e-04	-1.708987236e+00
1.263357053e-04	-1.704175752e+00
1.295220245e-04	-1.699190836e+00
1.327887061e-04	-1.694004438e+00
1.361377769e-04	-1.688550215e+00
1.395713147e-04	-1.682914280e+00
1.430914499e-04	-1.677077838e+00
1.467003667e-04	-1.671028020e+00
1.504003041e-04	-1.663691293e+00
1.541935579e-04	-1.658040796e+00
1.580824815e-04	-1.651267530e+00
1.620694878e-04	-1.644306100e+00
1.661570506e-04	-1.637079116e+00
1.703477061e-04	-1.629618769e+00
1.746440543e-04	-1.621911940e+00
1.790487609e-04	-1.613988748e+00
1.835645588e-04	-1.605780580e+00
1.881942499e-04	-1.597345210e+00
1.929407067e-04	-1.588681509e+00
1.978068741e-04	-1.579803694e+00
2.027957714e-04	-1.570689468e+00
2.079104939e-04	-1.561334499e+00
2.131542151e-04	-1.551748424e+00
2.185301884e-04	-1.541937686e+00
2.240417495e-04	-1.531961087e+00
2.296923179e-04	-1.521791575e+00
2.354853995e-04	-1.511443582e+00
2.414245888e-04	-1.500940551e+00
2.475135707e-04	-1.490278208e+00
2.537561231e-04	-1.479460758e+00
2.601561192e-04	-1.468566035e+00
2.667175300e-04	-1.457583329e+00
2.734444264e-04	-1.446550467e+00
2.803409823e-04	-1.435481692e+00
2.874114765e-04	-1.424400551e+00
2.946602960e-04	-1.413299644e+00
3.020919384e-04	-1.402302751e+00
3.097110146e-04	-1.391395226e+00
3.175222519e-04	-1.380616329e+00
3.255304968e-04	-1.370002051e+00
3.337407181e-04	-1.359592350e+00
3.421580098e-04	-1.349377497e+00
3.507875944e-04	-1.339512044e+00
3.596348262e-04	-1.329979684e+00
3.687051945e-04	-1.320826611e+00
3.780043270e-04	-1.312102083e+00
3.875379935e-04	-1.303850706e+00
3.973121090e-04	-1.296060768e+00
4.073327380e-04	-1.288909053e+00
4.176060977e-04	-1.282373628e+00
4.281385624e-04	-1.276502181e+00
4.389366670e-04	-1.271336349e+00
4.500071111e-04	-1.266920925e+00
4.613567634e-04	-1.263233198e+00
4.729926659e-04	-1.260471249e+00
4.849220380e-04	-1.258581255e+00
4.971522815e-04	-1.257600679e+00
5.096909846e-04	-1.257562548e+00
5.225459269e-04	-1.258491244e+00
5.357250844e-04	-1.260333562e+00
5.492366341e-04	-1.263307382e+00
5.630889593e-04	-1.267310799e+00
5.772906546e-04	-1.272358703e+00
5.918505317e-04	-1.278459225e+00
6.067776242e-04	-1.285613579e+00
6.220811936e-04	-1.293736634e+00
6.377707351e-04	-1.303015744e+00
6.538559834e-04	-1.313338020e+00
6.703469185e-04	-1.324672537e+00
6.872537724e-04	-1.336995482e+00
7.045870349e-04	-1.350284558e+00
7.223574604e-04	-1.364436153e+00
7.405760748e-04	-1.379549429e+00
7.592541818e-04	-1.395557174e+00
7.784033703e-04	-1.412374202e+00
7.980355214e-04	-1.429948592e+00
8.181628160e-04	-1.448227324e+00
8.387977422e-04	-1.467114687e+00
8.599531028e-04	-1.486609274e+00
8.816420239e-04	-1.506712825e+00
9.038779624e-04	-1.527299542e+00
9.266747146e-04	-1.548296250e+00
9.500464249e-04	-1.569653804e+00
9.740075943e-04	-1.591260332e+00
9.985730895e-04	-1.613061010e+00
1.023758152e-03	-1.635133527e+00
1.049578409e-03	-1.657304044e+00
1.076049880e-03	-1.679535565e+00
1.103188989e-03	-1.701762915e+00
1.131012574e-03	-1.723917389e+00
1.159537900e-03	-1.745823187e+00
1.188782665e-03	-1.767717453e+00
1.218765013e-03	-1.789410199e+00
1.249503548e-03	-1.810852740e+00
1.281017340e-03	-1.832002918e+00
1.313325944e-03	-1.852821375e+00
1.346449405e-03	-1.873094213e+00
1.380408274e-03	-1.893154511e+00
1.415223622e-03	-1.912792707e+00
1.450917049e-03	-1.931999660e+00
1.487510702e-03	-1.950731108e+00
1.525027285e-03	-1.968983417e+00
1.563490076e-03	-1.986695915e+00
1.602922939e-03	-2.004126072e+00
1.643350340e-03	-2.021056776e+00
1.684797363e-03	-2.037453497e+00
1.727289723e-03	-2.053317005e+00
1.770853786e-03	-2.068664854e+00
1.815516579e-03	-2.083247894e+00
1.861305816e-03	-2.097530376e+00
1.908249905e-03	-2.111310909e+00
1.956377973e-03	-2.124564685e+00
2.005719882e-03	-2.137324819e+00
2.056306245e-03	-2.149596044e+00
2.108168450e-03	-2.161094152e+00
2.161338674e-03	-2.172392484e+00
2.215849907e-03	-2.183231423e+00
2.271735971e-03	-2.193620329e+00
2.329031539e-03	-2.203573959e+00
2.387772163e-03	-2.213102568e+00
2.447994286e-03	-2.221960694e+00
2.509735275e-03	-2.230601670e+00
2.573033437e-03	-2.238929395e+00
2.637928044e-03	-2.246885998e+00
2.704459362e-03	-2.254484801e+00
2.772668670e-03	-2.261743649e+00
2.842598288e-03	-2.268451935e+00
2.914291604e-03	-2.274878867e+00
2.987793102e-03	-2.281166479e+00
3.063148384e-03	-2.287159627e+00
3.140404206e-03	-2.292872012e+00
3.219608500e-03	-2.298315721e+00
3.300810411e-03	-2.303347874e+00
3.384060319e-03	-2.308002684e+00
3.469409877e-03	-2.312697133e+00
3.556912040e-03	-2.317170151e+00
3.646621100e-03	-2.321421617e+00
3.738592717e-03	-2.325473415e+00
3.832883955e-03	-2.329255933e+00
3.929553317e-03	-2.332491684e+00
4.028660782e-03	-2.335970141e+00
4.130267841e-03	-2.339278130e+00
4.234437537e-03	-2.342419942e+00
4.341234502e-03	-2.345412867e+00
4.450724999e-03	-2.348258481e+00
4.562976961e-03	-2.350390097e+00
4.678060036e-03	-2.352953744e+00
4.796045627e-03	-2.355375490e+00
4.917006939e-03	-2.357678061e+00
5.041019022e-03	-2.359856898e+00
5.168158820e-03	-2.361937450e+00
5.298505217e-03	-2.363144286e+00
5.432139088e-03	-2.365128935e+00
5.569143345e-03	-2.366904331e+00
5.709602993e-03	-2.368561505e+00
5.853605182e-03	-2.370106217e+00
6.001239257e-03	-2.371589076e+00
6.152596819e-03	-2.371573606e+00
6.307771777e-03	-2.373111017e+00
6.466860411e-03	-2.374529589e+00
6.629961427e-03	-2.376198636e+00
6.797176023e-03	-2.377418773e+00
6.968607946e-03	-2.378512174e+00
7.144363563e-03	-2.378841396e+00
7.324551921e-03	-2.379807251e+00
7.509284819e-03	-2.380662003e+00
7.698676875e-03	-2.381444880e+00
7.892845597e-03	-2.382267891e+00
8.091911459e-03	-2.383109062e+00
8.295997971e-03	-2.382950707e+00
8.505231759e-03	-2.383587905e+00
8.719742643e-03	-2.384194936e+00
8.939663717e-03	-2.384924576e+00
9.165131432e-03	-2.385424176e+00
9.396285680e-03	-2.385910341e+00
9.633269881e-03	-2.385719802e+00
9.876231072e-03	-2.385989606e+00
1.012532000e-02	-2.386363216e+00
1.038069121e-02	-2.386715792e+00
1.064250316e-02	-2.387136395e+00
1.091091827e-02	-2.387366773e+00
1.118610310e-02	-2.387234345e+00
1.146822837e-02	-2.387076206e+00
1.175746915e-02	-2.387252825e+00
1.205400488e-02	-2.387503564e+00
1.235801955e-02	-2.387750499e+00
1.266970179e-02	-2.387967230e+00
1.298924499e-02	-2.387759534e+00
1.331684740e-02	-2.387157129e+00
1.365271229e-02	-2.387289695e+00
1.399704804e-02	-2.387356222e+00
1.435006830e-02	-2.387484423e+00
1.471199211e-02	-2.387561853e+00
1.508304401e-02	-2.387569642e+00
1.546345423e-02	-2.386584807e+00
1.585345880e-02	-2.386658982e+00
1.625329970e-02	-2.386717849e+00
1.666322500e-02	-2.386664683e+00
1.708348905e-02	-2.386635108e+00
1.751435259e-02	-2.386545601e+00
1.795608298e-02	-2.385443527e+00
1.840895426e-02	-2.385435661e+00
1.887324744e-02	-2.385386415e+00
1.934925057e-02	-2.385305964e+00
1.983725901e-02	-2.385258504e+00
2.033757553e-02	-2.385213668e+00
2.085051056e-02	-2.384074796e+00
2.137638235e-02	-2.383989729e+00
2.191551718e-02	-2.383833498e+00
2.246824956e-02	-2.383713452e+00
2.303492243e-02	-2.383550927e+00
2.361588738e-02	-2.383863103e+00
2.421150488e-02	-2.383156410e+00
2.482214448e-02	-2.383762036e+00
2.544818506e-02	-2.381895345e+00
2.609001503e-02	-2.382076368e+00
2.674803263e-02	-2.381456937e+00
2.742264613e-02	-2.381656592e+00
2.811427409e-02	-2.381326493e+00
2.882334563e-02	-2.381157117e+00
2.955030070e-02	-2.381557568e+00
3.029559034e-02	-2.381802439e+00
3.105967697e-02	-2.381476020e+00
3.184303467e-02	-2.381135086e+00
3.264614947e-02	-2.382003067e+00
3.346951968e-02	-2.384283619e+00
3.431365614e-02	-2.381914031e+00
3.517908261e-02	-2.382360589e+00
3.606633605e-02	-2.381963389e+00
3.697596695e-02	-2.381328751e+00
3.790853970e-02	-2.382905060e+00
3.886463292e-02	-2.384566750e+00
3.984483981e-02	-2.383903123e+00
4.084976855e-02	-2.386726120e+00
4.188004264e-02	-2.388991657e+00
4.293630134e-02	-2.388107747e+00
4.401919999e-02	-2.390574711e+00
4.512941047e-02	-2.391541385e+00
4.626762164e-02	-2.394542797e+00
4.743453969e-02	-2.397528120e+00
4.863088863e-02	-2.401314520e+00
4.985741076e-02	-2.404604024e+00
5.111486706e-02	-2.405315932e+00
5.240403773e-02	-2.409614196e+00
5.372572264e-02	-2.414287564e+00
5.508074183e-02	-2.415749716e+00
5.646993603e-02	-2.419815835e+00
5.789416717e-02	-2.422189776e+00
5.935431892e-02	-2.428009652e+00
6.085129723e-02	-2.431925405e+00
6.238603090e-02	-2.434355727e+00
6.395947217e-02	-2.439138105e+00
6.557259728e-02	-2.441477498e+00
6.722640710e-02	-2.444000460e+00
6.892192775e-02	-2.446867243e+00
7.066021121e-02	-2.444438760e+00
7.244233600e-02	-2.444071228e+00
7.426940785e-02	-2.442187940e+00
7.614256038e-02	-2.442653028e+00
7.806295578e-02	-2.437759895e+00
8.003178557e-02	-2.434943468e+00
8.205027132e-02	-2.433519418e+00
8.411966540e-02	-2.432258846e+00
8.624125178e-02	-2.434422307e+00
8.841634679e-02	-2.410227925e+00
9.064629999e-02	-2.409901954e+00
9.293249494e-02	-2.416847050e+00
9.527635014e-02	-2.429913245e+00
9.767931983e-02	-2.449094099e+00
1.001428949e-01	-2.473686656e+00
1.026686040e-01	-2.501365405e+00
1.052580141e-01	-2.474192864e+00
1.079127319e-01	-2.510878234e+00
1.106344044e-01	-2.546576105e+00
1.134247203e-01	-2.576602398e+00
1.162854110e-01	-2.596258137e+00
1.192182513e-01	-2.615763151e+00
1.222250609e-01	-2.636576317e+00
1.253077054e-01	-2.647514207e+00
1.284680974e-01	-2.653464799e+00
1.317081979e-01	-2.692374934e+00
1.350300170e-01	-2.692442766e+00
1.384356160e-01	-2.694893249e+00
1.419271077e-01	-2.708249558e+00
1.455066586e-01	-2.692743863e+00
1.491764894e-01	-2.697926944e+00
1.529388773e-01	-2.719496153e+00
1.567961565e-01	-2.750381705e+00
1.607507204e-01	-2.708608276e+00
1.648050225e-01	-2.716429301e+00
1.689615784e-01	-2.750647304e+00
1.732229670e-01	-2.771323404e+00
1.775918323e-01	-2.773541976e+00
1.820708849e-01	-2.800888973e+00
1.866629040e-01	-2.811054806e+00
1.913707386e-01	-2.815690883e+00
1.961973098e-01	-2.842599338e+00
2.011456122e-01	-2.882345919e+00
2.062187159e-01	-2.902696493e+00
2.114197687e-01	-2.932293729e+00
2.167519975e-01	-2.956898800e+00
2.222187106e-01	-2.890853387e+00
2.278233001e-01	-2.935409381e+00
2.335692432e-01	-2.975073199e+00
2.394601050e-01	-2.992691046e+00
2.454995405e-01	-3.005097149e+00
2.516912969e-01	-3.018011592e+00
2.580392160e-01	-3.025483760e+00
2.645472362e-01	-3.049050252e+00
2.712193956e-01	-3.043091877e+00
2.780598338e-01	-3.068382864e+00
2.850727951e-01	-3.103685227e+00
2.922626306e-01	-3.124782780e+00
2.996338013e-01	-3.102545040e+00
3.071908807e-01	-3.132641920e+00
3.149385576e-01	-3.150970805e+00
3.228816390e-01	-3.168750670e+00
3.310250533e-01	-3.197959071e+00
3.393738531e-01	-3.189086372e+00
3.479332183e-01	-3.205462555e+00
3.567084598e-01	-3.225155875e+00
3.657050221e-01	-3.240120006e+00
3.749284871e-01	-3.252348897e+00
3.843845776e-01	-3.269862184e+00
3.940791607e-01	-3.279649442e+00
4.040182513e-01	-3.289485269e+00
4.142080162e-01	-3.301741662e+00
4.246547777e-01	-3.317405617e+00
4.353650176e-01	-3.334130617e+00
4.463453809e-01	-3.347259407e+00
4.576026805e-01	-3.357014619e+00
4.691439011e-01	-3.368111708e+00
4.809762034e-01	-3.379003580e+00
4.931069287e-01	-3.389649312e+00
5.055436038e-01	-3.396654087e+00
5.182939448e-01	-3.405926358e+00
5.313658628e-01	-3.414904041e+00
5.447674684e-01	-3.422136393e+00
5.585070765e-01	-3.436449919e+00
5.725932120e-01	-3.443121206e+00
5.870346146e-01	-3.449009450e+00
6.018402446e-01	-3.457375491e+00
6.170192881e-01	-3.464776143e+00
6.325811631e-01	-3.468773497e+00
6.485355249e-01	-3.477141303e+00
6.648922724e-01	-3.480598792e+00
6.816615544e-01	-3.486963049e+00
6.988537752e-01	-3.492808415e+00
7.164796020e-01	-3.494585838e+00
7.345499706e-01	-3.498794188e+00
7.530760929e-01	-3.502270957e+00
7.720694635e-01	-3.505203867e+00
7.915418668e-01	-3.507329713e+00
8.115053846e-01	-3.507116836e+00
8.319724034e-01	-3.507032403e+00
8.529556218e-01	-3.507200714e+00
8.744680591e-01	-3.506748640e+00
8.965230626e-01	-3.505613919e+00
9.191343166e-01	-3.505019529e+00
9.423158501e-01	-3.503035955e+00
9.660820462e-01	-3.499656381e+00
9.904476508e-01	-3.495656622e+00
1.015427782e+00	-3.490926880e+00
1.041037937e+00	-3.485459258e+00
1.067294008e+00	-3.479267269e+00
1.094212285e+00	-3.472316882e+00
1.121809469e+00	-3.464932046e+00
1.150102683e+00	-3.458025246e+00
1.179109481e+00	-3.448778474e+00
1.208847862e+00	-3.438731622e+00
1.239336275e+00	-3.427874925e+00
1.270593639e+00	-3.416263520e+00
1.302639346e+00	-3.403846859e+00
1.335493279e+00	-3.392642614e+00
1.369175823e+00	-3.378652625e+00
1.403707877e+00	-3.363895032e+00
1.439110865e+00	-3.348364414e+00
1.475406753e+00	-3.332035205e+00
1.512618062e+00	-3.314935524e+00
1.550767880e+00	-3.299386428e+00
1.589879876e+00	-3.280913968e+00
1.629978317e+00	-3.261748577e+00
1.671088083e+00	-3.241922294e+00
1.713234681e+00	-3.221457681e+00
1.756444261e+00	-3.200396599e+00
1.800743631e+00	-3.181264448e+00
1.846160278e+00	-3.159391301e+00
1.892722381e+00	-3.136901025e+00
1.940458828e+00	-3.113980227e+00
1.989399239e+00	-3.090674340e+00
2.039573979e+00	-3.067028548e+00
2.091014179e+00	-3.045347700e+00
2.143751754e+00	-3.022156781e+00
2.197819426e+00	-2.997938336e+00
2.253250742e+00	-2.973566712e+00
2.310080094e+00	-2.949082969e+00
2.368342742e+00	-2.924527098e+00
2.428074835e+00	-2.901793668e+00
2.489313435e+00	-2.879138822e+00
2.552096536e+00	-2.854782944e+00
2.616463093e+00	-2.830497714e+00
2.682453042e+00	-2.806311153e+00
2.750107327e+00	-2.782248967e+00
2.819467925e+00	-2.759569606e+00
2.890577869e+00	-2.738918360e+00
2.963481281e+00	-2.715570852e+00
3.038223394e+00	-2.692433782e+00
3.114850581e+00	-2.669523282e+00
3.193410386e+00	-2.646854112e+00
3.273951553e+00	-2.624818379e+00
3.356524052e+00	-2.607136637e+00
3.441179116e+00	-2.585476760e+00
3.527969271e+00	-2.564107583e+00
3.616948364e+00	-2.543038407e+00
3.708171603e+00	-2.522277702e+00
3.801695588e+00	-2.501833151e+00
3.897578347e+00	-2.487034821e+00
3.995879369e+00	-2.467446459e+00
4.096659647e+00	-2.448193447e+00
4.199981709e+00	-2.429280417e+00
4.305909662e+00	-2.410711349e+00
4.414509229e+00	-2.392489586e+00
4.525847792e+00	-2.380376140e+00
4.639994430e+00	-2.363051972e+00
4.757019966e+00	-2.346081338e+00
4.876997009e+00	-2.329465147e+00
5.000000000e+00	-2.313203788e+00
#################################
