Run parameters:
does_de_cluster=True
save_data=True
time_domain=True
number_of_points=50
varied_parameter=w_i
varied_par_values=[-0.5]
init_value=-0.5
final_value=-0.9
n_samples=1

Cosmological parameters:
omega_matter_now=0.3
omega_rad_now=0
hubble_constant_standard_units=67
scale_at_lss=0.0009165902841429881
a_min=1e-10
a_max=1
min_redshift=0
max_redshift=20
spectral_index=0.96
sigma8=0.85

Dark energy eos parameters:
selected_de_eos=de_eos_5
w_i=-0.5,-0.7,-0.9
w_f=-1
trans_steepness=-1
trans_z=0.5
w=-1
c_eff_value=0

Precision parameters:
virialization_scale_tol=1.0e-06
turn_around_scale_tol=1.0e-06
a_ini=1.0e-10
nonlinear_perturbations_atol=1.0e-10
nonlinear_perturbations_rtol=1.0e-08
growth_factor_atol=1.0e-10
growth_factor_rtol=1.0e-08
dark_density_evolution_atol=1.0e-10
dark_density_evolution_rtol=1.0e-08
dark_density_evolution_max_step=1.0e-03
friedmann_atol=1.0e-10
friedmann_rtol=1.0e-08
friedmann_max_stepsize=1.0e-03
exact_decimals=5.0e+00
numerical_infty=1.0e+11
normalization_integrand_atol=1.0e-08
normalization_integrand_rtol=1.0e-06
mass_variance_filtered_spectrum_atol=1.0e-06
mass_variance_filtered_spectrum_rtol=1.0e-04
log_der_of_log_sigma_atol=1.0e-06
log_der_of_log_sigma_rtol=1.0e-04

*********************************
2.000000000e-05	4.819134321e+01
2.050442102e-05	4.936667169e+01
2.102156407e-05	5.057071150e+01
2.155175001e-05	5.180412224e+01
2.209530780e-05	5.306766869e+01
2.265257468e-05	5.436204437e+01
2.322389643e-05	5.568801003e+01
2.380962750e-05	5.704636771e+01
2.441013133e-05	5.843792399e+01
2.502578050e-05	5.986345907e+01
2.565695699e-05	6.132381927e+01
2.630405241e-05	6.281982441e+01
2.696746826e-05	6.435237419e+01
2.764761615e-05	6.592239979e+01
2.834491809e-05	6.753077312e+01
2.905980672e-05	6.917846420e+01
2.979272558e-05	7.086645430e+01
3.054412944e-05	7.259566144e+01
3.131448448e-05	7.436715247e+01
3.210426870e-05	7.618194570e+01
3.291397210e-05	7.804115852e+01
3.374409707e-05	7.994585746e+01
3.459515866e-05	8.189715005e+01
3.546768492e-05	8.389615039e+01
3.636221721e-05	8.594407064e+01
3.727931055e-05	8.804214021e+01
3.821953395e-05	9.019158124e+01
3.918347076e-05	9.239364982e+01
4.017171908e-05	9.464968030e+01
4.118489205e-05	9.696094376e+01
4.222361832e-05	9.932883032e+01
4.328854235e-05	1.017547774e+02
4.438032489e-05	1.042402114e+02
4.549964333e-05	1.067865964e+02
4.664719215e-05	1.093954600e+02
4.782368337e-05	1.120683092e+02
4.902984693e-05	1.148067791e+02
5.026643120e-05	1.176124814e+02
5.153420343e-05	1.204870991e+02
5.283395020e-05	1.234323900e+02
5.416647796e-05	1.264500708e+02
5.553261346e-05	1.295419317e+02
5.693320434e-05	1.327098652e+02
5.836911959e-05	1.359557532e+02
5.984125014e-05	1.392815949e+02
6.135050936e-05	1.426893585e+02
6.289783369e-05	1.461811612e+02
6.448418316e-05	1.497590181e+02
6.611054204e-05	1.534251377e+02
6.777791939e-05	1.571817528e+02
6.948734976e-05	1.610311759e+02
7.123989375e-05	1.649757571e+02
7.303663875e-05	1.690178879e+02
7.487869954e-05	1.731600684e+02
7.676721905e-05	1.774048186e+02
7.870336900e-05	1.817547424e+02
8.068835068e-05	1.862125877e+02
8.272339569e-05	1.907810560e+02
8.480976668e-05	1.954629877e+02
8.694875813e-05	2.002613300e+02
8.914169720e-05	2.051790438e+02
9.138994449e-05	2.102191730e+02
9.369489495e-05	2.153849232e+02
9.605797868e-05	2.206795947e+02
9.848066186e-05	2.261064811e+02
1.009644477e-04	2.316690236e+02
1.035108771e-04	2.373706617e+02
1.061215303e-04	2.432151997e+02
1.087980268e-04	2.492062139e+02
1.115420274e-04	2.553476600e+02
1.143552345e-04	2.616434168e+02
1.172393938e-04	2.680975848e+02
1.201962945e-04	2.747142958e+02
1.232277714e-04	2.814978980e+02
1.263357053e-04	2.884527598e+02
1.295220245e-04	2.955834303e+02
1.327887061e-04	3.028945107e+02
1.361377769e-04	3.103909395e+02
1.395713147e-04	3.180775534e+02
1.430914499e-04	3.259594718e+02
1.467003667e-04	3.340418455e+02
1.504003041e-04	3.423300557e+02
1.541935579e-04	3.508296024e+02
1.580824815e-04	3.595460661e+02
1.620694878e-04	3.684854445e+02
1.661570506e-04	3.776535680e+02
1.703477061e-04	3.870565162e+02
1.746440543e-04	3.967005633e+02
1.790487609e-04	4.065921710e+02
1.835645588e-04	4.167378887e+02
1.881942499e-04	4.271446076e+02
1.929407067e-04	4.378191933e+02
1.978068741e-04	4.487686054e+02
2.027957714e-04	4.600001342e+02
2.079104939e-04	4.715211849e+02
2.131542151e-04	4.833392976e+02
2.185301884e-04	4.954621421e+02
2.240417495e-04	5.078978385e+02
2.296923179e-04	5.206541337e+02
2.354853995e-04	5.337392831e+02
2.414245888e-04	5.471612235e+02
2.475135707e-04	5.609287124e+02
2.537561231e-04	5.750501449e+02
2.601561192e-04	5.895342368e+02
2.667175300e-04	6.043894452e+02
2.734444264e-04	6.196248493e+02
2.803409823e-04	6.352489050e+02
2.874114765e-04	6.512710200e+02
2.946602960e-04	6.676998535e+02
3.020919384e-04	6.845443412e+02
3.097110146e-04	7.018133590e+02
3.175222519e-04	7.195160358e+02
3.255304968e-04	7.376612548e+02
3.337407181e-04	7.562580602e+02
3.421580098e-04	7.753152098e+02
3.507875944e-04	7.948407434e+02
3.596348262e-04	8.148438176e+02
3.687051945e-04	8.353323512e+02
3.780043270e-04	8.563159639e+02
3.875379935e-04	8.778014185e+02
3.973121090e-04	8.997979161e+02
4.073327380e-04	9.223105276e+02
4.176060977e-04	9.453492667e+02
4.281385624e-04	9.689208048e+02
4.389366670e-04	9.930321810e+02
4.500071111e-04	1.017690109e+03
4.613567634e-04	1.042901998e+03
4.729926659e-04	1.068671877e+03
4.849220380e-04	1.095006562e+03
4.971522815e-04	1.121913197e+03
5.096909846e-04	1.149397662e+03
5.225459269e-04	1.177464790e+03
5.357250844e-04	1.206120200e+03
5.492366341e-04	1.235366742e+03
5.630889593e-04	1.265209553e+03
5.772906546e-04	1.295657302e+03
5.918505317e-04	1.326713777e+03
6.067776242e-04	1.358383836e+03
6.220811936e-04	1.390673283e+03
6.377707351e-04	1.423582277e+03
6.538559834e-04	1.457119203e+03
6.703469185e-04	1.491291471e+03
6.872537724e-04	1.526105259e+03
7.045870349e-04	1.561567194e+03
7.223574604e-04	1.597683747e+03
7.405760748e-04	1.634458094e+03
7.592541818e-04	1.671898158e+03
7.784033703e-04	1.710017210e+03
7.980355214e-04	1.748823607e+03
8.181628160e-04	1.788327503e+03
8.387977422e-04	1.828539340e+03
8.599531028e-04	1.869465427e+03
8.816420239e-04	1.911119486e+03
9.038779624e-04	1.953517167e+03
9.266747146e-04	1.996673274e+03
9.500464249e-04	2.040603546e+03
9.740075943e-04	2.085322651e+03
9.985730895e-04	2.130843710e+03
1.023758152e-03	2.177180385e+03
1.049578409e-03	2.224359205e+03
1.076049880e-03	2.272398092e+03
1.103188989e-03	2.321317948e+03
1.131012574e-03	2.371138983e+03
1.159537900e-03	2.421879666e+03
1.188782665e-03	2.473556118e+03
1.218765013e-03	2.526198939e+03
1.249503548e-03	2.579832013e+03
1.281017340e-03	2.634478554e+03
1.313325944e-03	2.690162059e+03
1.346449405e-03	2.746905434e+03
1.380408274e-03	2.804724033e+03
1.415223622e-03	2.863652798e+03
1.450917049e-03	2.923715850e+03
1.487510702e-03	2.984937226e+03
1.525027285e-03	3.047341900e+03
1.563490076e-03	3.110948006e+03
1.602922939e-03	3.175770652e+03
1.643350340e-03	3.241846782e+03
1.684797363e-03	3.309199468e+03
1.727289723e-03	3.377851201e+03
1.770853786e-03	3.447823831e+03
1.815516579e-03	3.519138941e+03
1.861305816e-03	3.591802527e+03
1.908249905e-03	3.665846250e+03
1.956377973e-03	3.741290751e+03
2.005719882e-03	3.818153941e+03
2.056306245e-03	3.896452558e+03
2.108168450e-03	3.976203246e+03
2.161338674e-03	4.057405694e+03
2.215849907e-03	4.140083019e+03
2.271735971e-03	4.224252402e+03
2.329031539e-03	4.309925245e+03
2.387772163e-03	4.397111547e+03
2.447994286e-03	4.485820306e+03
2.509735275e-03	4.576041760e+03
2.573033437e-03	4.667788559e+03
2.637928044e-03	4.761073162e+03
2.704459362e-03	4.855898570e+03
2.772668670e-03	4.952265769e+03
2.842598288e-03	5.050174088e+03
2.914291604e-03	5.149602979e+03
2.987793102e-03	5.250548370e+03
3.063148384e-03	5.353019107e+03
3.140404206e-03	5.457006913e+03
3.219608500e-03	5.562500857e+03
3.300810411e-03	5.669488331e+03
3.384060319e-03	5.777935406e+03
3.469409877e-03	5.887815953e+03
3.556912040e-03	5.999133954e+03
3.646621100e-03	6.111867558e+03
3.738592717e-03	6.225991088e+03
3.832883955e-03	6.341476633e+03
3.929553317e-03	6.458276096e+03
4.028660782e-03	6.576331264e+03
4.130267841e-03	6.695643785e+03
4.234437537e-03	6.816173643e+03
4.341234502e-03	6.937877887e+03
4.450724999e-03	7.060710532e+03
4.562976961e-03	7.184608148e+03
4.678060036e-03	7.309469576e+03
4.796045627e-03	7.435295868e+03
4.917006939e-03	7.562025010e+03
5.041019022e-03	7.689594457e+03
5.168158820e-03	7.817934249e+03
5.298505217e-03	7.946964375e+03
5.432139088e-03	8.076529946e+03
5.569143345e-03	8.206630787e+03
5.709602993e-03	8.337182918e+03
5.853605182e-03	8.468095866e+03
6.001239257e-03	8.599276249e+03
6.152596819e-03	8.730625136e+03
6.307771777e-03	8.861919861e+03
6.466860411e-03	8.993160671e+03
6.629961427e-03	9.124224988e+03
6.797176023e-03	9.255022255e+03
6.968607946e-03	9.385392917e+03
7.144363563e-03	9.515224655e+03
7.324551921e-03	9.644293103e+03
7.509284819e-03	9.772550083e+03
7.698676875e-03	9.899813005e+03
7.892845597e-03	1.002595936e+04
8.091911459e-03	1.015083897e+04
8.295997971e-03	1.027429025e+04
8.505231759e-03	1.039601906e+04
8.719742643e-03	1.051593096e+04
8.939663717e-03	1.063388295e+04
9.165131432e-03	1.074969725e+04
9.396285680e-03	1.086318555e+04
9.633269881e-03	1.097415104e+04
9.876231072e-03	1.108226465e+04
1.012532000e-02	1.118737157e+04
1.038069121e-02	1.128932998e+04
1.064250316e-02	1.138792625e+04
1.091091827e-02	1.148293680e+04
1.118610310e-02	1.157414319e+04
1.146822837e-02	1.166119892e+04
1.175746915e-02	1.174386857e+04
1.205400488e-02	1.182202232e+04
1.235801955e-02	1.189542454e+04
1.266970179e-02	1.196383924e+04
1.298924499e-02	1.202702450e+04
1.331684740e-02	1.208463657e+04
1.365271229e-02	1.213636792e+04
1.399704804e-02	1.218212889e+04
1.435006830e-02	1.222168313e+04
1.471199211e-02	1.225478709e+04
1.508304401e-02	1.228120355e+04
1.546345423e-02	1.230064593e+04
1.585345880e-02	1.231274566e+04
1.625329970e-02	1.231750575e+04
1.666322500e-02	1.231470336e+04
1.708348905e-02	1.230415060e+04
1.751435259e-02	1.228567855e+04
1.795608298e-02	1.225906695e+04
1.840895426e-02	1.222398808e+04
1.887324744e-02	1.218056141e+04
1.934925057e-02	1.212866320e+04
1.983725901e-02	1.206821570e+04
2.033757553e-02	1.199918937e+04
2.085051056e-02	1.192151170e+04
2.137638235e-02	1.183500962e+04
2.191551718e-02	1.173993552e+04
2.246824956e-02	1.163645347e+04
2.303492243e-02	1.152456456e+04
2.361588738e-02	1.140451340e+04
2.421150488e-02	1.127648838e+04
2.482214448e-02	1.114053003e+04
2.544818506e-02	1.099719604e+04
2.609001503e-02	1.084684013e+04
2.674803263e-02	1.068970172e+04
2.742264613e-02	1.052633867e+04
2.811427409e-02	1.035716081e+04
2.882334563e-02	1.018298332e+04
2.955030070e-02	1.000391260e+04
3.029559034e-02	9.820959004e+03
3.105967697e-02	9.634725771e+03
3.184303467e-02	9.445736399e+03
3.264614947e-02	9.254895374e+03
3.346951968e-02	9.062846557e+03
3.431365614e-02	8.870571530e+03
3.517908261e-02	8.678733417e+03
3.606633605e-02	8.488048351e+03
3.697596695e-02	8.299314703e+03
3.790853970e-02	8.113225245e+03
3.886463292e-02	7.930513597e+03
3.984483981e-02	7.751881167e+03
4.084976855e-02	7.577971602e+03
4.188004264e-02	7.409235434e+03
4.293630134e-02	7.246322037e+03
4.401919999e-02	7.089518982e+03
4.512941047e-02	6.938999313e+03
4.626762164e-02	6.795077803e+03
4.743453969e-02	6.657641612e+03
4.863088863e-02	6.526563113e+03
4.985741076e-02	6.401451018e+03
5.111486706e-02	6.282539532e+03
5.240403773e-02	6.168784840e+03
5.372572264e-02	6.059367256e+03
5.508074183e-02	5.953924266e+03
5.646993603e-02	5.851051553e+03
5.789416717e-02	5.749837937e+03
5.935431892e-02	5.649032910e+03
6.085129723e-02	5.547495245e+03
6.238603090e-02	5.443899385e+03
6.395947217e-02	5.336900558e+03
6.557259728e-02	5.225393286e+03
6.722640710e-02	5.108505528e+03
6.892192775e-02	4.985435000e+03
7.066021121e-02	4.855590502e+03
7.244233600e-02	4.718674382e+03
7.426940785e-02	4.574764591e+03
7.614256038e-02	4.424652112e+03
7.806295578e-02	4.269223315e+03
8.003178557e-02	4.109867907e+03
8.205027132e-02	3.948123840e+03
8.411966540e-02	3.785953412e+03
8.624125178e-02	3.625550010e+03
8.841634679e-02	3.469908134e+03
9.064629999e-02	3.320622142e+03
9.293249494e-02	3.179520636e+03
9.527635014e-02	3.047967165e+03
9.767931983e-02	2.926880462e+03
1.001428949e-01	2.816770265e+03
1.026686040e-01	2.718220559e+03
1.052580141e-01	2.633500455e+03
1.079127319e-01	2.557835313e+03
1.106344044e-01	2.489563706e+03
1.134247203e-01	2.426934875e+03
1.162854110e-01	2.368250486e+03
1.192182513e-01	2.310341561e+03
1.222250609e-01	2.249804949e+03
1.253077054e-01	2.185160210e+03
1.284680974e-01	2.115129838e+03
1.317081979e-01	2.037279399e+03
1.350300170e-01	1.953307404e+03
1.384356160e-01	1.865000245e+03
1.419271077e-01	1.773747544e+03
1.455066586e-01	1.682673499e+03
1.491764894e-01	1.596111254e+03
1.529388773e-01	1.515119119e+03
1.567961565e-01	1.441025235e+03
1.607507204e-01	1.377068973e+03
1.648050225e-01	1.323940956e+03
1.689615784e-01	1.277487572e+03
1.732229670e-01	1.236377336e+03
1.775918323e-01	1.199100183e+03
1.820708849e-01	1.161850971e+03
1.866629040e-01	1.122076231e+03
1.913707386e-01	1.078920665e+03
1.961973098e-01	1.031395966e+03
2.011456122e-01	9.803661770e+02
2.062187159e-01	9.292006728e+02
2.114197687e-01	8.794882631e+02
2.167519975e-01	8.330551023e+02
2.222187106e-01	7.940509630e+02
2.278233001e-01	7.596339119e+02
2.335692432e-01	7.290676497e+02
2.394601050e-01	7.015140232e+02
2.454995405e-01	6.751051957e+02
2.516912969e-01	6.473036286e+02
2.580392160e-01	6.180406377e+02
2.645472362e-01	5.873851670e+02
2.712193956e-01	5.568134050e+02
2.780598338e-01	5.281703115e+02
2.850727951e-01	5.019103239e+02
2.922626306e-01	4.783362220e+02
2.996338013e-01	4.576172532e+02
3.071908807e-01	4.379133377e+02
3.149385576e-01	4.181702506e+02
3.228816390e-01	3.981599609e+02
3.310250533e-01	3.778759080e+02
3.393738531e-01	3.585828663e+02
3.479332183e-01	3.406877776e+02
3.567084598e-01	3.241611393e+02
3.657050221e-01	3.087901773e+02
3.749284871e-01	2.941327691e+02
3.843845776e-01	2.797209773e+02
3.940791607e-01	2.656225621e+02
4.040182513e-01	2.520918908e+02
4.142080162e-01	2.393416953e+02
4.246547777e-01	2.273910615e+02
4.353650176e-01	2.160856752e+02
4.463453809e-01	2.052430237e+02
4.576026805e-01	1.947763325e+02
4.691439011e-01	1.847320368e+02
4.809762034e-01	1.752323782e+02
4.931069287e-01	1.662800234e+02
5.055436038e-01	1.577846523e+02
5.182939448e-01	1.496340802e+02
5.313658628e-01	1.418359700e+02
5.447674684e-01	1.344253398e+02
5.585070765e-01	1.273915426e+02
5.725932120e-01	1.207602992e+02
5.870346146e-01	1.144183225e+02
6.018402446e-01	1.083576230e+02
6.170192881e-01	1.026406235e+02
6.325811631e-01	9.719837417e+01
6.485355249e-01	9.202965586e+01
6.648922724e-01	8.711216246e+01
6.816615544e-01	8.245854994e+01
6.988537752e-01	7.802428901e+01
7.164796020e-01	7.383295963e+01
7.345499706e-01	6.985329215e+01
7.530760929e-01	6.607317912e+01
7.720694635e-01	6.248523036e+01
7.915418668e-01	5.908333269e+01
8.115053846e-01	5.586530971e+01
8.319724034e-01	5.281281670e+01
8.529556218e-01	4.991852901e+01
8.744680591e-01	4.717518340e+01
8.965230626e-01	4.457607477e+01
9.191343166e-01	4.211395337e+01
9.423158501e-01	3.978182056e+01
9.660820462e-01	3.757827359e+01
9.904476508e-01	3.549065908e+01
1.015427782e+00	3.351416382e+01
1.041037937e+00	3.164292286e+01
1.067294008e+00	2.987155549e+01
1.094212285e+00	2.819503140e+01
1.121809469e+00	2.660854866e+01
1.150102683e+00	2.510858445e+01
1.179109481e+00	2.369262408e+01
1.208847862e+00	2.235328527e+01
1.239336275e+00	2.108653593e+01
1.270593639e+00	1.988854351e+01
1.302639346e+00	1.875580519e+01
1.335493279e+00	1.768504744e+01
1.369175823e+00	1.667567088e+01
1.403707877e+00	1.572165899e+01
1.439110865e+00	1.482023072e+01
1.475406753e+00	1.396860167e+01
1.512618062e+00	1.316410649e+01
1.550767880e+00	1.240401156e+01
1.589879876e+00	1.168768295e+01
1.629978317e+00	1.101190872e+01
1.671088083e+00	1.037361222e+01
1.713234681e+00	9.771169757e+00
1.756444261e+00	9.202384829e+00
1.800743631e+00	8.665597830e+00
1.846160278e+00	8.160101021e+00
1.892722381e+00	7.683396050e+00
1.940458828e+00	7.233711489e+00
1.989399239e+00	6.809486916e+00
2.039573979e+00	6.409238109e+00
2.091014179e+00	6.031744572e+00
2.143751754e+00	5.676444432e+00
2.197819426e+00	5.341778305e+00
2.253250742e+00	5.026226394e+00
2.310080094e+00	4.728738548e+00
2.368342742e+00	4.448408452e+00
2.428074835e+00	4.184163957e+00
2.489313435e+00	3.935453807e+00
2.552096536e+00	3.701417514e+00
2.616463093e+00	3.480877931e+00
2.682453042e+00	3.273115748e+00
2.750107327e+00	3.077385222e+00
2.819467925e+00	2.893018857e+00
2.890577869e+00	2.719610447e+00
2.963481281e+00	2.556581798e+00
3.038223394e+00	2.403019997e+00
3.114850581e+00	2.258448586e+00
3.193410386e+00	2.122384630e+00
3.273951553e+00	1.994258384e+00
3.356524052e+00	1.873757974e+00
3.441179116e+00	1.760576422e+00
3.527969271e+00	1.654029008e+00
3.616948364e+00	1.553803140e+00
3.708171603e+00	1.459505556e+00
3.801695588e+00	1.370797330e+00
3.897578347e+00	1.287358481e+00
3.995879369e+00	1.209064203e+00
4.096659647e+00	1.135416158e+00
4.199981709e+00	1.066153780e+00
4.305909662e+00	1.000996018e+00
4.414509229e+00	9.397286103e-01
4.525847792e+00	8.821377768e-01
4.639994430e+00	8.281308188e-01
4.757019966e+00	7.773650049e-01
4.876997009e+00	7.296325259e-01
5.000000000e+00	6.847653436e-01
#################################
2.000000000e-05	5.246301866e+01
2.050442102e-05	5.374224788e+01
2.102156407e-05	5.505269198e+01
2.155175001e-05	5.639507653e+01
2.209530780e-05	5.777020461e+01
2.265257468e-05	5.917888933e+01
2.322389643e-05	6.062194352e+01
2.380962750e-05	6.210021226e+01
2.441013133e-05	6.361455393e+01
2.502578050e-05	6.516582901e+01
2.565695699e-05	6.675494804e+01
2.630405241e-05	6.838284630e+01
2.696746826e-05	7.005047818e+01
2.764761615e-05	7.175880698e+01
2.834491809e-05	7.350883536e+01
2.905980672e-05	7.530157300e+01
2.979272558e-05	7.713803321e+01
3.054412944e-05	7.901933563e+01
3.131448448e-05	8.094657036e+01
3.210426870e-05	8.292085575e+01
3.291397210e-05	8.494335924e+01
3.374409707e-05	8.701522788e+01
3.459515866e-05	8.913766204e+01
3.546768492e-05	9.131193049e+01
3.636221721e-05	9.353930368e+01
3.727931055e-05	9.582110048e+01
3.821953395e-05	9.815862417e+01
3.918347076e-05	1.005532455e+02
4.017171908e-05	1.030063423e+02
4.118489205e-05	1.055193796e+02
4.222361832e-05	1.080938401e+02
4.328854235e-05	1.107312323e+02
4.438032489e-05	1.134330811e+02
4.549964333e-05	1.162009988e+02
4.664719215e-05	1.190365002e+02
4.782368337e-05	1.219413843e+02
4.902984693e-05	1.249172886e+02
5.026643120e-05	1.279660096e+02
5.153420343e-05	1.310893189e+02
5.283395020e-05	1.342890365e+02
5.416647796e-05	1.375669972e+02
5.553261346e-05	1.409252113e+02
5.693320434e-05	1.443656293e+02
5.836911959e-05	1.478903112e+02
5.984125014e-05	1.515013206e+02
6.135050936e-05	1.552008091e+02
6.289783369e-05	1.589908118e+02
6.448418316e-05	1.628737483e+02
6.611054204e-05	1.668518644e+02
6.777791939e-05	1.709275233e+02
6.948734976e-05	1.751031476e+02
7.123989375e-05	1.793812478e+02
7.303663875e-05	1.837642141e+02
7.487869954e-05	1.882547951e+02
7.676721905e-05	1.928556319e+02
7.870336900e-05	1.975695071e+02
8.068835068e-05	2.023991988e+02
8.272339569e-05	2.073475974e+02
8.480976668e-05	2.124175923e+02
8.694875813e-05	2.176122677e+02
8.914169720e-05	2.229347910e+02
9.138994449e-05	2.283883141e+02
9.369489495e-05	2.339761422e+02
9.605797868e-05	2.397016571e+02
9.848066186e-05	2.455682241e+02
1.009644477e-04	2.515793940e+02
1.035108771e-04	2.577388595e+02
1.061215303e-04	2.640503330e+02
1.087980268e-04	2.705176436e+02
1.115420274e-04	2.771447478e+02
1.143552345e-04	2.839355888e+02
1.172393938e-04	2.908942777e+02
1.201962945e-04	2.980251723e+02
1.232277714e-04	3.053325553e+02
1.263357053e-04	3.128209245e+02
1.295220245e-04	3.204948401e+02
1.327887061e-04	3.283590128e+02
1.361377769e-04	3.364181650e+02
1.395713147e-04	3.446773473e+02
1.430914499e-04	3.531416431e+02
1.467003667e-04	3.618162352e+02
1.504003041e-04	3.707064364e+02
1.541935579e-04	3.798177340e+02
1.580824815e-04	3.891556466e+02
1.620694878e-04	3.987260264e+02
1.661570506e-04	4.085347479e+02
1.703477061e-04	4.185878838e+02
1.746440543e-04	4.288916014e+02
1.790487609e-04	4.394522104e+02
1.835645588e-04	4.502761502e+02
1.881942499e-04	4.613701226e+02
1.929407067e-04	4.727409627e+02
1.978068741e-04	4.843955428e+02
2.027957714e-04	4.963411083e+02
2.079104939e-04	5.085847862e+02
2.131542151e-04	5.211340026e+02
2.185301884e-04	5.339963878e+02
2.240417495e-04	5.471796906e+02
2.296923179e-04	5.606918448e+02
2.354853995e-04	5.745408513e+02
2.414245888e-04	5.887349899e+02
2.475135707e-04	6.032823690e+02
2.537561231e-04	6.181916889e+02
2.601561192e-04	6.334716032e+02
2.667175300e-04	6.491308414e+02
2.734444264e-04	6.651784925e+02
2.803409823e-04	6.816235163e+02
2.874114765e-04	6.984747105e+02
2.946602960e-04	7.157418411e+02
3.020919384e-04	7.334341724e+02
3.097110146e-04	7.515611809e+02
3.175222519e-04	7.701327209e+02
3.255304968e-04	7.891582799e+02
3.337407181e-04	8.086474279e+02
3.421580098e-04	8.286101384e+02
3.507875944e-04	8.490564994e+02
3.596348262e-04	8.699965914e+02
3.687051945e-04	8.914407111e+02
3.780043270e-04	9.133985672e+02
3.875379935e-04	9.358800218e+02
3.973121090e-04	9.588953415e+02
4.073327380e-04	9.824548519e+02
4.176060977e-04	1.006569383e+03
4.281385624e-04	1.031249223e+03
4.389366670e-04	1.056504432e+03
4.500071111e-04	1.082344663e+03
4.613567634e-04	1.108780001e+03
4.729926659e-04	1.135821970e+03
4.849220380e-04	1.163481361e+03
4.971522815e-04	1.191768302e+03
5.096909846e-04	1.220693882e+03
5.225459269e-04	1.250267523e+03
5.357250844e-04	1.280499224e+03
5.492366341e-04	1.311401590e+03
5.630889593e-04	1.342985613e+03
5.772906546e-04	1.375263437e+03
5.918505317e-04	1.408245536e+03
6.067776242e-04	1.441942802e+03
6.220811936e-04	1.476364763e+03
6.377707351e-04	1.511526737e+03
6.538559834e-04	1.547441001e+03
6.703469185e-04	1.584120265e+03
6.872537724e-04	1.621577573e+03
7.045870349e-04	1.659825654e+03
7.223574604e-04	1.698874180e+03
7.405760748e-04	1.738741695e+03
7.592541818e-04	1.779442845e+03
7.784033703e-04	1.820992889e+03
7.980355214e-04	1.863407480e+03
8.181628160e-04	1.906702113e+03
8.387977422e-04	1.950887136e+03
8.599531028e-04	1.995985553e+03
8.816420239e-04	2.042015227e+03
9.038779624e-04	2.088994146e+03
9.266747146e-04	2.136941014e+03
9.500464249e-04	2.185875053e+03
9.740075943e-04	2.235808594e+03
9.985730895e-04	2.286767304e+03
1.023758152e-03	2.338773279e+03
1.049578409e-03	2.391847075e+03
1.076049880e-03	2.446010439e+03
1.103188989e-03	2.501284958e+03
1.131012574e-03	2.557685861e+03
1.159537900e-03	2.615239888e+03
1.188782665e-03	2.673972714e+03
1.218765013e-03	2.733906711e+03
1.249503548e-03	2.795065677e+03
1.281017340e-03	2.857472462e+03
1.313325944e-03	2.921143737e+03
1.346449405e-03	2.986105994e+03
1.380408274e-03	3.052386049e+03
1.415223622e-03	3.120007750e+03
1.450917049e-03	3.188993649e+03
1.487510702e-03	3.259367495e+03
1.525027285e-03	3.331144783e+03
1.563490076e-03	3.404343545e+03
1.602922939e-03	3.478995707e+03
1.643350340e-03	3.555124497e+03
1.684797363e-03	3.632751178e+03
1.727289723e-03	3.711896612e+03
1.770853786e-03	3.792574530e+03
1.815516579e-03	3.874801061e+03
1.861305816e-03	3.958604571e+03
1.908249905e-03	4.044003322e+03
1.956377973e-03	4.131015215e+03
2.005719882e-03	4.219656375e+03
2.056306245e-03	4.309936155e+03
2.108168450e-03	4.401860454e+03
2.161338674e-03	4.495456512e+03
2.215849907e-03	4.590737342e+03
2.271735971e-03	4.687714220e+03
2.329031539e-03	4.786397578e+03
2.387772163e-03	4.886790694e+03
2.447994286e-03	4.988882444e+03
2.509735275e-03	5.092700752e+03
2.573033437e-03	5.198250022e+03
2.637928044e-03	5.305533299e+03
2.704459362e-03	5.414551939e+03
2.772668670e-03	5.525302615e+03
2.842598288e-03	5.637750471e+03
2.914291604e-03	5.751923745e+03
2.987793102e-03	5.867815718e+03
3.063148384e-03	5.985418304e+03
3.140404206e-03	6.104721213e+03
3.219608500e-03	6.225711159e+03
3.300810411e-03	6.348324941e+03
3.384060319e-03	6.472587391e+03
3.469409877e-03	6.598478791e+03
3.556912040e-03	6.725976728e+03
3.646621100e-03	6.855055449e+03
3.738592717e-03	6.985685560e+03
3.832883955e-03	7.117781205e+03
3.929553317e-03	7.251346692e+03
4.028660782e-03	7.386353753e+03
4.130267841e-03	7.522760495e+03
4.234437537e-03	7.660521853e+03
4.341234502e-03	7.799589035e+03
4.450724999e-03	7.939851048e+03
4.562976961e-03	8.081283833e+03
4.678060036e-03	8.223847731e+03
4.796045627e-03	8.367479707e+03
4.917006939e-03	8.512111372e+03
5.041019022e-03	8.657669944e+03
5.168158820e-03	8.804013498e+03
5.298505217e-03	8.951081381e+03
5.432139088e-03	9.098824032e+03
5.569143345e-03	9.247148587e+03
5.709602993e-03	9.395963710e+03
5.853605182e-03	9.545164441e+03
6.001239257e-03	9.694583741e+03
6.152596819e-03	9.844099364e+03
6.307771777e-03	9.993656537e+03
6.466860411e-03	1.014311883e+04
6.629961427e-03	1.029238254e+04
6.797176023e-03	1.044130501e+04
6.968607946e-03	1.058972285e+04
7.144363563e-03	1.073738708e+04
7.324551921e-03	1.088426473e+04
7.509284819e-03	1.103020010e+04
7.698676875e-03	1.117503335e+04
7.892845597e-03	1.131858390e+04
8.091911459e-03	1.146063423e+04
8.295997971e-03	1.160091209e+04
8.505231759e-03	1.173935443e+04
8.719742643e-03	1.187577046e+04
8.939663717e-03	1.200995413e+04
9.165131432e-03	1.214170111e+04
9.396285680e-03	1.227076862e+04
9.633269881e-03	1.239678178e+04
9.876231072e-03	1.251968541e+04
1.012532000e-02	1.263925199e+04
1.038069121e-02	1.275523922e+04
1.064250316e-02	1.286740906e+04
1.091091827e-02	1.297550728e+04
1.118610310e-02	1.307903642e+04
1.146822837e-02	1.317798193e+04
1.175746915e-02	1.327206769e+04
1.205400488e-02	1.336101109e+04
1.235801955e-02	1.344458533e+04
1.266970179e-02	1.352254913e+04
1.298924499e-02	1.359424569e+04
1.331684740e-02	1.365980041e+04
1.365271229e-02	1.371880026e+04
1.399704804e-02	1.377105519e+04
1.435006830e-02	1.381626778e+04
1.471199211e-02	1.385411425e+04
1.508304401e-02	1.388425684e+04
1.546345423e-02	1.390642105e+04
1.585345880e-02	1.392057761e+04
1.625329970e-02	1.392636487e+04
1.666322500e-02	1.392359944e+04
1.708348905e-02	1.391204035e+04
1.751435259e-02	1.389129428e+04
1.795608298e-02	1.386128992e+04
1.840895426e-02	1.382198916e+04
1.887324744e-02	1.377319581e+04
1.934925057e-02	1.371484278e+04
1.983725901e-02	1.364676539e+04
2.033757553e-02	1.356881253e+04
2.085051056e-02	1.348100263e+04
2.137638235e-02	1.338344740e+04
2.191551718e-02	1.327621152e+04
2.246824956e-02	1.315934025e+04
2.303492243e-02	1.303303031e+04
2.361588738e-02	1.289735452e+04
2.421150488e-02	1.275262239e+04
2.482214448e-02	1.259913272e+04
2.544818506e-02	1.243701091e+04
2.609001503e-02	1.226713130e+04
2.674803263e-02	1.208962445e+04
2.742264613e-02	1.190491352e+04
2.811427409e-02	1.171366273e+04
2.882334563e-02	1.151658239e+04
2.955030070e-02	1.131429982e+04
3.029559034e-02	1.110742092e+04
3.105967697e-02	1.089680531e+04
3.184303467e-02	1.068316099e+04
3.264614947e-02	1.046742851e+04
3.346951968e-02	1.025034722e+04
3.431365614e-02	1.003290203e+04
3.517908261e-02	9.815942637e+03
3.606633605e-02	9.600264825e+03
3.697596695e-02	9.386784663e+03
3.790853970e-02	9.176343209e+03
3.886463292e-02	8.969532639e+03
3.984483981e-02	8.767737679e+03
4.084976855e-02	8.571100741e+03
4.188004264e-02	8.380353224e+03
4.293630134e-02	8.196105465e+03
4.401919999e-02	8.018627547e+03
4.512941047e-02	7.848302794e+03
4.626762164e-02	7.685546077e+03
4.743453969e-02	7.530197036e+03
4.863088863e-02	7.382100262e+03
4.985741076e-02	7.240867123e+03
5.111486706e-02	7.105949723e+03
5.240403773e-02	6.977213266e+03
5.372572264e-02	6.853842836e+03
5.508074183e-02	6.734272505e+03
5.646993603e-02	6.618219990e+03
5.789416717e-02	6.503561443e+03
5.935431892e-02	6.389714548e+03
6.085129723e-02	6.274848308e+03
6.238603090e-02	6.157630229e+03
6.395947217e-02	6.036596761e+03
6.557259728e-02	5.910590005e+03
6.722640710e-02	5.778493844e+03
6.892192775e-02	5.639335833e+03
7.066021121e-02	5.492165581e+03
7.244233600e-02	5.337150390e+03
7.426940785e-02	5.174447730e+03
7.614256038e-02	5.004704582e+03
7.806295578e-02	4.828985560e+03
8.003178557e-02	4.648825892e+03
8.205027132e-02	4.466109957e+03
8.411966540e-02	4.282986022e+03
8.624125178e-02	4.101813484e+03
8.841634679e-02	3.925005033e+03
9.064629999e-02	3.754583985e+03
9.293249494e-02	3.595100611e+03
9.527635014e-02	3.446965688e+03
9.767931983e-02	3.310936169e+03
1.001428949e-01	3.187440787e+03
1.026686040e-01	3.076420286e+03
1.052580141e-01	2.977416950e+03
1.079127319e-01	2.892322351e+03
1.106344044e-01	2.816131107e+03
1.134247203e-01	2.745736998e+03
1.162854110e-01	2.678901900e+03
1.192182513e-01	2.613364850e+03
1.222250609e-01	2.545126483e+03
1.253077054e-01	2.471577529e+03
1.284680974e-01	2.391729301e+03
1.317081979e-01	2.304855506e+03
1.350300170e-01	2.209708368e+03
1.384356160e-01	2.109433975e+03
1.419271077e-01	2.006696355e+03
1.455066586e-01	1.903515072e+03
1.491764894e-01	1.804360112e+03
1.529388773e-01	1.713675157e+03
1.567961565e-01	1.631289269e+03
1.607507204e-01	1.558018185e+03
1.648050225e-01	1.496230225e+03
1.689615784e-01	1.445005267e+03
1.732229670e-01	1.398986386e+03
1.775918323e-01	1.356255317e+03
1.820708849e-01	1.314394985e+03
1.866629040e-01	1.269403986e+03
1.913707386e-01	1.220098674e+03
1.961973098e-01	1.166509733e+03
2.011456122e-01	1.108930531e+03
2.062187159e-01	1.050779978e+03
2.114197687e-01	9.951607561e+02
2.167519975e-01	9.434200975e+02
2.222187106e-01	8.969502198e+02
2.278233001e-01	8.589726776e+02
2.335692432e-01	8.249989569e+02
2.394601050e-01	7.936943065e+02
2.454995405e-01	7.636541567e+02
2.516912969e-01	7.323130713e+02
2.580392160e-01	6.990242101e+02
2.645472362e-01	6.645661054e+02
2.712193956e-01	6.297295019e+02
2.780598338e-01	5.970536924e+02
2.850727951e-01	5.678110986e+02
2.922626306e-01	5.414478343e+02
2.996338013e-01	5.175697892e+02
3.071908807e-01	4.952874026e+02
3.149385576e-01	4.730246884e+02
3.228816390e-01	4.503834138e+02
3.310250533e-01	4.276652485e+02
3.393738531e-01	4.054329287e+02
3.479332183e-01	3.851660568e+02
3.567084598e-01	3.666690168e+02
3.657050221e-01	3.493605957e+02
3.749284871e-01	3.327584306e+02
3.843845776e-01	3.164307899e+02
3.940791607e-01	3.003259054e+02
4.040182513e-01	2.850436326e+02
4.142080162e-01	2.706854929e+02
4.246547777e-01	2.572162003e+02
4.353650176e-01	2.444411022e+02
4.463453809e-01	2.321816365e+02
4.576026805e-01	2.203475067e+02
4.691439011e-01	2.089969834e+02
4.809762034e-01	1.982459615e+02
4.931069287e-01	1.881094349e+02
5.055436038e-01	1.784811143e+02
5.182939448e-01	1.692481146e+02
5.313658628e-01	1.604090771e+02
5.447674684e-01	1.520202706e+02
5.585070765e-01	1.441329195e+02
5.725932120e-01	1.366069168e+02
5.870346146e-01	1.294081980e+02
6.018402446e-01	1.225780574e+02
6.170192881e-01	1.161050606e+02
6.325811631e-01	1.099307762e+02
6.485355249e-01	1.041040039e+02
6.648922724e-01	9.852940666e+01
6.816615544e-01	9.327092924e+01
6.988537752e-01	8.826691153e+01
7.164796020e-01	8.350484543e+01
7.345499706e-01	7.901058542e+01
7.530760929e-01	7.474035672e+01
7.720694635e-01	7.068562073e+01
7.915418668e-01	6.683952995e+01
8.115053846e-01	6.319371796e+01
8.319724034e-01	5.973825845e+01
8.529556218e-01	5.646331810e+01
8.744680591e-01	5.336058841e+01
8.965230626e-01	5.042217399e+01
9.191343166e-01	4.763961148e+01
9.423158501e-01	4.500466509e+01
9.660820462e-01	4.250953805e+01
9.904476508e-01	4.014688182e+01
1.015427782e+00	3.790961448e+01
1.041037937e+00	3.579186823e+01
1.067294008e+00	3.378693567e+01
1.094212285e+00	3.188958333e+01
1.121809469e+00	3.009838901e+01
1.150102683e+00	2.840401405e+01
1.179109481e+00	2.680113551e+01
1.208847862e+00	2.528493812e+01
1.239336275e+00	2.385114352e+01
1.270593639e+00	2.249513247e+01
1.302639346e+00	2.121460736e+01
1.335493279e+00	2.000613928e+01
1.369175823e+00	1.886357062e+01
1.403707877e+00	1.778375902e+01
1.439110865e+00	1.676343341e+01
1.475406753e+00	1.579930779e+01
1.512618062e+00	1.488968768e+01
1.550767880e+00	1.403184094e+01
1.589879876e+00	1.322127343e+01
1.629978317e+00	1.245657149e+01
1.671088083e+00	1.173406528e+01
1.713234681e+00	1.105213628e+01
1.756444261e+00	1.040880637e+01
1.800743631e+00	9.802999156e+00
1.846160278e+00	9.231055799e+00
1.892722381e+00	8.691488183e+00
1.940458828e+00	8.182491705e+00
1.989399239e+00	7.701990776e+00
2.039573979e+00	7.249112403e+00
2.091014179e+00	6.823097462e+00
2.143751754e+00	6.421342900e+00
2.197819426e+00	6.042490516e+00
2.253250742e+00	5.685266066e+00
2.310080094e+00	5.348528919e+00
2.368342742e+00	5.031108911e+00
2.428074835e+00	4.733013881e+00
2.489313435e+00	4.451922564e+00
2.552096536e+00	4.186971566e+00
2.616463093e+00	3.937324696e+00
2.682453042e+00	3.702150692e+00
2.750107327e+00	3.480631371e+00
2.819467925e+00	3.272542499e+00
2.890577869e+00	3.076547267e+00
2.963481281e+00	2.891986056e+00
3.038223394e+00	2.718133280e+00
3.114850581e+00	2.554461992e+00
3.193410386e+00	2.400383647e+00
3.273951553e+00	2.255710826e+00
3.356524052e+00	2.119605833e+00
3.441179116e+00	1.991598844e+00
3.527969271e+00	1.871026330e+00
3.616948364e+00	1.757538901e+00
3.708171603e+00	1.650795945e+00
3.801695588e+00	1.550566071e+00
3.897578347e+00	1.456335153e+00
3.995879369e+00	1.367678640e+00
4.096659647e+00	1.284277530e+00
4.199981709e+00	1.205919371e+00
4.305909662e+00	1.132175881e+00
4.414509229e+00	1.062946698e+00
4.525847792e+00	9.979358629e-01
4.639994430e+00	9.367901638e-01
4.757019966e+00	8.792996839e-01
4.876997009e+00	8.252862541e-01
5.000000000e+00	7.744941965e-01
#################################
2.000000000e-05	5.541147399e+01
2.050442102e-05	5.676238401e+01
2.102156407e-05	5.814623590e+01
2.155175001e-05	5.956383528e+01
2.209530780e-05	6.101598641e+01
2.265257468e-05	6.250352907e+01
2.322389643e-05	6.402734723e+01
2.380962750e-05	6.558832657e+01
2.441013133e-05	6.718737385e+01
2.502578050e-05	6.882541782e+01
2.565695699e-05	7.050339306e+01
2.630405241e-05	7.222225920e+01
2.696746826e-05	7.398304409e+01
2.764761615e-05	7.578677315e+01
2.834491809e-05	7.763449061e+01
2.905980672e-05	7.952727291e+01
2.979272558e-05	8.146620408e+01
3.054412944e-05	8.345238234e+01
3.131448448e-05	8.548700229e+01
3.210426870e-05	8.757124517e+01
3.291397210e-05	8.970632759e+01
3.374409707e-05	9.189347943e+01
3.459515866e-05	9.413397256e+01
3.546768492e-05	9.642905860e+01
3.636221721e-05	9.878012131e+01
3.727931055e-05	1.011885380e+02
3.821953395e-05	1.036556977e+02
3.918347076e-05	1.061830372e+02
4.017171908e-05	1.087720269e+02
4.118489205e-05	1.114241000e+02
4.222361832e-05	1.141408669e+02
4.328854235e-05	1.169239114e+02
4.438032489e-05	1.197748456e+02
4.549964333e-05	1.226953337e+02
4.664719215e-05	1.256870720e+02
4.782368337e-05	1.287517191e+02
4.902984693e-05	1.318911293e+02
5.026643120e-05	1.351071379e+02
5.153420343e-05	1.384016125e+02
5.283395020e-05	1.417764722e+02
5.416647796e-05	1.452336860e+02
5.553261346e-05	1.487751794e+02
5.693320434e-05	1.524030727e+02
5.836911959e-05	1.561194956e+02
5.984125014e-05	1.599266067e+02
6.135050936e-05	1.638266468e+02
6.289783369e-05	1.678218634e+02
6.448418316e-05	1.719145166e+02
6.611054204e-05	1.761070273e+02
6.777791939e-05	1.804018674e+02
6.948734976e-05	1.848015494e+02
7.123989375e-05	1.893086312e+02
7.303663875e-05	1.939257541e+02
7.487869954e-05	1.986555209e+02
7.676721905e-05	2.035007041e+02
7.870336900e-05	2.084641964e+02
8.068835068e-05	2.135488806e+02
8.272339569e-05	2.187577301e+02
8.480976668e-05	2.240937875e+02
8.694875813e-05	2.295600929e+02
8.914169720e-05	2.351598263e+02
9.138994449e-05	2.408963296e+02
9.369489495e-05	2.467729559e+02
9.605797868e-05	2.527931481e+02
9.848066186e-05	2.589604109e+02
1.009644477e-04	2.652782925e+02
1.035108771e-04	2.717504262e+02
1.061215303e-04	2.783807121e+02
1.087980268e-04	2.851730101e+02
1.115420274e-04	2.921313015e+02
1.143552345e-04	2.992596615e+02
1.172393938e-04	3.065622086e+02
1.201962945e-04	3.140430834e+02
1.232277714e-04	3.217068418e+02
1.263357053e-04	3.295579425e+02
1.295220245e-04	3.376009768e+02
1.327887061e-04	3.458406664e+02
1.361377769e-04	3.542817841e+02
1.395713147e-04	3.629290967e+02
1.430914499e-04	3.717878531e+02
1.467003667e-04	3.808632299e+02
1.504003041e-04	3.901605242e+02
1.541935579e-04	3.996851746e+02
1.580824815e-04	4.094427363e+02
1.620694878e-04	4.194386469e+02
1.661570506e-04	4.296789763e+02
1.703477061e-04	4.401697005e+02
1.746440543e-04	4.509169259e+02
1.790487609e-04	4.619269111e+02
1.835645588e-04	4.732060673e+02
1.881942499e-04	4.847606472e+02
1.929407067e-04	4.965975893e+02
1.978068741e-04	5.087237759e+02
2.027957714e-04	5.211462285e+02
2.079104939e-04	5.338721095e+02
2.131542151e-04	5.469087668e+02
2.185301884e-04	5.602634039e+02
2.240417495e-04	5.739438578e+02
2.296923179e-04	5.879580556e+02
2.354853995e-04	6.023139937e+02
2.414245888e-04	6.170198468e+02
2.475135707e-04	6.320839540e+02
2.537561231e-04	6.475145576e+02
2.601561192e-04	6.633204487e+02
2.667175300e-04	6.795106413e+02
2.734444264e-04	6.960942626e+02
2.803409823e-04	7.130804735e+02
2.874114765e-04	7.304787291e+02
2.946602960e-04	7.482983226e+02
3.020919384e-04	7.665490141e+02
3.097110146e-04	7.852410398e+02
3.175222519e-04	8.043845617e+02
3.255304968e-04	8.239899044e+02
3.337407181e-04	8.440675587e+02
3.421580098e-04	8.646280305e+02
3.507875944e-04	8.856818974e+02
3.596348262e-04	9.072406977e+02
3.687051945e-04	9.293157446e+02
3.780043270e-04	9.519184798e+02
3.875379935e-04	9.750605691e+02
3.973121090e-04	9.987535004e+02
4.073327380e-04	1.023008672e+03
4.176060977e-04	1.047839303e+03
4.281385624e-04	1.073257643e+03
4.389366670e-04	1.099276305e+03
4.500071111e-04	1.125908199e+03
4.613567634e-04	1.153166102e+03
4.729926659e-04	1.181061916e+03
4.849220380e-04	1.209610488e+03
4.971522815e-04	1.238825523e+03
5.096909846e-04	1.268720870e+03
5.225459269e-04	1.299310624e+03
5.357250844e-04	1.330608956e+03
5.492366341e-04	1.362628423e+03
5.630889593e-04	1.395385799e+03
5.772906546e-04	1.428896213e+03
5.918505317e-04	1.463174967e+03
6.067776242e-04	1.498237834e+03
6.220811936e-04	1.534100436e+03
6.377707351e-04	1.570776137e+03
6.538559834e-04	1.608283761e+03
6.703469185e-04	1.646640358e+03
6.872537724e-04	1.685862827e+03
7.045870349e-04	1.725968641e+03
7.223574604e-04	1.766975282e+03
7.405760748e-04	1.808897462e+03
7.592541818e-04	1.851755772e+03
7.784033703e-04	1.895569520e+03
7.980355214e-04	1.940357537e+03
8.181628160e-04	1.986139118e+03
8.387977422e-04	2.032933856e+03
8.599531028e-04	2.080757892e+03
8.816420239e-04	2.129633119e+03
9.038779624e-04	2.179581687e+03
9.266747146e-04	2.230624241e+03
9.500464249e-04	2.282781899e+03
9.740075943e-04	2.336075882e+03
9.985730895e-04	2.390524208e+03
1.023758152e-03	2.446149142e+03
1.049578409e-03	2.502975407e+03
1.076049880e-03	2.561025468e+03
1.103188989e-03	2.620321688e+03
1.131012574e-03	2.680886596e+03
1.159537900e-03	2.742739008e+03
1.188782665e-03	2.805900705e+03
1.218765013e-03	2.870399119e+03
1.249503548e-03	2.936256979e+03
1.281017340e-03	3.003497235e+03
1.313325944e-03	3.072142950e+03
1.346449405e-03	3.142213042e+03
1.380408274e-03	3.213726451e+03
1.415223622e-03	3.286712632e+03
1.450917049e-03	3.361194204e+03
1.487510702e-03	3.437193093e+03
1.525027285e-03	3.514731433e+03
1.563490076e-03	3.593821139e+03
1.602922939e-03	3.674480894e+03
1.643350340e-03	3.756742664e+03
1.684797363e-03	3.840626963e+03
1.727289723e-03	3.926153971e+03
1.770853786e-03	4.013343177e+03
1.815516579e-03	4.102211209e+03
1.861305816e-03	4.192761462e+03
1.908249905e-03	4.285027094e+03
1.956377973e-03	4.379025167e+03
2.005719882e-03	4.474771563e+03
2.056306245e-03	4.572281432e+03
2.108168450e-03	4.671568861e+03
2.161338674e-03	4.772621553e+03
2.215849907e-03	4.875475114e+03
2.271735971e-03	4.980140256e+03
2.329031539e-03	5.086626924e+03
2.387772163e-03	5.194943419e+03
2.447994286e-03	5.305096685e+03
2.509735275e-03	5.417062531e+03
2.573033437e-03	5.530868354e+03
2.637928044e-03	5.646520328e+03
2.704459362e-03	5.764019298e+03
2.772668670e-03	5.883364048e+03
2.842598288e-03	6.004551611e+03
2.914291604e-03	6.127543166e+03
2.987793102e-03	6.252351890e+03
3.063148384e-03	6.378978655e+03
3.140404206e-03	6.507411508e+03
3.219608500e-03	6.637636476e+03
3.300810411e-03	6.769636847e+03
3.384060319e-03	6.903356249e+03
3.469409877e-03	7.038786756e+03
3.556912040e-03	7.175921938e+03
3.646621100e-03	7.314734599e+03
3.738592717e-03	7.455192961e+03
3.832883955e-03	7.597263160e+03
3.929553317e-03	7.740868863e+03
4.028660782e-03	7.885970217e+03
4.130267841e-03	8.032555116e+03
4.234437537e-03	8.180575645e+03
4.341234502e-03	8.329979108e+03
4.450724999e-03	8.480710077e+03
4.562976961e-03	8.632670897e+03
4.678060036e-03	8.785776906e+03
4.796045627e-03	8.940012556e+03
4.917006939e-03	9.095303321e+03
5.041019022e-03	9.251572593e+03
5.168158820e-03	9.408736828e+03
5.298505217e-03	9.566673532e+03
5.432139088e-03	9.725244275e+03
5.569143345e-03	9.884424879e+03
5.709602993e-03	1.004411665e+04
5.853605182e-03	1.020421556e+04
6.001239257e-03	1.036459788e+04
6.152596819e-03	1.052526928e+04
6.307771777e-03	1.068567280e+04
6.466860411e-03	1.084598576e+04
6.629961427e-03	1.100599541e+04
6.797176023e-03	1.116571330e+04
6.968607946e-03	1.132491536e+04
7.144363563e-03	1.148341589e+04
7.324551921e-03	1.164092400e+04
7.509284819e-03	1.179742055e+04
7.698676875e-03	1.195272445e+04
7.892845597e-03	1.210663655e+04
8.091911459e-03	1.225896895e+04
8.295997971e-03	1.240957168e+04
8.505231759e-03	1.255799495e+04
8.719742643e-03	1.270423614e+04
8.939663717e-03	1.284805261e+04
9.165131432e-03	1.298928666e+04
9.396285680e-03	1.312767098e+04
9.633269881e-03	1.326296892e+04
9.876231072e-03	1.339471976e+04
1.012532000e-02	1.352287799e+04
1.038069121e-02	1.364719856e+04
1.064250316e-02	1.376740253e+04
1.091091827e-02	1.388327733e+04
1.118610310e-02	1.399448603e+04
1.146822837e-02	1.410058202e+04
1.175746915e-02	1.420143692e+04
1.205400488e-02	1.429678675e+04
1.235801955e-02	1.438636054e+04
1.266970179e-02	1.446986937e+04
1.298924499e-02	1.454704214e+04
1.331684740e-02	1.461735735e+04
1.365271229e-02	1.468060752e+04
1.399704804e-02	1.473661882e+04
1.435006830e-02	1.478507862e+04
1.471199211e-02	1.482572049e+04
1.508304401e-02	1.485824790e+04
1.546345423e-02	1.488222656e+04
1.585345880e-02	1.489738300e+04
1.625329970e-02	1.490361587e+04
1.666322500e-02	1.490070478e+04
1.708348905e-02	1.488839519e+04
1.751435259e-02	1.486647031e+04
1.795608298e-02	1.483459245e+04
1.840895426e-02	1.479253229e+04
1.887324744e-02	1.474033720e+04
1.934925057e-02	1.467787882e+04
1.983725901e-02	1.460506237e+04
2.033757553e-02	1.452181229e+04
2.085051056e-02	1.442804879e+04
2.137638235e-02	1.432364128e+04
2.191551718e-02	1.420886953e+04
2.246824956e-02	1.408381694e+04
2.303492243e-02	1.394864574e+04
2.361588738e-02	1.380357122e+04
2.421150488e-02	1.364862712e+04
2.482214448e-02	1.348431796e+04
2.544818506e-02	1.331102178e+04
2.609001503e-02	1.312903675e+04
2.674803263e-02	1.293900792e+04
2.742264613e-02	1.274137070e+04
2.811427409e-02	1.253675570e+04
2.882334563e-02	1.232583421e+04
2.955030070e-02	1.210935366e+04
3.029559034e-02	1.188810060e+04
3.105967697e-02	1.166260858e+04
3.184303467e-02	1.143397007e+04
3.264614947e-02	1.120302792e+04
3.346951968e-02	1.097071681e+04
3.431365614e-02	1.073807403e+04
3.517908261e-02	1.050597746e+04
3.606633605e-02	1.027510583e+04
3.697596695e-02	1.004672622e+04
3.790853970e-02	9.821450707e+03
3.886463292e-02	9.600347026e+03
3.984483981e-02	9.384167871e+03
4.084976855e-02	9.173657007e+03
4.188004264e-02	8.969459034e+03
4.293630134e-02	8.772204058e+03
4.401919999e-02	8.582438740e+03
4.512941047e-02	8.400337349e+03
4.626762164e-02	8.226053294e+03
4.743453969e-02	8.059724265e+03
4.863088863e-02	7.901132154e+03
4.985741076e-02	7.749728314e+03
5.111486706e-02	7.605644093e+03
5.240403773e-02	7.468081347e+03
5.372572264e-02	7.335658307e+03
5.508074183e-02	7.208012737e+03
5.646993603e-02	7.083513441e+03
5.789416717e-02	6.961029706e+03
5.935431892e-02	6.838987815e+03
6.085129723e-02	6.716096417e+03
6.238603090e-02	6.590640190e+03
6.395947217e-02	6.461190383e+03
6.557259728e-02	6.326208931e+03
6.722640710e-02	6.184724321e+03
6.892192775e-02	6.035765686e+03
7.066021121e-02	5.878586674e+03
7.244233600e-02	5.712717079e+03
7.426940785e-02	5.538511573e+03
7.614256038e-02	5.356761887e+03
7.806295578e-02	5.168598741e+03
8.003178557e-02	4.975677048e+03
8.205027132e-02	4.779957229e+03
8.411966540e-02	4.583665652e+03
8.624125178e-02	4.389314159e+03
8.841634679e-02	4.200647362e+03
9.064629999e-02	4.019955568e+03
9.293249494e-02	3.849203274e+03
9.527635014e-02	3.690051700e+03
9.767931983e-02	3.543615572e+03
1.001428949e-01	3.410490284e+03
1.026686040e-01	3.290822876e+03
1.052580141e-01	3.188063298e+03
1.079127319e-01	3.096648662e+03
1.106344044e-01	3.014156344e+03
1.134247203e-01	2.938389710e+03
1.162854110e-01	2.867042004e+03
1.192182513e-01	2.797120156e+03
1.222250609e-01	2.723849761e+03
1.253077054e-01	2.645496726e+03
1.284680974e-01	2.560614745e+03
1.317081979e-01	2.466632968e+03
1.350300170e-01	2.364864233e+03
1.384356160e-01	2.257927168e+03
1.419271077e-01	2.147566862e+03
1.455066586e-01	2.037082511e+03
1.491764894e-01	1.932275863e+03
1.529388773e-01	1.834372463e+03
1.567961565e-01	1.744906662e+03
1.607507204e-01	1.666832319e+03
1.648050225e-01	1.602747286e+03
1.689615784e-01	1.546680912e+03
1.732229670e-01	1.496947250e+03
1.775918323e-01	1.451675823e+03
1.820708849e-01	1.406691305e+03
1.866629040e-01	1.358490029e+03
1.913707386e-01	1.306148359e+03
1.961973098e-01	1.248793267e+03
2.011456122e-01	1.186912473e+03
2.062187159e-01	1.124970590e+03
2.114197687e-01	1.064908903e+03
2.167519975e-01	1.008675656e+03
2.222187106e-01	9.612047636e+02
2.278233001e-01	9.196812371e+02
2.335692432e-01	8.827557862e+02
2.394601050e-01	8.493482849e+02
2.454995405e-01	8.173619861e+02
2.516912969e-01	7.836987466e+02
2.580392160e-01	7.482549899e+02
2.645472362e-01	7.111968748e+02
2.712193956e-01	6.740787054e+02
2.780598338e-01	6.394142975e+02
2.850727951e-01	6.076981077e+02
2.922626306e-01	5.791967033e+02
2.996338013e-01	5.539915365e+02
3.071908807e-01	5.301844196e+02
3.149385576e-01	5.062866173e+02
3.228816390e-01	4.820671078e+02
3.310250533e-01	4.575431631e+02
3.393738531e-01	4.340893625e+02
3.479332183e-01	4.124523296e+02
3.567084598e-01	3.924695863e+02
3.657050221e-01	3.738630492e+02
3.749284871e-01	3.561145617e+02
3.843845776e-01	3.386370669e+02
3.940791607e-01	3.215717388e+02
4.040182513e-01	3.051986366e+02
4.142080162e-01	2.897754144e+02
4.246547777e-01	2.753122210e+02
4.353650176e-01	2.616233160e+02
4.463453809e-01	2.484948956e+02
4.576026805e-01	2.358241539e+02
4.691439011e-01	2.236659017e+02
4.809762034e-01	2.121635809e+02
4.931069287e-01	2.013225985e+02
5.055436038e-01	1.910334296e+02
5.182939448e-01	1.811627091e+02
5.313658628e-01	1.717182714e+02
5.447674684e-01	1.627432543e+02
5.585070765e-01	1.542408640e+02
5.725932120e-01	1.462080331e+02
5.870346146e-01	1.385259252e+02
6.018402446e-01	1.311847331e+02
6.170192881e-01	1.242692248e+02
6.325811631e-01	1.176763443e+02
6.485355249e-01	1.114224946e+02
6.648922724e-01	1.054648967e+02
6.816615544e-01	9.983345677e+01
6.988537752e-01	9.446661018e+01
7.164796020e-01	8.938878278e+01
7.345499706e-01	8.457179329e+01
7.530760929e-01	7.999601118e+01
7.720694635e-01	7.565261685e+01
7.915418668e-01	7.153391894e+01
8.115053846e-01	6.763537067e+01
8.319724034e-01	6.394034664e+01
8.529556218e-01	6.043632883e+01
8.744680591e-01	5.711492903e+01
8.965230626e-01	5.396799469e+01
9.191343166e-01	5.098703620e+01
9.423158501e-01	4.816626520e+01
9.660820462e-01	4.549708556e+01
9.904476508e-01	4.296911926e+01
1.015427782e+00	4.057587045e+01
1.041037937e+00	3.831023260e+01
1.067294008e+00	3.616540922e+01
1.094212285e+00	3.413551854e+01
1.121809469e+00	3.221448912e+01
1.150102683e+00	3.039965285e+01
1.179109481e+00	2.868508889e+01
1.208847862e+00	2.706326547e+01
1.239336275e+00	2.552945405e+01
1.270593639e+00	2.407889283e+01
1.302639346e+00	2.270734631e+01
1.335493279e+00	2.141163849e+01
1.369175823e+00	2.018957131e+01
1.403707877e+00	1.903439661e+01
1.439110865e+00	1.794286330e+01
1.475406753e+00	1.691165714e+01
1.512618062e+00	1.593756365e+01
1.550767880e+00	1.501739177e+01
1.589879876e+00	1.415075148e+01
1.629978317e+00	1.333238725e+01
1.671088083e+00	1.255953624e+01
1.713234681e+00	1.183008478e+01
1.756444261e+00	1.114132577e+01
1.800743631e+00	1.049144397e+01
1.846160278e+00	9.879747766e+00
1.892722381e+00	9.302531710e+00
1.940458828e+00	8.758036191e+00
1.989399239e+00	8.244345065e+00
2.039573979e+00	7.759702427e+00
2.091014179e+00	7.302623238e+00
2.143751754e+00	6.872717302e+00
2.197819426e+00	6.467479162e+00
2.253250742e+00	6.085203139e+00
2.310080094e+00	5.725002115e+00
2.368342742e+00	5.385466556e+00
2.428074835e+00	5.065453009e+00
2.489313435e+00	4.764528369e+00
2.552096536e+00	4.481133872e+00
2.616463093e+00	4.214148432e+00
2.682453042e+00	3.962580035e+00
2.750107327e+00	3.725612180e+00
2.819467925e+00	3.502515032e+00
2.890577869e+00	3.292580939e+00
2.963481281e+00	3.095171322e+00
3.038223394e+00	2.909273966e+00
3.114850581e+00	2.734240186e+00
3.193410386e+00	2.569437342e+00
3.273951553e+00	2.414316772e+00
3.356524052e+00	2.268527720e+00
3.441179116e+00	2.131506772e+00
3.527969271e+00	2.002590073e+00
3.616948364e+00	1.881207107e+00
3.708171603e+00	1.766974459e+00
3.801695588e+00	1.659531261e+00
3.897578347e+00	1.558633372e+00
3.995879369e+00	1.463802239e+00
4.096659647e+00	1.374602517e+00
4.199981709e+00	1.290776973e+00
4.305909662e+00	1.211904299e+00
4.414509229e+00	1.137665137e+00
4.525847792e+00	1.068017504e+00
4.639994430e+00	1.002623730e+00
4.757019966e+00	9.411240912e-01
4.876997009e+00	8.833623742e-01
5.000000000e+00	8.290335369e-01
#################################
