cosmological_parameters:
omega_matter_now=0.3
hubble_constant_standard_units=67
omega_rad_now=0
scale_at_lss=0.0009165902841429881
spectral_index=1

dark_energy_parameters:
w_i=-0.4
w_f=-1
trans_steepness=10
trans_z=0.1,0.8,2
de_eos=de_eos_1
c_eff_value=0

integration_parameters:
n=1.0e+05
a_min=9.0e-06
a_max=1.0e+00
min_redshift=0.0e+00
max_redshift=2.0e+01
numerical_infty=1.0e+08

*********************************
1.090000000e+03	2.723606556e+00
6.266095186e+02	2.723017859e+00
4.483899993e+02	2.722454908e+00
3.217884467e+02	2.721582732e+00
2.393419995e+02	2.720423359e+00
1.834586472e+02	2.718954363e+00
1.441811746e+02	2.717150673e+00
1.156939857e+02	2.714985104e+00
9.447349822e+01	2.712429888e+00
7.830068951e+01	2.709457238e+00
6.573028157e+01	2.706039891e+00
5.579116221e+01	2.702151039e+00
4.781364430e+01	2.697764456e+00
4.132530479e+01	2.692854747e+00
3.598548939e+01	2.687397054e+00
3.154418574e+01	2.681367149e+00
2.781511474e+01	2.674741938e+00
2.465697182e+01	2.667498704e+00
2.196130937e+01	2.659615387e+00
1.964398258e+01	2.651071006e+00
1.763881493e+01	2.641845146e+00
1.589333899e+01	2.631918504e+00
1.436544976e+01	2.621272243e+00
1.302117011e+01	2.609888754e+00
1.183280035e+01	2.597751246e+00
1.077760586e+01	2.584843926e+00
9.836794197e+00	2.571152007e+00
8.994736096e+00	2.556661853e+00
8.238346967e+00	2.541360908e+00
7.556615156e+00	2.525237853e+00
6.940226415e+00	2.508282754e+00
6.381253351e+00	2.490486862e+00
5.872933820e+00	2.471843267e+00
5.409449302e+00	2.452346044e+00
4.985795313e+00	2.431991290e+00
4.597641943e+00	2.410776903e+00
4.241221093e+00	2.388702188e+00
3.913253736e+00	2.365768687e+00
3.610874100e+00	2.341980185e+00
3.331558099e+00	2.317341816e+00
3.073088266e+00	2.291861211e+00
2.833517078e+00	2.265549437e+00
2.611100316e+00	2.238417703e+00
2.404307790e+00	2.210481873e+00
2.211767539e+00	2.181759086e+00
2.032251906e+00	2.152268382e+00
1.864668962e+00	2.122032344e+00
1.708038515e+00	2.091075992e+00
1.561473680e+00	2.059425618e+00
1.424177492e+00	2.027110238e+00
1.295432148e+00	1.994161588e+00
1.174580024e+00	1.960611276e+00
1.061020840e+00	1.926491120e+00
9.541960015e-01	1.891829155e+00
8.535591073e-01	1.856638220e+00
7.585313162e-01	1.820892513e+00
6.684687190e-01	1.784496441e+00
5.834072185e-01	1.747581635e+00
5.179583870e-01	1.717242638e+00
4.640608697e-01	1.690745471e+00
4.138595466e-01	1.664511114e+00
3.711482012e-01	1.640593628e+00
3.341504332e-01	1.618170380e+00
3.011513892e-01	1.596199822e+00
2.707730350e-01	1.573533974e+00
2.415394519e-01	1.548452828e+00
2.140553413e-01	1.520615440e+00
1.922042133e-01	1.494402818e+00
1.711257518e-01	1.464633826e+00
1.523862747e-01	1.433633325e+00
1.349974718e-01	1.400427232e+00
1.180490688e-01	1.363535661e+00
1.005865193e-01	1.320651727e+00
8.066371656e-02	1.265823840e+00
6.430606219e-02	1.216556143e+00
4.843622486e-02	1.165726568e+00
3.341426805e-02	1.115525227e+00
1.860574770e-02	1.064716026e+00
3.617725267e-03	1.012610194e+00
0.000000000e+00	1.000000000e+00
#################################
1.090000000e+03	1.232452527e+01
5.907424592e+02	1.232322525e+01
4.100776682e+02	1.232197336e+01
2.830277679e+02	1.231987414e+01
2.040600943e+02	1.231698953e+01
1.525210929e+02	1.231324730e+01
1.174078035e+02	1.230856700e+01
9.258975831e+01	1.230286163e+01
7.449865128e+01	1.229604249e+01
6.096335066e+01	1.228802157e+01
5.060928699e+01	1.227871245e+01
4.253537126e+01	1.226803007e+01
3.613347526e+01	1.225589114e+01
3.098250180e+01	1.224221448e+01
2.678400011e+01	1.222692075e+01
2.332206500e+01	1.220993210e+01
2.043784482e+01	1.219117293e+01
1.801244741e+01	1.217056940e+01
1.595559867e+01	1.214804934e+01
1.419784959e+01	1.212354231e+01
1.268517044e+01	1.209698038e+01
1.137499766e+01	1.206829703e+01
1.023348340e+01	1.203742742e+01
9.233487290e+00	1.200430933e+01
8.353029808e+00	1.196888228e+01
7.574174620e+00	1.193108764e+01
6.882185429e+00	1.189086913e+01
6.264867570e+00	1.184817272e+01
5.712064409e+00	1.180294665e+01
5.215266602e+00	1.175514164e+01
4.767304094e+00	1.170471083e+01
4.362104355e+00	1.165161006e+01
3.994498600e+00	1.159579795e+01
3.660065599e+00	1.153723584e+01
3.355007981e+00	1.147588811e+01
3.076050405e+00	1.141172225e+01
2.820353428e+00	1.134470802e+01
2.585441229e+00	1.127481535e+01
2.369131868e+00	1.120200675e+01
2.169450603e+00	1.112621231e+01
1.984475334e+00	1.104724852e+01
1.812079213e+00	1.096461216e+01
1.650558032e+00	1.087758738e+01
1.531290967e+00	1.080588245e+01
1.435129664e+00	1.074200871e+01
1.354819019e+00	1.068290541e+01
1.279636541e+00	1.062051240e+01
1.214916789e+00	1.055824525e+01
1.158214293e+00	1.049327239e+01
1.107106715e+00	1.042151579e+01
1.059501460e+00	1.033724596e+01
1.012782557e+00	1.022973826e+01
9.711148163e-01	1.010350251e+01
9.365947655e-01	9.968993304e+00
9.032630007e-01	9.805790680e+00
8.734112148e-01	9.625853752e+00
8.453933009e-01	9.423553845e+00
8.177368237e-01	9.189297621e+00
7.886168236e-01	8.904380643e+00
7.583041855e-01	8.567524691e+00
7.290018735e-01	8.207093386e+00
7.032789653e-01	7.867637980e+00
6.787877449e-01	7.529494916e+00
6.544693664e-01	7.184202589e+00
6.297336776e-01	6.828012336e+00
6.041103645e-01	6.458416347e+00
5.771335734e-01	6.073127500e+00
5.482389945e-01	5.669130359e+00
5.165573086e-01	5.240593258e+00
4.802368392e-01	4.771833333e+00
4.417832257e-01	4.304740629e+00
4.052769219e-01	3.890465083e+00
3.721198187e-01	3.539040080e+00
3.405941463e-01	3.226555547e+00
3.100899723e-01	2.943790014e+00
2.803421347e-01	2.686008949e+00
2.512067318e-01	2.450116476e+00
2.226027655e-01	2.233863441e+00
1.944784302e-01	2.035438980e+00
1.668044294e-01	1.853347415e+00
1.395609538e-01	1.686272861e+00
1.127337396e-01	1.533032089e+00
8.631290319e-02	1.392552667e+00
6.029142019e-02	1.263853018e+00
3.466181281e-02	1.146018633e+00
9.416048060e-03	1.038198471e+00
0.000000000e+00	1.000000000e+00
#################################
1.090000000e+03	8.174083481e+01
5.444893501e+02	8.173669015e+01
3.672349918e+02	8.173274053e+01
2.427788967e+02	8.172546952e+01
1.692945530e+02	8.171513023e+01
1.232129123e+02	8.170138592e+01
9.281300410e+01	8.168386515e+01
7.188488014e+01	8.166217086e+01
5.695996571e+01	8.163590214e+01
4.599801984e+01	8.160466225e+01
3.774373590e+01	8.156806150e+01
3.139443844e+01	8.152571779e+01
2.641968233e+01	8.147725706e+01
2.245870344e+01	8.142231246e+01
1.926001123e+01	8.136052545e+01
1.664429985e+01	8.129154387e+01
1.448128050e+01	8.121502364e+01
1.267456995e+01	8.113062738e+01
1.115174960e+01	8.103802440e+01
9.857640443e+00	8.093689133e+01
8.749643578e+00	8.082691118e+01
7.794489894e+00	8.070777360e+01
6.965917784e+00	8.057917508e+01
6.242989184e+00	8.044081819e+01
5.608852444e+00	8.029240911e+01
5.049793875e+00	8.013364043e+01
4.554424291e+00	7.996410711e+01
4.112598130e+00	7.978287729e+01
3.713716216e+00	7.958691846e+01
3.434019705e+00	7.942412240e+01
3.221851209e+00	7.927924279e+01
3.052585179e+00	7.914121014e+01
2.912312545e+00	7.899940331e+01
2.781425591e+00	7.882495284e+01
2.669462404e+00	7.861545083e+01
2.571855328e+00	7.835063206e+01
2.484037119e+00	7.800003547e+01
2.401935901e+00	7.751477066e+01
2.319716075e+00	7.678783255e+01
2.255910946e+00	7.597806442e+01
2.194512241e+00	7.491869366e+01
2.138302382e+00	7.364103626e+01
2.087394785e+00	7.217940221e+01
2.038323647e+00	7.046263814e+01
1.987865270e+00	6.836487286e+01
1.927822781e+00	6.543790198e+01
1.880395997e+00	6.282835070e+01
1.834481221e+00	6.009772460e+01
1.790817876e+00	5.736153388e+01
1.747497036e+00	5.455908865e+01
1.703327102e+00	5.165720256e+01
1.657356850e+00	4.863352523e+01
1.608597057e+00	4.546515267e+01
1.555734014e+00	4.211619236e+01
1.496375310e+00	3.850185424e+01
1.422814023e+00	3.427904344e+01
1.356934261e+00	3.075997823e+01
1.294545813e+00	2.766306321e+01
1.236156777e+00	2.497115236e+01
1.179879038e+00	2.256111984e+01
1.125010896e+00	2.038008270e+01
1.071218962e+00	1.839712420e+01
1.018321592e+00	1.659060905e+01
9.662142288e-01	1.494375935e+01
9.148331405e-01	1.344260140e+01
8.641433972e-01	1.207512629e+01
8.141256242e-01	1.083062050e+01
7.647729989e-01	9.699410706e+00
7.160879283e-01	8.672651796e+00
6.680809589e-01	7.742204890e+00
6.207705990e-01	6.900552320e+00
5.741844864e-01	6.140745361e+00
5.283604469e-01	5.456351023e+00
4.833482848e-01	4.841411776e+00
4.392094054e-01	4.290378911e+00
3.960179654e-01	3.798077734e+00
3.538528264e-01	3.359585653e+00
3.127914862e-01	2.970181195e+00
2.729005516e-01	2.625293495e+00
2.342261925e-01	2.320486326e+00
1.967857062e-01	2.051471850e+00
1.605704760e-01	1.814203774e+00
1.255418388e-01	1.604894797e+00
9.164402751e-02	1.420117143e+00
5.881486583e-02	1.256840364e+00
2.697460627e-02	1.112343240e+00
0.000000000e+00	1.000000000e+00
#################################
