# Matter power spectrum P(k) at redshift z=0.5
# for k=1.08787e-05 to 30.0713 h/Mpc,
# number of wavenumbers equal to 1157
#    1:k (h/Mpc)              2:P (Mpc/h)^3        
       1.087870471534e-05       2.233908845913e+01 
       1.100467417900e-05       2.258923267235e+01 
       1.113210230030e-05       2.284217895974e+01 
       1.126100596971e-05       2.309795933592e+01 
       1.139140227325e-05       2.335660413893e+01 
       1.152330849483e-05       2.361814841496e+01 
       1.165674211847e-05       2.388262212152e+01 
       1.179172083065e-05       2.415005846571e+01 
       1.192826252266e-05       2.442049017657e+01 
       1.206638529294e-05       2.469395291595e+01 
       1.220610744952e-05       2.497047956192e+01 
       1.234744751242e-05       2.525010450012e+01 
       1.249042421612e-05       2.553286369610e+01 
       1.263505651202e-05       2.581878997432e+01 
       1.278136357097e-05       2.610792005433e+01 
       1.292936478582e-05       2.640028987697e+01 
       1.307907977396e-05       2.669593586987e+01 
       1.323052837997e-05       2.699489527098e+01 
       1.338373067818e-05       2.729720400916e+01 
       1.353870697539e-05       2.760290080038e+01 
       1.369547781355e-05       2.791202359908e+01 
       1.385406397246e-05       2.822461006258e+01 
       1.401448647255e-05       2.854070029064e+01 
       1.417676657763e-05       2.886033245609e+01 
       1.434092579777e-05       2.918354747845e+01 
       1.450698589209e-05       2.951038441835e+01 
       1.467496887168e-05       2.984088487484e+01 
       1.484489700249e-05       3.017508975338e+01 
       1.501679280832e-05       3.051304101168e+01 
       1.519067907378e-05       3.085477960294e+01 
       1.536657884729e-05       3.120034956573e+01 
       1.554451544418e-05       3.154979287146e+01 
       1.572451244976e-05       3.190315326891e+01 
       1.590659372243e-05       3.226047407785e+01 
       1.609078339687e-05       3.262180179774e+01 
       1.627710588722e-05       3.298718035032e+01 
       1.646558589033e-05       3.335665550831e+01 
       1.665624838901e-05       3.373027313096e+01 
       1.684911865537e-05       3.410807994803e+01 
       1.704422225416e-05       3.449012248074e+01 
       1.724158504614e-05       3.487644921513e+01 
       1.744123319155e-05       3.526710771928e+01 
       1.764319315353e-05       3.566214720344e+01 
       1.784749170165e-05       3.606161679857e+01 
       1.805415591547e-05       3.646556653293e+01 
       1.826321318809e-05       3.687404569456e+01 
       1.847469122984e-05       3.728710659569e+01 
       1.868861807190e-05       3.770480085657e+01 
       1.890502207005e-05       3.812718021021e+01 
       1.912393190839e-05       3.855429749191e+01 
       1.934537660319e-05       3.898620514781e+01 
       1.956938550671e-05       3.942295894902e+01 
       1.979598831108e-05       3.986461204514e+01 
       2.002521505226e-05       4.031121997963e+01 
       2.025709611400e-05       4.076283938625e+01 
       2.049166223189e-05       4.121952645668e+01 
       2.072894449741e-05       4.168133604865e+01 
       2.096897436208e-05       4.214832891570e+01 
       2.121178364158e-05       4.262056262759e+01 
       2.145740452003e-05       4.309809601521e+01 
       2.170586955420e-05       4.358098834138e+01 
       2.195721167788e-05       4.406930115567e+01 
       2.221146420618e-05       4.456309495359e+01 
       2.246866084000e-05       4.506243191154e+01 
       2.272883567047e-05       4.556737396132e+01 
       2.299202318350e-05       4.607798492815e+01 
       2.325825826430e-05       4.659432904537e+01 
       2.352757620203e-05       4.711647148454e+01 
       2.380001269451e-05       4.764447555599e+01 
       2.407560385289e-05       4.817841031948e+01 
       2.435438620649e-05       4.871834008233e+01 
       2.463639670759e-05       4.926433471548e+01 
       2.492167273640e-05       4.981646262007e+01 
       2.521025210593e-05       5.037479236771e+01 
       2.550217306707e-05       5.093939309841e+01 
       2.579747431363e-05       5.151033818759e+01 
       2.609619498746e-05       5.208769716825e+01 
       2.639837468368e-05       5.267154514025e+01 
       2.670405345586e-05       5.326195315931e+01 
       2.701327182141e-05       5.385899639104e+01 
       2.732607076687e-05       5.446275064351e+01 
       2.764249175342e-05       5.507329068950e+01 
       2.796257672231e-05       5.569069517233e+01 
       2.828636810046e-05       5.631503962953e+01 
       2.861390880605e-05       5.694640498124e+01 
       2.894524225427e-05       5.758486992772e+01 
       2.928041236299e-05       5.823051503618e+01 
       2.961946355866e-05       5.888342178674e+01 
       2.996244078214e-05       5.954367266623e+01 
       3.030938949470e-05       6.021135105397e+01 
       3.066035568399e-05       6.088654131125e+01 
       3.101538587023e-05       6.156932908719e+01 
       3.137452711227e-05       6.225980007957e+01 
       3.173782701389e-05       6.295804242412e+01 
       3.210533373011e-05       6.366414406244e+01 
       3.247709597353e-05       6.437819472975e+01 
       3.285316302085e-05       6.510028485845e+01 
       3.323358471934e-05       6.583050590946e+01 
       3.361841149349e-05       6.656895056916e+01 
       3.400769435167e-05       6.731571328104e+01 
       3.440148489290e-05       6.807088750159e+01 
       3.479983531369e-05       6.883456920852e+01 
       3.520279841496e-05       6.960685660266e+01 
       3.561042760903e-05       7.038784795982e+01 
       3.602277692670e-05       7.117764196405e+01 
       3.643990102444e-05       7.197633944878e+01 
       3.686185519159e-05       7.278404284900e+01 
       3.728869535771e-05       7.360085360936e+01 
       3.772047810002e-05       7.442687712587e+01 
       3.815726065084e-05       7.526221886651e+01 
       3.859910090523e-05       7.610698498898e+01 
       3.904605742863e-05       7.696128412399e+01 
       3.949818946466e-05       7.782522534852e+01 
       3.995555694291e-05       7.869891902401e+01 
       4.041822048696e-05       7.958247722216e+01 
       4.088624142236e-05       8.047601305031e+01 
       4.135968178477e-05       8.137964151210e+01 
       4.183860432820e-05       8.229347891900e+01 
       4.232307253331e-05       8.321764188149e+01 
       4.281315061585e-05       8.415224998408e+01 
       4.330890353513e-05       8.509742269034e+01 
       4.381039700266e-05       8.605328204979e+01 
       4.431769749086e-05       8.701995193011e+01 
       4.483087224186e-05       8.799755631919e+01 
       4.534998927642e-05       8.898622192276e+01 
       4.587511740293e-05       8.998607657236e+01 
       4.640632622657e-05       9.099724899661e+01 
       4.694368615848e-05       9.201987050025e+01 
       4.748726842514e-05       9.305407368084e+01 
       4.803714507779e-05       9.409999273531e+01 
       4.859338900200e-05       9.515776346076e+01 
       4.915607392728e-05       9.622752339550e+01 
       4.972527443692e-05       9.730941153274e+01 
       5.030106597782e-05       9.840356881511e+01 
       5.088352487054e-05       9.951013831561e+01 
       5.147272831936e-05       1.006292640407e+02 
       5.206875442256e-05       1.017610923445e+02 
       5.267168218277e-05       1.029057714513e+02 
       5.328159151740e-05       1.040634511634e+02 
       5.389856326927e-05       1.052342834370e+02 
       5.452267921732e-05       1.064184216764e+02 
       5.515402208744e-05       1.076160217875e+02 
       5.579267556345e-05       1.088272412411e+02 
       5.643872429818e-05       1.100522395490e+02 
       5.709225392467e-05       1.112911785807e+02 
       5.775335106759e-05       1.125442216694e+02 
       5.842210335463e-05       1.138115350608e+02 
       5.909859942819e-05       1.150932854760e+02 
       5.978292895710e-05       1.163896443622e+02 
       6.047518264848e-05       1.177007831094e+02 
       6.117545225982e-05       1.190268765129e+02 
       6.188383061109e-05       1.203681001241e+02 
       6.260041159708e-05       1.217246343801e+02 
       6.332529019982e-05       1.230966589207e+02 
       6.405856250118e-05       1.244843584149e+02 
       6.480032569562e-05       1.258879189392e+02 
       6.555067810303e-05       1.273075268826e+02 
       6.630971918183e-05       1.287433752096e+02 
       6.707754954209e-05       1.301956562765e+02 
       6.785427095888e-05       1.316645662638e+02 
       6.863998638578e-05       1.331503034582e+02 
       6.943479996854e-05       1.346530681678e+02 
       7.023881705882e-05       1.361730650608e+02 
       7.105214422822e-05       1.377104994259e+02 
       7.187488928238e-05       1.392655810655e+02 
       7.270716127526e-05       1.408385218198e+02 
       7.354907052361e-05       1.424295358598e+02 
       7.440072862160e-05       1.440388413794e+02 
       7.526224845558e-05       1.456666579786e+02 
       7.613374421906e-05       1.473132087935e+02 
       7.701533142788e-05       1.489787217118e+02 
       7.790712693546e-05       1.506634256557e+02 
       7.880924894833e-05       1.523675516963e+02 
       7.972181704179e-05       1.540913374061e+02 
       8.064495217574e-05       1.558350199842e+02 
       8.157877671075e-05       1.575988433214e+02 
       8.252341442425e-05       1.593830511242e+02 
       8.347899052695e-05       1.611878931980e+02 
       8.444563167942e-05       1.630136215227e+02 
       8.542346600890e-05       1.648604913986e+02 
       8.641262312627e-05       1.667287623311e+02 
       8.741323414324e-05       1.686186968601e+02 
       8.842543168971e-05       1.705305611638e+02 
       8.944934993137e-05       1.724646257738e+02 
       9.048512458748e-05       1.744211639894e+02 
       9.153289294884e-05       1.764004535600e+02 
       9.259279389602e-05       1.784027758808e+02 
       9.366496791773e-05       1.804284165444e+02 
       9.474955712949e-05       1.824776646310e+02 
       9.584670529242e-05       1.845508135652e+02 
       9.695655783231e-05       1.866481614528e+02 
       9.807926185893e-05       1.887700091128e+02 
       9.921496618547e-05       1.909166633732e+02 
       1.003638213483e-04       1.930884342487e+02 
       1.015259796270e-04       1.952856359249e+02 
       1.027015950642e-04       1.975085882135e+02 
       1.038908234867e-04       1.997576144061e+02 
       1.050938225253e-04       2.020330430616e+02 
       1.063107516362e-04       2.043352067423e+02 
       1.075417721221e-04       2.066644435619e+02 
       1.087870471535e-04       2.090210956871e+02 
       1.100467417900e-04       2.114055104517e+02 
       1.113210230030e-04       2.138180404788e+02 
       1.126100596971e-04       2.162590429382e+02 
       1.139140227325e-04       2.187288803784e+02 
       1.152330849483e-04       2.212279204714e+02 
       1.165674211847e-04       2.237565361693e+02 
       1.179172083065e-04       2.263151058074e+02 
       1.192826252266e-04       2.289040130624e+02 
       1.206638529294e-04       2.315236470822e+02 
       1.220610744952e-04       2.341744025843e+02 
       1.234744751242e-04       2.368566803100e+02 
       1.249042421612e-04       2.395708861138e+02 
       1.263505651202e-04       2.423174323560e+02 
       1.278136357097e-04       2.450967365472e+02 
       1.292936478582e-04       2.479092228231e+02 
       1.307907977396e-04       2.507553211588e+02 
       1.323052837997e-04       2.536354674991e+02 
       1.338373067818e-04       2.565501038590e+02 
       1.353870697539e-04       2.594996796210e+02 
       1.369547781355e-04       2.624846486752e+02 
       1.385406397246e-04       2.655054732038e+02 
       1.401448647255e-04       2.685626209369e+02 
       1.417676657763e-04       2.716565660008e+02 
       1.434092579777e-04       2.747877902916e+02 
       1.450698589209e-04       2.779567808406e+02 
       1.467496887168e-04       2.811640331960e+02 
       1.484489700249e-04       2.844100484201e+02 
       1.501679280832e-04       2.876953353814e+02 
       1.519067907378e-04       2.910204093175e+02 
       1.536657884729e-04       2.943857937501e+02 
       1.554451544418e-04       2.977920176394e+02 
       1.572451244976e-04       3.012396184325e+02 
       1.590659372243e-04       3.047291399703e+02 
       1.609078339687e-04       3.082611343194e+02 
       1.627710588722e-04       3.118361602553e+02 
       1.646558589033e-04       3.154547846136e+02 
       1.665624838901e-04       3.191175805723e+02 
       1.684911865537e-04       3.228251297906e+02 
       1.704422225416e-04       3.265780208824e+02 
       1.724158504615e-04       3.303768505950e+02 
       1.744123319156e-04       3.342222231216e+02 
       1.764319315353e-04       3.381147492084e+02 
       1.784749170165e-04       3.420550487231e+02 
       1.805415591547e-04       3.460437480371e+02 
       1.826321318809e-04       3.500814823556e+02 
       1.847469122984e-04       3.541688925513e+02 
       1.868861807190e-04       3.583066296831e+02 
       1.890502207005e-04       3.624953499474e+02 
       1.912393190839e-04       3.667357180734e+02 
       1.934537660319e-04       3.710284074497e+02 
       1.956938550671e-04       3.753740973271e+02 
       1.979598831108e-04       3.797734737088e+02 
       2.002521505226e-04       3.842272327832e+02 
       2.025709611400e-04       3.887360758916e+02 
       2.049166223189e-04       3.933007116670e+02 
       2.072894449741e-04       3.979218569017e+02 
       2.096897436208e-04       4.026002346374e+02 
       2.121178364158e-04       4.073365741077e+02 
       2.145740452003e-04       4.121316128057e+02 
       2.170586955420e-04       4.169860947743e+02 
       2.195721167788e-04       4.219007688189e+02 
       2.221146420618e-04       4.268763913188e+02 
       2.246866084000e-04       4.319137246565e+02 
       2.272883567047e-04       4.370135379167e+02 
       2.299202318350e-04       4.421766028354e+02 
       2.325825826430e-04       4.474037004330e+02 
       2.352757620203e-04       4.526956153168e+02 
       2.380001269451e-04       4.580531381532e+02 
       2.407560385289e-04       4.634770592030e+02 
       2.435438620649e-04       4.689681807608e+02 
       2.463639670759e-04       4.745273054703e+02 
       2.492167273640e-04       4.801552371007e+02 
       2.521025210593e-04       4.858527893102e+02 
       2.550217306707e-04       4.916207737159e+02 
       2.579747431363e-04       4.974600064661e+02 
       2.609619498746e-04       5.033713044404e+02 
       2.639837468368e-04       5.093554882313e+02 
       2.670405345586e-04       5.154133801803e+02 
       2.701327182141e-04       5.215458010283e+02 
       2.732607076687e-04       5.277535760655e+02 
       2.764249175342e-04       5.340375268582e+02 
       2.796257672231e-04       5.403984768073e+02 
       2.828636810046e-04       5.468372461840e+02 
       2.861390880605e-04       5.533546572848e+02 
       2.894524225427e-04       5.599515284689e+02 
       2.928041236300e-04       5.666286704542e+02 
       2.961946355866e-04       5.733868984867e+02 
       2.996244078214e-04       5.802270227595e+02 
       3.030938949470e-04       5.871498428529e+02 
       3.066035568399e-04       5.941561597230e+02 
       3.101538587023e-04       6.012467672166e+02 
       3.137452711227e-04       6.084224448788e+02 
       3.173782701389e-04       6.156839809271e+02 
       3.210533373011e-04       6.230321384285e+02 
       3.247709597353e-04       6.304676838425e+02 
       3.285316302085e-04       6.379913700815e+02 
       3.323358471935e-04       6.456039399500e+02 
       3.361841149350e-04       6.533061226046e+02 
       3.400769435167e-04       6.610986419386e+02 
       3.440148489290e-04       6.689822012634e+02 
       3.479983531369e-04       6.769575051223e+02 
       3.520279841496e-04       6.850252218451e+02 
       3.561042760903e-04       6.931860290126e+02 
       3.602277692670e-04       7.014405720517e+02 
       3.643990102444e-04       7.097894846535e+02 
       3.686185519159e-04       7.182333881925e+02 
       3.728869535771e-04       7.267728834992e+02 
       3.772047810002e-04       7.354085472514e+02 
       3.815726065084e-04       7.441409469271e+02 
       3.859910090523e-04       7.529706254805e+02 
       3.904605742863e-04       7.618980975983e+02 
       3.949818946466e-04       7.709238730289e+02 
       3.995555694291e-04       7.800484247206e+02 
       4.041822048696e-04       7.892722150871e+02 
       4.088624142236e-04       7.985956722359e+02 
       4.135968178477e-04       8.080192074249e+02 
       4.183860432820e-04       8.175432061634e+02 
       4.232307253331e-04       8.271680312356e+02 
       4.281315061585e-04       8.368940170345e+02 
       4.330890353513e-04       8.467214706627e+02 
       4.381039700266e-04       8.566506736022e+02 
       4.431769749086e-04       8.666818937858e+02 
       4.483087224186e-04       8.768153481765e+02 
       4.534998927642e-04       8.870512490287e+02 
       4.587511740293e-04       8.973897695569e+02 
       4.640632622657e-04       9.078310607575e+02 
       4.694368615848e-04       9.183752462272e+02 
       4.748726842514e-04       9.290224158339e+02 
       4.803714507780e-04       9.397726333001e+02 
       4.859338900200e-04       9.506259481593e+02 
       4.915607392728e-04       9.615823710126e+02 
       4.972527443692e-04       9.726418887853e+02 
       5.030106597782e-04       9.838044525893e+02 
       5.088352487054e-04       9.950700061138e+02 
       5.147272831936e-04       1.006438459296e+03 
       5.206875442256e-04       1.017909685885e+03 
       5.267168218277e-04       1.029483554955e+03 
       5.328159151740e-04       1.041159891855e+03 
       5.389856326927e-04       1.052938518785e+03 
       5.452267921732e-04       1.064819223255e+03 
       5.515402208744e-04       1.076801777618e+03 
       5.579267556345e-04       1.088885927182e+03 
       5.643872429818e-04       1.101071403251e+03 
       5.709225392468e-04       1.113357929658e+03 
       5.775335106759e-04       1.125745192657e+03 
       5.842210335463e-04       1.138232878481e+03 
       5.909859942820e-04       1.150820655619e+03 
       5.978292895710e-04       1.163508179110e+03 
       6.047518264848e-04       1.176295098132e+03 
       6.117545225982e-04       1.189181049996e+03 
       6.188383061109e-04       1.202165662604e+03 
       6.260041159708e-04       1.215248562305e+03 
       6.332529019982e-04       1.228429369679e+03 
       6.405856250118e-04       1.241707700989e+03 
       6.480032569562e-04       1.255083178329e+03 
       6.555067810304e-04       1.268555427228e+03 
       6.630971918184e-04       1.282124066480e+03 
       6.707754954209e-04       1.295788733674e+03 
       6.785427095888e-04       1.309549067295e+03 
       6.863998638578e-04       1.323404721609e+03 
       6.943479996854e-04       1.337355354538e+03 
       7.023881705882e-04       1.351400650792e+03 
       7.105214422822e-04       1.365540304374e+03 
       7.187488928238e-04       1.379774032292e+03 
       7.270716127526e-04       1.394101571531e+03 
       7.354907052361e-04       1.408522681581e+03 
       7.440072862160e-04       1.423037144068e+03 
       7.526224845558e-04       1.437644781886e+03 
       7.613374421907e-04       1.452345437938e+03 
       7.701533142788e-04       1.467138993559e+03 
       7.790712693546e-04       1.482025351939e+03 
       7.880924894833e-04       1.497004467326e+03 
       7.972181704179e-04       1.512076326709e+03 
       8.064495217574e-04       1.527240961359e+03 
       8.157877671075e-04       1.542498436734e+03 
       8.252341442425e-04       1.557848870083e+03 
       8.347899052695e-04       1.573292424651e+03 
       8.444563167942e-04       1.588829303617e+03 
       8.542346600890e-04       1.604459775879e+03 
       8.641262312627e-04       1.620184142459e+03 
       8.741323414324e-04       1.636002771936e+03 
       8.842543168971e-04       1.651916075607e+03 
       8.944934993137e-04       1.667924526589e+03 
       9.048512458748e-04       1.684028653271e+03 
       9.153289294884e-04       1.700229045378e+03 
       9.259279389602e-04       1.716526330526e+03 
       9.366496791773e-04       1.732921229337e+03 
       9.474955712949e-04       1.749414493617e+03 
       9.584670529242e-04       1.766006950779e+03 
       9.695655783231e-04       1.782699483267e+03 
       9.807926185893e-04       1.799493034695e+03 
       9.921496618547e-04       1.816388611242e+03 
       1.003638213483e-03       1.833387274063e+03 
       1.015259796270e-03       1.850490164705e+03 
       1.027015950642e-03       1.867698460013e+03 
       1.038908234867e-03       1.885013423924e+03 
       1.050938225253e-03       1.902436355434e+03 
       1.063107516362e-03       1.919968634133e+03 
       1.075417721221e-03       1.937611682189e+03 
       1.087870471535e-03       1.955366997298e+03 
       1.100467417900e-03       1.973236117617e+03 
       1.113210230030e-03       1.991220646697e+03 
       1.126100596971e-03       2.009322245480e+03 
       1.139140227325e-03       2.027542622713e+03 
       1.152330849483e-03       2.045883546233e+03 
       1.165674211847e-03       2.064346825638e+03 
       1.179172083065e-03       2.082934321042e+03 
       1.192826252266e-03       2.101647954206e+03 
       1.206638529294e-03       2.120489681330e+03 
       1.220610744952e-03       2.139461491940e+03 
       1.234744751242e-03       2.158565448474e+03 
       1.249042421612e-03       2.177803613942e+03 
       1.263505651202e-03       2.197178129703e+03 
       1.278136357097e-03       2.216691136062e+03 
       1.292936478582e-03       2.236344835437e+03 
       1.307907977396e-03       2.256141442520e+03 
       1.323052837997e-03       2.276083216927e+03 
       1.338373067818e-03       2.296172428153e+03 
       1.353870697539e-03       2.316411373458e+03 
       1.369547781355e-03       2.336802385547e+03 
       1.385406397246e-03       2.357347799699e+03 
       1.401448647255e-03       2.378049979344e+03 
       1.417676657763e-03       2.398911300817e+03 
       1.434092579777e-03       2.419934146907e+03 
       1.450698589209e-03       2.441120909520e+03 
       1.467496887168e-03       2.462473999911e+03 
       1.484489700249e-03       2.483995818824e+03 
       1.501679280832e-03       2.505688771060e+03 
       1.519067907378e-03       2.527555274787e+03 
       1.536657884729e-03       2.549596784024e+03 
       1.554451544418e-03       2.571815214749e+03 
       1.572451244976e-03       2.594214353382e+03 
       1.590659372243e-03       2.616796622534e+03 
       1.609078339687e-03       2.639564348178e+03 
       1.627710588722e-03       2.662519929628e+03 
       1.646558589033e-03       2.685665690853e+03 
       1.665624838901e-03       2.709003966815e+03 
       1.684911865537e-03       2.732537069718e+03 
       1.704422225416e-03       2.756267275921e+03 
       1.724158504615e-03       2.780196854734e+03 
       1.744123319156e-03       2.804328043228e+03 
       1.764319315353e-03       2.828663050793e+03 
       1.784749170165e-03       2.853204049516e+03 
       1.805415591547e-03       2.877953214178e+03 
       1.826321318809e-03       2.902912655657e+03 
       1.847469122984e-03       2.928084438196e+03 
       1.868861807190e-03       2.953470627644e+03 
       1.890502207005e-03       2.979073257583e+03 
       1.912393190839e-03       3.004894278447e+03 
       1.934537660319e-03       3.030935638642e+03 
       1.956938550671e-03       3.057199241813e+03 
       1.979598831108e-03       3.083686934942e+03 
       2.002521505226e-03       3.110400523107e+03 
       2.025709611400e-03       3.137341769709e+03 
       2.049166223189e-03       3.164512399678e+03 
       2.072894449741e-03       3.191914080650e+03 
       2.096897436208e-03       3.219548454081e+03 
       2.121178364158e-03       3.247417075048e+03 
       2.145740452003e-03       3.275521479769e+03 
       2.170586955420e-03       3.303863142851e+03 
       2.195721167788e-03       3.332443476212e+03 
       2.221146420618e-03       3.361263852590e+03 
       2.246866084000e-03       3.390325561379e+03 
       2.272883567047e-03       3.419629881795e+03 
       2.299202318350e-03       3.449178091264e+03 
       2.325825826430e-03       3.478971236639e+03 
       2.352757620203e-03       3.509010455815e+03 
       2.380001269451e-03       3.539296740195e+03 
       2.407560385289e-03       3.569831076306e+03 
       2.435438620649e-03       3.600614407177e+03 
       2.463639670759e-03       3.631647567332e+03 
       2.492167273640e-03       3.662931386766e+03 
       2.521025210593e-03       3.694466521214e+03 
       2.550217306707e-03       3.726253502089e+03 
       2.579747431363e-03       3.758293198456e+03 
       2.609619498746e-03       3.790585999100e+03 
       2.639837468368e-03       3.823132425897e+03 
       2.670405345586e-03       3.855932879006e+03 
       2.701327182141e-03       3.888987652976e+03 
       2.732607076688e-03       3.922297047136e+03 
       2.764249175342e-03       3.955861208496e+03 
       2.796257672231e-03       3.989680194969e+03 
       2.828636810046e-03       4.023754304646e+03 
       2.861390880605e-03       4.058083325742e+03 
       2.894524225427e-03       4.092667079454e+03 
       2.928041236300e-03       4.127505597668e+03 
       2.961946355866e-03       4.162598515188e+03 
       2.996244078214e-03       4.197945504853e+03 
       3.030938949470e-03       4.233545999354e+03 
       3.066035568400e-03       4.269399906385e+03 
       3.101538587023e-03       4.305506415035e+03 
       3.137452711227e-03       4.341864872345e+03 
       3.173782701389e-03       4.378474561818e+03 
       3.210533373011e-03       4.415334606955e+03 
       3.247709597353e-03       4.452444133339e+03 
       3.285316302085e-03       4.489802140239e+03 
       3.323358471935e-03       4.527407586649e+03 
       3.361841149350e-03       4.565259578694e+03 
       3.400769435167e-03       4.603355941552e+03 
       3.440148489290e-03       4.641696192574e+03 
       3.479983531369e-03       4.680278569517e+03 
       3.520279841496e-03       4.719101294558e+03 
       3.561042760903e-03       4.758163262620e+03 
       3.602277692670e-03       4.797462506399e+03 
       3.643990102444e-03       4.836997065189e+03 
       3.686185519159e-03       4.876765108534e+03 
       3.728869535771e-03       4.916764285221e+03 
       3.772047810002e-03       4.956992787940e+03 
       3.815726065084e-03       4.997448358743e+03 
       3.859910090523e-03       5.038128450400e+03 
       3.904605742863e-03       5.079031230047e+03 
       3.949818946466e-03       5.120152926741e+03 
       3.995555694291e-03       5.161491767629e+03 
       4.041822048696e-03       5.203044423242e+03 
       4.088624142236e-03       5.244808510466e+03 
       4.135968178477e-03       5.286780768510e+03 
       4.183860432820e-03       5.328958094227e+03 
       4.232307253331e-03       5.371337119016e+03 
       4.281315061585e-03       5.413914049306e+03 
       4.330890353513e-03       5.456686847524e+03 
       4.381039700266e-03       5.499650443604e+03 
       4.431769749086e-03       5.542802318338e+03 
       4.483087224186e-03       5.586136500179e+03 
       4.534998927642e-03       5.629651040221e+03 
       4.587511740293e-03       5.673341300555e+03 
       4.640632622657e-03       5.717202240232e+03 
       4.694368615848e-03       5.761230797787e+03 
       4.748726842514e-03       5.805421658516e+03 
       4.803714507780e-03       5.849770468948e+03 
       4.859338900200e-03       5.894271886170e+03 
       4.915607392728e-03       5.938921331113e+03 
       4.972527443692e-03       5.983714129948e+03 
       5.030106597782e-03       6.028644557314e+03 
       5.088352487054e-03       6.073707634686e+03 
       5.147272831936e-03       6.118896691150e+03 
       5.206875442256e-03       6.164207798908e+03 
       5.267168218277e-03       6.209633518487e+03 
       5.328159151740e-03       6.255168821901e+03 
       5.389856326927e-03       6.300807679737e+03 
       5.452267921732e-03       6.346543296741e+03 
       5.515402208744e-03       6.392369004989e+03 
       5.579267556345e-03       6.438279205371e+03 
       5.643872429818e-03       6.484266636440e+03 
       5.709225392468e-03       6.530322314721e+03 
       5.775335106759e-03       6.576457822803e+03 
       5.842210335463e-03       6.622634137219e+03 
       5.909859942820e-03       6.668860390295e+03 
       5.978292895710e-03       6.715116794346e+03 
       6.047518264848e-03       6.761407295468e+03 
       6.117545225982e-03       6.807723180508e+03 
       6.188383061109e-03       6.854059268229e+03 
       6.260041159708e-03       6.900411986880e+03 
       6.332529019982e-03       6.946767441809e+03 
       6.405856250118e-03       6.993116373871e+03 
       6.480032569562e-03       7.039448771909e+03 
       6.555067810304e-03       7.085752964867e+03 
       6.630971918184e-03       7.131934530947e+03 
       6.707754954209e-03       7.178158038085e+03 
       6.785427095888e-03       7.224331221561e+03 
       6.863998638578e-03       7.270443146440e+03 
       6.943479996854e-03       7.316481932019e+03 
       7.023881705882e-03       7.362444032702e+03 
       7.105214422822e-03       7.408314890294e+03 
       7.187488928238e-03       7.454078578845e+03 
       7.270716127526e-03       7.499723909576e+03 
       7.354907052361e-03       7.545242139916e+03 
       7.440072862160e-03       7.590624129349e+03 
       7.526224845558e-03       7.635856819145e+03 
       7.613374421907e-03       7.680930818055e+03 
       7.701533142789e-03       7.725833176460e+03 
       7.790712693547e-03       7.770552150478e+03 
       7.880924894834e-03       7.815090359261e+03 
       7.972181704179e-03       7.859406149382e+03 
       8.064495217574e-03       7.903500838138e+03 
       8.157877671075e-03       7.947365131777e+03 
       8.252341442425e-03       7.990984947699e+03 
       8.347899052695e-03       8.034343230075e+03 
       8.444563167942e-03       8.077435269830e+03 
       8.542346600890e-03       8.120242491931e+03 
       8.641262312627e-03       8.162752839605e+03 
       8.741323414324e-03       8.204951690175e+03 
       8.842543168971e-03       8.246822959480e+03 
       8.944934993137e-03       8.288354305766e+03 
       9.048512458748e-03       8.329531759247e+03 
       9.153289294884e-03       8.370342459298e+03 
       9.259279389602e-03       8.410770197232e+03 
       9.366496791773e-03       8.450797780169e+03 
       9.474955712949e-03       8.490412942319e+03 
       9.584670529242e-03       8.529599132470e+03 
       9.695655783232e-03       8.568338115656e+03 
       9.807926185893e-03       8.606619139841e+03 
       9.921496618547e-03       8.644421514976e+03 
       1.003638213483e-02       8.681735039155e+03 
       1.015259796270e-02       8.718537298655e+03 
       1.027015950642e-02       8.754816574957e+03 
       1.038908234867e-02       8.790552361500e+03 
       1.050938225253e-02       8.825731001800e+03 
       1.063107516362e-02       8.860332038525e+03 
       1.075417721221e-02       8.894343323830e+03 
       1.087870471535e-02       8.927745017840e+03 
       1.100467417900e-02       8.960515872435e+03 
       1.113210230030e-02       8.992644576122e+03 
       1.126100596971e-02       9.024110340901e+03 
       1.139140227325e-02       9.054896027891e+03 
       1.152330849483e-02       9.084985460447e+03 
       1.165674211847e-02       9.114355598261e+03 
       1.179172083065e-02       9.142988729166e+03 
       1.192826252266e-02       9.170871424803e+03 
       1.206638529294e-02       9.197983176508e+03 
       1.220610744952e-02       9.224300496382e+03 
       1.234744751242e-02       9.249813837049e+03 
       1.249042421612e-02       9.274496910282e+03 
       1.263505651202e-02       9.298335922304e+03 
       1.278136357097e-02       9.321307840535e+03 
       1.292936478582e-02       9.343401388682e+03 
       1.307907977396e-02       9.364588412737e+03 
       1.323052837997e-02       9.384858300240e+03 
       1.338373067818e-02       9.404188698546e+03 
       1.353870697540e-02       9.422554541070e+03 
       1.369547781356e-02       9.439945165548e+03 
       1.385406397247e-02       9.456342381313e+03 
       1.401448647255e-02       9.471721383719e+03 
       1.417676657764e-02       9.486063058447e+03 
       1.434092579779e-02       9.499360871334e+03 
       1.450698589211e-02       9.511582911604e+03 
       1.467496887171e-02       9.522723578233e+03 
       1.484489700255e-02       9.532751781515e+03 
       1.501679280842e-02       9.541656884748e+03 
       1.519067907392e-02       9.549418911397e+03 
       1.536657884751e-02       9.556022687577e+03 
       1.554451544451e-02       9.561447557572e+03 
       1.572451245026e-02       9.565687166852e+03 
       1.590659372318e-02       9.568706099935e+03 
       1.609078339800e-02       9.570502398001e+03 
       1.627710588890e-02       9.571058568822e+03 
       1.646558589281e-02       9.570350361180e+03 
       1.665624839266e-02       9.568383630703e+03 
       1.684911866072e-02       9.565119387117e+03 
       1.704422226196e-02       9.560558324649e+03 
       1.724158505748e-02       9.554687088408e+03 
       1.744123320792e-02       9.547479805372e+03 
       1.764319317705e-02       9.538938797658e+03 
       1.784749173529e-02       9.529033307499e+03 
       1.805415596335e-02       9.517779311977e+03 
       1.826321325594e-02       9.505143347664e+03 
       1.847469132552e-02       9.491134810101e+03 
       1.868861820621e-02       9.475722410572e+03 
       1.890502225772e-02       9.458909062618e+03 
       1.912393216943e-02       9.440691358872e+03 
       1.934537696467e-02       9.421068002652e+03 
       1.956938600504e-02       9.400011886288e+03 
       1.979598899507e-02       9.377541189690e+03 
       2.002521598700e-02       9.353629684091e+03 
       2.025709738593e-02       9.328300519273e+03 
       2.049166395528e-02       9.301527823054e+03 
       2.072894682268e-02       9.273348381643e+03 
       2.096897748635e-02       9.243704473434e+03 
       2.121178782213e-02       9.212645653043e+03 
       2.145741009116e-02       9.180172103040e+03 
       2.170587694854e-02       9.146259444697e+03 
       2.195722145291e-02       9.110958460516e+03 
       2.221147707741e-02       9.074241958904e+03 
       2.246867772200e-02       9.036128455855e+03 
       2.272885772754e-02       8.996615880018e+03 
       2.299205189197e-02       8.955717504490e+03 
       2.325829548885e-02       8.913493564335e+03 
       2.352762428866e-02       8.869853822969e+03 
       2.380007458341e-02       8.824958783468e+03 
       2.407568321496e-02       8.778723844939e+03 
       2.435448760767e-02       8.731195824126e+03 
       2.463652580603e-02       8.682372347723e+03 
       2.492183651784e-02       8.632387924412e+03 
       2.521045916394e-02       8.581087089307e+03 
       2.550243393507e-02       8.528581227658e+03 
       2.579780185693e-02       8.474926721436e+03 
       2.609660486434e-02       8.420069440286e+03 
       2.639888588566e-02       8.364236446024e+03 
       2.670468893837e-02       8.307267602399e+03 
       2.701405923726e-02       8.249240549304e+03 
       2.732704331629e-02       8.190179527277e+03 
       2.764368916549e-02       8.130171555691e+03 
       2.796404638424e-02       8.069152944149e+03 
       2.828816635243e-02       8.007411247396e+03 
       2.861610242078e-02       7.944661872865e+03 
       2.894791012194e-02       7.881225443160e+03 
       2.928364740387e-02       7.816914606521e+03 
       2.962337488693e-02       7.751941905079e+03 
       2.996715614636e-02       7.686263768138e+03 
       3.031505802165e-02       7.619984384472e+03 
       3.066715095432e-02       7.553142613217e+03 
       3.102350935584e-02       7.485780094801e+03 
       3.138421200714e-02       7.417925854766e+03 
       3.174934249139e-02       7.349602434165e+03 
       3.211898966179e-02       7.280929713608e+03 
       3.249324814580e-02       7.211938016380e+03 
       3.287221888793e-02       7.142634356997e+03 
       3.325600973259e-02       7.073142186722e+03 
       3.364473604911e-02       7.003475545862e+03 
       3.403852140105e-02       6.933671946356e+03 
       3.443749826193e-02       6.863775492131e+03 
       3.484180878000e-02       6.793872793065e+03 
       3.525160559470e-02       6.724000142019e+03 
       3.566705270796e-02       6.654226246653e+03 
       3.608832641375e-02       6.584496865817e+03 
       3.651561628969e-02       6.515029438972e+03 
       3.694912625527e-02       6.445786828777e+03 
       3.738907570142e-02       6.376787668817e+03 
       3.783570069709e-02       6.308087505984e+03 
       3.828925527915e-02       6.239732366884e+03 
       3.875001283258e-02       6.171831170815e+03 
       3.921826756901e-02       6.104302281496e+03 
       3.969433611233e-02       6.037285403858e+03 
       4.017855920137e-02       5.970784626131e+03 
       4.067130352071e-02       5.904853763359e+03 
       4.117296367167e-02       5.839514629065e+03 
       4.168396429723e-02       5.774766884014e+03 
       4.220476237554e-02       5.710689237611e+03 
       4.273584969842e-02       5.647299527996e+03 
       4.327775555282e-02       5.584612006202e+03 
       4.383104962435e-02       5.522663043103e+03 
       4.439634514429e-02       5.461465337166e+03 
       4.497430230229e-02       5.401037018768e+03 
       4.556563194941e-02       5.341386879848e+03 
       4.617109961693e-02       5.282530387116e+03 
       4.679152987816e-02       5.224460811881e+03 
       4.742781108140e-02       5.167183227207e+03 
       4.808090048307e-02       5.110700492965e+03 
       4.875182981000e-02       5.054972418066e+03 
       4.944171127949e-02       4.999973772987e+03 
       5.015174410419e-02       4.945663886967e+03 
       5.088322150577e-02       4.892003395093e+03 
       5.163753825666e-02       4.838909685475e+03 
       5.241619876216e-02       4.786300759182e+03 
       5.322082568520e-02       4.733952733941e+03 
       5.405316910211e-02       4.682072389338e+03 
       5.491511615957e-02       4.630127501248e+03 
       5.580870117865e-02       4.578072228947e+03 
       5.673611612084e-02       4.525657556822e+03 
       5.769972129184e-02       4.472583817330e+03 
       5.870205611018e-02       4.418545663246e+03 
       5.974584970840e-02       4.363148510435e+03 
       6.083403106387e-02       4.305949920564e+03 
       6.196973827366e-02       4.246478146317e+03 
       6.315632649443e-02       4.184167344538e+03 
       6.439737396581e-02       4.118414158725e+03 
       6.569668542983e-02       4.048546291062e+03 
       6.705829215518e-02       3.973924335415e+03 
       6.848644768774e-02       3.893855041563e+03 
       6.998561839022e-02       3.807674747173e+03 
       7.156046782775e-02       3.714842401485e+03 
       7.321583412496e-02       3.614920900695e+03 
       7.495669959224e-02       3.507697124722e+03 
       7.678815221901e-02       3.393229438005e+03 
       7.871533908061e-02       3.271956412781e+03 
       8.074341230641e-02       3.144745236304e+03 
       8.287746899340e-02       3.012919357199e+03 
       8.512248727310e-02       2.878388614286e+03 
       8.748326156723e-02       2.743371075969e+03 
       8.996434078522e-02       2.610483900014e+03 
       9.256997368948e-02       2.482546235580e+03 
       9.530406575438e-02       2.362176270417e+03 
       9.817015147702e-02       2.251675912377e+03 
       1.011713852333e-01       2.152625976223e+03 
       1.043105524718e-01       2.065617772919e+03 
       1.075901014461e-01       1.990050958306e+03 
       1.110121940162e-01       1.923998463016e+03 
       1.145787725409e-01       1.864306611455e+03 
       1.182916387367e-01       1.806938583027e+03 
       1.221525397361e-01       1.747443365771e+03 
       1.261632564743e-01       1.681832723076e+03 
       1.303256899027e-01       1.607511970766e+03 
       1.346419412603e-01       1.524024459396e+03 
       1.391143835461e-01       1.433403696421e+03 
       1.437457222829e-01       1.339845327722e+03 
       1.485390445156e-01       1.248726973805e+03 
       1.534978556463e-01       1.165298825325e+03 
       1.586261041575e-01       1.093353947678e+03 
       1.639281944884e-01       1.034280709320e+03 
       1.694089883449e-01       9.866898776664e+02 
       1.750737945748e-01       9.466879681011e+02 
       1.809283474673e-01       9.090487205549e+02 
       1.869787729839e-01       8.690769429594e+02 
       1.932315420376e-01       8.235223819571e+02 
       1.996934095394e-01       7.724605758346e+02 
       2.063713375786e-01       7.192927195282e+02 
       2.132724008152e-01       6.689295639599e+02 
       2.204036720146e-01       6.250536892077e+02 
       2.277720856767e-01       5.887643737084e+02 
       2.353842779987e-01       5.586572195959e+02 
       2.432464020202e-01       5.315105886613e+02 
       2.513639178306e-01       5.036588545024e+02 
       2.597413592297e-01       4.734064760244e+02 
       2.683820802893e-01       4.418773134544e+02 
       2.772879878421e-01       4.116973108548e+02 
       2.864592689556e-01       3.852339475656e+02 
       2.958941257114e-01       3.628940441689e+02 
       3.055885327739e-01       3.429075772382e+02 
       3.155360358072e-01       3.233170106475e+02 
       3.257276101910e-01       3.033700271568e+02 
       3.361515990976e-01       2.837552030161e+02 
       3.467937473074e-01       2.658376069868e+02 
       3.576373419436e-01       2.500378710454e+02 
       3.686634637814e-01       2.358449997441e+02 
       3.798513436296e-01       2.223490782263e+02 
       3.911788086323e-01       2.092586933826e+02 
       4.026227946331e-01       1.969117790109e+02 
       4.141598943686e-01       1.856243387348e+02 
       4.257669082786e-01       1.754151478248e+02 
       4.374213655578e-01       1.659952983753e+02 
       4.491019874729e-01       1.571838325579e+02 
       4.607890720246e-01       1.488817085416e+02 
       4.724647874993e-01       1.411683614469e+02 
       4.841133709928e-01       1.340734827062e+02 
       4.957212355028e-01       1.275648257876e+02 
       5.072769949362e-01       1.215145791693e+02 
       5.187714200835e-01       1.158420099154e+02 
       5.301973403309e-01       1.105442086752e+02 
       5.415495059535e-01       1.056169887389e+02 
       5.528244247013e-01       1.010511754912e+02 
       5.640201845122e-01       9.678387920742e+01 
       5.751362719725e-01       9.279476528457e+01 
       5.861733938951e-01       8.904529515066e+01 
       5.971333073044e-01       8.552745695875e+01 
       6.080186613205e-01       8.222475221985e+01 
       6.188328529751e-01       7.912043857929e+01 
       6.295798978492e-01       7.620195744489e+01 
       6.402643155899e-01       7.344144565991e+01 
       6.508910297783e-01       7.083484642556e+01 
       6.614652812401e-01       6.836391223752e+01 
       6.719925536714e-01       6.602393733908e+01 
       6.824785103488e-01       6.380520200629e+01 
       6.929289406726e-01       6.169444446498e+01 
       7.033497153311e-01       5.968901132659e+01 
       7.137467489456e-01       5.777427725967e+01 
       7.241259691495e-01       5.594895351447e+01 
       7.344932911594e-01       5.420519916459e+01 
       7.448545970001e-01       5.253644885375e+01 
       7.552157186474e-01       5.094119123828e+01 
       7.655824244503e-01       4.940938265294e+01 
       7.759604082810e-01       4.794143535633e+01 
       7.863552809414e-01       4.653054183120e+01 
       7.967725634262e-01       4.517366311400e+01 
       8.072176817061e-01       4.386945614797e+01 
       8.176959627472e-01       4.261140924338e+01 
       8.282126315350e-01       4.140062732208e+01 
       8.387728089072e-01       4.023141878024e+01 
       8.493815100405e-01       3.910298106438e+01 
       8.600436434626e-01       3.801341485022e+01 
       8.707640104905e-01       3.695891911820e+01 
       8.815473050150e-01       3.594050086988e+01 
       8.923981135711e-01       3.495342280221e+01 
       9.033209156514e-01       3.399873906539e+01 
       9.143200842284e-01       3.307311543628e+01 
       9.253998864660e-01       3.217596806753e+01 
       9.365644846070e-01       3.130636529466e+01 
       9.478179370303e-01       3.046188310422e+01 
       9.591641994760e-01       2.964336532196e+01 
       9.706071264417e-01       2.884747537219e+01 
       9.821504727542e-01       2.807554796024e+01 
       9.937978953217e-01       2.732457420929e+01 
       1.005552955074e+00       2.659552364713e+01 
       1.017419119093e+00       2.588620872220e+01 
       1.029399762945e+00       2.519687715831e+01 
       1.041498173206e+00       2.452618967481e+01 
       1.053717550189e+00       2.387385084900e+01 
       1.066061010865e+00       2.323916174401e+01 
       1.078531591983e+00       2.262144427168e+01 
       1.091132253362e+00       2.202038654143e+01 
       1.103865881359e+00       2.143518601580e+01 
       1.116735292498e+00       2.086564617611e+01 
       1.129743237235e+00       2.031108118274e+01 
       1.142892403849e+00       1.977118193933e+01 
       1.156185422431e+00       1.924554626484e+01 
       1.169624868956e+00       1.873355863385e+01 
       1.183213269410e+00       1.823520831539e+01 
       1.196953103950e+00       1.774956293252e+01 
       1.210846811071e+00       1.727698870507e+01 
       1.224896791756e+00       1.681626585016e+01 
       1.239105413590e+00       1.636800108124e+01 
       1.253475014812e+00       1.593095496824e+01 
       1.268007908284e+00       1.550557127115e+01 
       1.282706385356e+00       1.509107788381e+01 
       1.297572719621e+00       1.468729840078e+01 
       1.312609170528e+00       1.429423049606e+01 
       1.327817986858e+00       1.391103336306e+01 
       1.343201410032e+00       1.353812422749e+01 
       1.358761677270e+00       1.317473424874e+01 
       1.374501024569e+00       1.282079385665e+01 
       1.390421689514e+00       1.247628742806e+01 
       1.406525913912e+00       1.214051222719e+01 
       1.422815946257e+00       1.181366030999e+01 
       1.439294044023e+00       1.149539930886e+01 
       1.455962475788e+00       1.118525873576e+01 
       1.472823523204e+00       1.088338471057e+01 
       1.489879482807e+00       1.058942725599e+01 
       1.507132667683e+00       1.030300596738e+01 
       1.524585409002e+00       1.002420407780e+01 
       1.542240057416e+00       9.752755920620e+00 
       1.560098984338e+00       9.488300243506e+00 
       1.578164583123e+00       9.230847786352e+00 
       1.596439270128e+00       8.980270152845e+00 
       1.614925485702e+00       8.736222039366e+00 
       1.633625695080e+00       8.498555887452e+00 
       1.652542389208e+00       8.267180670499e+00 
       1.671678085504e+00       8.042041346805e+00 
       1.691035328560e+00       7.822795462966e+00 
       1.710616690791e+00       7.609313044211e+00 
       1.730424773046e+00       7.401532998913e+00 
       1.750462205178e+00       7.199307051021e+00 
       1.770731646579e+00       7.002429292643e+00 
       1.791235786697e+00       6.810737019931e+00 
       1.811977345518e+00       6.624137029541e+00 
       1.832959074041e+00       6.442536661790e+00 
       1.854183754728e+00       6.265803479941e+00 
       1.875654201951e+00       6.093799644190e+00 
       1.897373262424e+00       5.926423228940e+00 
       1.919343815626e+00       5.763298628344e+00 
       1.941568774227e+00       5.604692522038e+00 
       1.964051084501e+00       5.450500145179e+00 
       1.986793726746e+00       5.300289544256e+00 
       2.009799715696e+00       5.154115804427e+00 
       2.033072100937e+00       5.011868122241e+00 
       2.056613967325e+00       4.873447914546e+00 
       2.080428435404e+00       4.738754056915e+00 
       2.104518661826e+00       4.607687794056e+00 
       2.128887839776e+00       4.480154873473e+00 
       2.153539199403e+00       4.356063969395e+00 
       2.178476008244e+00       4.235322722387e+00 
       2.203701571668e+00       4.117845597382e+00 
       2.229219233311e+00       4.003545286750e+00 
       2.255032375522e+00       3.892338501632e+00 
       2.281144419813e+00       3.784145112130e+00 
       2.307558827313e+00       3.678890149898e+00 
       2.334279099226e+00       3.576485367181e+00 
       2.361308777300e+00       3.476861572367e+00 
       2.388651444290e+00       3.379951203993e+00 
       2.416310724438e+00       3.285680741750e+00 
       2.444290283954e+00       3.193977820684e+00 
       2.472593831498e+00       3.104779270176e+00 
       2.501225118675e+00       3.018017362498e+00 
       2.530187940532e+00       2.933622864071e+00 
       2.559486136059e+00       2.851532651358e+00 
       2.589123588701e+00       2.771680322113e+00 
       2.619104226870e+00       2.694009218160e+00 
       2.649432024467e+00       2.618478273555e+00 
       2.680111001409e+00       2.545025312429e+00 
       2.711145224162e+00       2.473580310532e+00 
       2.742538806277e+00       2.404086166517e+00 
       2.774295908940e+00       2.336505053297e+00 
       2.806420741521e+00       2.270794630763e+00 
       2.838917562132e+00       2.206888942419e+00 
       2.871790678190e+00       2.144732454606e+00 
       2.905044446992e+00       2.084231038426e+00 
       2.938683276289e+00       2.025471867991e+00 
       2.972711624871e+00       1.968318229318e+00 
       3.007134003159e+00       1.912753415384e+00 
       3.041954973802e+00       1.858728067433e+00 
       3.077179152282e+00       1.806185130337e+00 
       3.112811207525e+00       1.755171537170e+00 
       3.148855862522e+00       1.705500544789e+00 
       3.185317894954e+00       1.657152650484e+00 
       3.222202137821e+00       1.610205202224e+00 
       3.259513480092e+00       1.564608586806e+00 
       3.297256867345e+00       1.520238192031e+00 
       3.335437302423e+00       1.477088966518e+00 
       3.374059846103e+00       1.435146461879e+00 
       3.413129617762e+00       1.394366705521e+00 
       3.452651796054e+00       1.354727661433e+00 
       3.492631619601e+00       1.316192161138e+00 
       3.533074387687e+00       1.278729653645e+00 
       3.573985460956e+00       1.242318950739e+00 
       3.615370262127e+00       1.206917406878e+00 
       3.657234276710e+00       1.172511108494e+00 
       3.699583053735e+00       1.139067906640e+00 
       3.742422206486e+00       1.106556741214e+00 
       3.785757413247e+00       1.074957911345e+00 
       3.829594418053e+00       1.044247932024e+00 
       3.873939031451e+00       1.014396438468e+00 
       3.918797131271e+00       9.853810510483e-01 
       3.964174663407e+00       9.571722938939e-01 
       4.010077642600e+00       9.297685588321e-01 
       4.056512153241e+00       9.031336499013e-01 
       4.103484350174e+00       8.772469011077e-01 
       4.151000459513e+00       8.520887926440e-01 
       4.199066779467e+00       8.276486041814e-01 
       4.247689681174e+00       8.038761109869e-01 
       4.296875609547e+00       7.807993362068e-01 
       4.346631084129e+00       7.583616044876e-01 
       4.396962699952e+00       7.365572626114e-01 
       4.447877128418e+00       7.153704494136e-01 
       4.499381118181e+00       6.947751890919e-01 
       4.551481496036e+00       6.747685738647e-01 
       4.604185167835e+00       6.553299006645e-01 
       4.657499119390e+00       6.364404226106e-01 
       4.711430417408e+00       6.180886150969e-01 
       4.765986210425e+00       6.002612091784e-01 
       4.821173729752e+00       5.829282675696e-01 
       4.877000290435e+00       5.660923777263e-01 
       4.933473292223e+00       5.497321552040e-01 
       4.990600220553e+00       5.338446378869e-01 
       5.048388647536e+00       5.184050733896e-01 
       5.106846232967e+00       5.034044551111e-01 
       5.165980725334e+00       4.888307149637e-01 
       5.225799962850e+00       4.746731635144e-01 
       5.286311874491e+00       4.609177605052e-01 
       5.347524481046e+00       4.475568584474e-01 
       5.409445896178e+00       4.345725151194e-01 
       5.472084327504e+00       4.219706772655e-01 
       5.535448077680e+00       4.097127917172e-01 
       5.599545545504e+00       3.978133415928e-01 
       5.664385227024e+00       3.862569857378e-01 
       5.729975716671e+00       3.750332170393e-01 
       5.796325708393e+00       3.641254218467e-01 
       5.863443996809e+00       3.535306859276e-01 
       5.931339478375e+00       3.432351287423e-01 
       6.000021152565e+00       3.332386036752e-01 
       6.069498123059e+00       3.235305298539e-01 
       6.139779598956e+00       3.141011261481e-01 
       6.210874895988e+00       3.049417523362e-01 
       6.282793437760e+00       2.960425738262e-01 
       6.355544756997e+00       2.874072640080e-01 
       6.429138496807e+00       2.790149324350e-01 
       6.503584411962e+00       2.708622825561e-01 
       6.578892370185e+00       2.629469930994e-01 
       6.655072353467e+00       2.552569000970e-01 
       6.732134459380e+00       2.477953222002e-01 
       6.810088902424e+00       2.405446505393e-01 
       6.888946015375e+00       2.335028991808e-01 
       6.968716250659e+00       2.266645472853e-01 
       7.049410181734e+00       2.200239901219e-01 
       7.131038504493e+00       2.135752920202e-01 
       7.213612038681e+00       2.073126420225e-01 
       7.297141729331e+00       2.012309510130e-01 
       7.381638648214e+00       1.953254390988e-01 
       7.467113995304e+00       1.895907647323e-01 
       7.553579100266e+00       1.840229824808e-01 
       7.641045423956e+00       1.786154242167e-01 
       7.729524559941e+00       1.733652800297e-01 
       7.819028236034e+00       1.682671802067e-01 
       7.909568315850e+00       1.633174044216e-01 
       8.001156800378e+00       1.585109666226e-01 
       8.093805829575e+00       1.538445515924e-01 
       8.187527683967e+00       1.493133055740e-01 
       8.282334786285e+00       1.449144085578e-01 
       8.378239703108e+00       1.406422902984e-01 
       8.475255146529e+00       1.364944920176e-01 
       8.573393975839e+00       1.324691046580e-01 
       8.672669199234e+00       1.285604135347e-01 
       8.773093975538e+00       1.247651749637e-01 
       8.874681615945e+00       1.210805007413e-01 
       8.977445585788e+00       1.175033586203e-01 
       9.081399506320e+00       1.140307630532e-01 
       9.186557156519e+00       1.106593273234e-01 
       9.292932474919e+00       1.073861685204e-01 
       9.400539561452e+00       1.042088069296e-01 
       9.509392679323e+00       1.011246160577e-01 
       9.619506256892e+00       9.813031677446e-02 
       9.730894889597e+00       9.522367137003e-02 
       9.843573341879e+00       9.240211907123e-02 
       9.957556549145e+00       8.966305774735e-02 
       1.007285961975e+01       8.700439101117e-02 
       1.018949783698e+01       8.442334290511e-02 
       1.030748666111e+01       8.191809084288e-02 
       1.042684173144e+01       7.948643340130e-02 
       1.054757886835e+01       7.712595557593e-02 
       1.066971407540e+01       7.483492855068e-02 
       1.079326354151e+01       7.261130203860e-02 
       1.091824364300e+01       7.045275157665e-02 
       1.104467094586e+01       6.835779253742e-02 
       1.117256220790e+01       6.632423355491e-02 
       1.130193438095e+01       6.435061117203e-02 
       1.143280461316e+01       6.243508958993e-02 
       1.156519025124e+01       6.057580389533e-02 
       1.169910884276e+01       5.877124742502e-02 
       1.183457813849e+01       5.701990594686e-02 
       1.197161609473e+01       5.532033960360e-02 
       1.211024087571e+01       5.367062925213e-02 
       1.225047085601e+01       5.206967187500e-02 
       1.239232462295e+01       5.051599575029e-02 
       1.253582097910e+01       4.900802013481e-02 
       1.268097894473e+01       4.754477882130e-02 
       1.282781776040e+01       4.612451820743e-02 
       1.297635688941e+01       4.474635284006e-02 
       1.312661602047e+01       4.340896244048e-02 
       1.327861507026e+01       4.211116268134e-02 
       1.343237418610e+01       4.085158715915e-02 
       1.358791374859e+01       3.962936895323e-02 
       1.374525437433e+01       3.844332957389e-02 
       1.390441691865e+01       3.729242321267e-02 
       1.406542247837e+01       3.617558151596e-02 
       1.422829239461e+01       3.509194599055e-02 
       1.439304825559e+01       3.404025270640e-02 
       1.455971189952e+01       3.301997689038e-02 
       1.472830541750e+01       3.202975853577e-02 
       1.489885115641e+01       3.106910520760e-02 
       1.507137172190e+01       3.013682824735e-02 
       1.524588998139e+01       2.923232395373e-02 
       1.542242906708e+01       2.835464146578e-02 
       1.560101237904e+01       2.750311388011e-02 
       1.578166358829e+01       2.667683247909e-02 
       1.596440663995e+01       2.587511404728e-02 
       1.614926575643e+01       2.509732269372e-02 
       1.633626544058e+01       2.434259941052e-02 
       1.652543047903e+01       2.361022948722e-02 
       1.671678594539e+01       2.289968296057e-02 
       1.691035720361e+01       2.221074025974e-02 
       1.710616991137e+01       2.154210865222e-02 
       1.730425002342e+01       2.089328140245e-02 
       1.750462379507e+01       2.026393817385e-02 
       1.770731778564e+01       1.965322374691e-02 
       1.791235886201e+01       1.906082413344e-02 
       1.811977420214e+01       1.848606850887e-02 
       1.832959129871e+01       1.792857086466e-02 
       1.854183796276e+01       1.738765052918e-02 
       1.875654232734e+01       1.686291098063e-02 
       1.897373285129e+01       1.635382649755e-02 
       1.919343832298e+01       1.586000866928e-02 
       1.941568786414e+01       1.538095390558e-02 
       1.964051093368e+01       1.491621322390e-02 
       1.986793733168e+01       1.446541435897e-02 
       2.009799720325e+01       1.402811580163e-02 
       2.033072104258e+01       1.360386915435e-02 
       2.056613969697e+01       1.319236919017e-02 
       2.080428437089e+01       1.279320323268e-02 
       2.104518663017e+01       1.240597465026e-02 
       2.128887840615e+01       1.203035676674e-02 
       2.153539199990e+01       1.166604012664e-02 
       2.178476008653e+01       1.131266288304e-02 
       2.203701571951e+01       1.096965838187e-02 
       2.229219233506e+01       1.063735629166e-02 
       2.255032375656e+01       1.031482934001e-02 
       2.281144419904e+01       1.000202734780e-02 
       2.307558827375e+01       9.698617045193e-03 
       2.334279099268e+01       9.404313146346e-03 
       2.361308777328e+01       9.118856397995e-03 
       2.388651444309e+01       8.842045928057e-03 
       2.416310724451e+01       8.573499486716e-03 
       2.444290283962e+01       8.313053131952e-03 
       2.472593831503e+01       8.060447241256e-03 
       2.501225118679e+01       7.815459159035e-03 
       2.530187940534e+01       7.577848400062e-03 
       2.559486136060e+01       7.347378720392e-03 
       2.589123588702e+01       7.123897253968e-03 
       2.619104226870e+01       6.907120081857e-03 
       2.649432024467e+01       6.696888379606e-03 
       2.680111001409e+01       6.492998628748e-03 
       2.711145224162e+01       6.295277414640e-03 
       2.742538806277e+01       6.103510819837e-03 
       2.774295908940e+01       5.917531029028e-03 
       2.806420741521e+01       5.737159026676e-03 
       2.838917562132e+01       5.562278589717e-03 
       2.871790678190e+01       5.392659068228e-03 
       2.905044446992e+01       5.228176160286e-03 
       2.938683276289e+01       5.068658717923e-03 
       2.972711624871e+01       4.913961922565e-03 
       3.007134003159e+01       4.763958296043e-03 
