# Matter power spectrum P(k) at redshift z=1
# for k=1.08787e-05 to 30.0713 h/Mpc,
# number of wavenumbers equal to 1157
#    1:k (h/Mpc)              2:P (Mpc/h)^3        
       1.087870471534e-05       1.433561552042e+01 
       1.100467417900e-05       1.449612630368e+01 
       1.113210230030e-05       1.465843488349e+01 
       1.126100596971e-05       1.482256135066e+01 
       1.139140227325e-05       1.498852568675e+01 
       1.152330849483e-05       1.515634927158e+01 
       1.165674211847e-05       1.532605209546e+01 
       1.179172083065e-05       1.549765583387e+01 
       1.192826252266e-05       1.567118144844e+01 
       1.206638529294e-05       1.584665070696e+01 
       1.220610744952e-05       1.602408536712e+01 
       1.234744751242e-05       1.620350738058e+01 
       1.249042421612e-05       1.638493903551e+01 
       1.263505651202e-05       1.656840294979e+01 
       1.278136357097e-05       1.675392186148e+01 
       1.292936478582e-05       1.694151879195e+01 
       1.307907977396e-05       1.713121709660e+01 
       1.323052837997e-05       1.732304060776e+01 
       1.338373067818e-05       1.751701237177e+01 
       1.353870697539e-05       1.771315722999e+01 
       1.369547781355e-05       1.791149935491e+01 
       1.385406397246e-05       1.811206310056e+01 
       1.401448647255e-05       1.831487385780e+01 
       1.417676657763e-05       1.851995629387e+01 
       1.434092579777e-05       1.872733660838e+01 
       1.450698589209e-05       1.893703973482e+01 
       1.467496887168e-05       1.914909235922e+01 
       1.484489700249e-05       1.936352062713e+01 
       1.501679280832e-05       1.958035147145e+01 
       1.519067907378e-05       1.979961101535e+01 
       1.536657884729e-05       2.002132774656e+01 
       1.554451544418e-05       2.024552825252e+01 
       1.572451244976e-05       2.047224069108e+01 
       1.590659372243e-05       2.070149331627e+01 
       1.609078339687e-05       2.093331462622e+01 
       1.627710588722e-05       2.116773342615e+01 
       1.646558589033e-05       2.140477891919e+01 
       1.665624838901e-05       2.164448059455e+01 
       1.684911865537e-05       2.188686814536e+01 
       1.704422225416e-05       2.213197186244e+01 
       1.724158504614e-05       2.237982218786e+01 
       1.744123319155e-05       2.263044995998e+01 
       1.764319315353e-05       2.288388639545e+01 
       1.784749170165e-05       2.314016295500e+01 
       1.805415591547e-05       2.339931149094e+01 
       1.826321318809e-05       2.366136428801e+01 
       1.847469122984e-05       2.392635433439e+01 
       1.868861807190e-05       2.419431433455e+01 
       1.890502207005e-05       2.446527763282e+01 
       1.912393190839e-05       2.473927811220e+01 
       1.934537660319e-05       2.501634945349e+01 
       1.956938550671e-05       2.529652657175e+01 
       1.979598831108e-05       2.557984445947e+01 
       2.002521505226e-05       2.586633815063e+01 
       2.025709611400e-05       2.615604346830e+01 
       2.049166223189e-05       2.644899650812e+01 
       2.072894449741e-05       2.674523364224e+01 
       2.096897436208e-05       2.704479203064e+01 
       2.121178364158e-05       2.734770882828e+01 
       2.145740452003e-05       2.765402186375e+01 
       2.170586955420e-05       2.796376927070e+01 
       2.195721167788e-05       2.827698985572e+01 
       2.221146420618e-05       2.859372251545e+01 
       2.246866084000e-05       2.891400682317e+01 
       2.272883567047e-05       2.923788273218e+01 
       2.299202318350e-05       2.956539069600e+01 
       2.325825826430e-05       2.989657151808e+01 
       2.352757620203e-05       3.023146648074e+01 
       2.380001269451e-05       3.057011759800e+01 
       2.407560385289e-05       3.091256700028e+01 
       2.435438620649e-05       3.125885749968e+01 
       2.463639670759e-05       3.160903231637e+01 
       2.492167273640e-05       3.196313524968e+01 
       2.521025210593e-05       3.232121055191e+01 
       2.550217306707e-05       3.268330289425e+01 
       2.579747431363e-05       3.304945761869e+01 
       2.609619498746e-05       3.341972049784e+01 
       2.639837468368e-05       3.379413776625e+01 
       2.670405345586e-05       3.417275626061e+01 
       2.701327182141e-05       3.455562345452e+01 
       2.732607076687e-05       3.494278708089e+01 
       2.764249175342e-05       3.533429583739e+01 
       2.796257672231e-05       3.573019849430e+01 
       2.828636810046e-05       3.613054479758e+01 
       2.861390880605e-05       3.653538473383e+01 
       2.894524225427e-05       3.694476908356e+01 
       2.928041236299e-05       3.735874914338e+01 
       2.961946355866e-05       3.777737680191e+01 
       2.996244078214e-05       3.820070453266e+01 
       3.030938949470e-05       3.862878541870e+01 
       3.066035568399e-05       3.906167315119e+01 
       3.101538587023e-05       3.949942199917e+01 
       3.137452711227e-05       3.994208702318e+01 
       3.173782701389e-05       4.038972361939e+01 
       3.210533373011e-05       4.084238807007e+01 
       3.247709597353e-05       4.130013730826e+01 
       3.285316302085e-05       4.176302878052e+01 
       3.323358471934e-05       4.223112062440e+01 
       3.361841149349e-05       4.270447175253e+01 
       3.400769435167e-05       4.318314169370e+01 
       3.440148489290e-05       4.366719060273e+01 
       3.479983531369e-05       4.415667946943e+01 
       3.520279841496e-05       4.465166984067e+01 
       3.561042760903e-05       4.515222402117e+01 
       3.602277692670e-05       4.565840520351e+01 
       3.643990102444e-05       4.617027707051e+01 
       3.686185519159e-05       4.668790420041e+01 
       3.728869535771e-05       4.721135188490e+01 
       3.772047810002e-05       4.774068604980e+01 
       3.815726065084e-05       4.827597361616e+01 
       3.859910090523e-05       4.881728212494e+01 
       3.904605742863e-05       4.936467997647e+01 
       3.949818946466e-05       4.991823634865e+01 
       3.995555694291e-05       5.047802121828e+01 
       4.041822048696e-05       5.104410539600e+01 
       4.088624142236e-05       5.161656051007e+01 
       4.135968178477e-05       5.219545899814e+01 
       4.183860432820e-05       5.278087419201e+01 
       4.232307253331e-05       5.337288032849e+01 
       4.281315061585e-05       5.397155238563e+01 
       4.330890353513e-05       5.457696636685e+01 
       4.381039700266e-05       5.518919910035e+01 
       4.431769749086e-05       5.580832822618e+01 
       4.483087224186e-05       5.643443249668e+01 
       4.534998927642e-05       5.706759147302e+01 
       4.587511740293e-05       5.770788569734e+01 
       4.640632622657e-05       5.835539660847e+01 
       4.694368615848e-05       5.901020668122e+01 
       4.748726842514e-05       5.967239932864e+01 
       4.803714507779e-05       6.034205897922e+01 
       4.859338900200e-05       6.101927101240e+01 
       4.915607392728e-05       6.170412191342e+01 
       4.972527443692e-05       6.239669912638e+01 
       5.030106597782e-05       6.309709116567e+01 
       5.088352487054e-05       6.380538765027e+01 
       5.147272831936e-05       6.452167909045e+01 
       5.206875442256e-05       6.524605738296e+01 
       5.267168218277e-05       6.597861522341e+01 
       5.328159151740e-05       6.671944663232e+01 
       5.389856326927e-05       6.746864670004e+01 
       5.452267921732e-05       6.822631161087e+01 
       5.515402208744e-05       6.899253868131e+01 
       5.579267556345e-05       6.976742667724e+01 
       5.643872429818e-05       7.055107513981e+01 
       5.709225392467e-05       7.134358513157e+01 
       5.775335106759e-05       7.214505884295e+01 
       5.842210335463e-05       7.295559971917e+01 
       5.909859942819e-05       7.377531237537e+01 
       5.978292895710e-05       7.460430286459e+01 
       6.047518264848e-05       7.544267843510e+01 
       6.117545225982e-05       7.629054768655e+01 
       6.188383061109e-05       7.714802046512e+01 
       6.260041159708e-05       7.801520804327e+01 
       6.332529019982e-05       7.889222310602e+01 
       6.405856250118e-05       7.977917953278e+01 
       6.480032569562e-05       8.067619292020e+01 
       6.555067810303e-05       8.158337993348e+01 
       6.630971918183e-05       8.250085902798e+01 
       6.707754954209e-05       8.342874988417e+01 
       6.785427095888e-05       8.436717369940e+01 
       6.863998638578e-05       8.531625327246e+01 
       6.943479996854e-05       8.627611294300e+01 
       7.023881705882e-05       8.724687848219e+01 
       7.105214422822e-05       8.822867740411e+01 
       7.187488928238e-05       8.922163854558e+01 
       7.270716127526e-05       9.022589262736e+01 
       7.354907052361e-05       9.124157196569e+01 
       7.440072862160e-05       9.226881048117e+01 
       7.526224845558e-05       9.330774377820e+01 
       7.613374421906e-05       9.435850924621e+01 
       7.701533142788e-05       9.542124596497e+01 
       7.790712693546e-05       9.649609473626e+01 
       7.880924894833e-05       9.758319826927e+01 
       7.972181704179e-05       9.868270100821e+01 
       8.064495217574e-05       9.979474939097e+01 
       8.157877671075e-05       1.009194914033e+02 
       8.252341442425e-05       1.020570773522e+02 
       8.347899052695e-05       1.032076590373e+02 
       8.444563167942e-05       1.043713906651e+02 
       8.542346600890e-05       1.055484280148e+02 
       8.641262312627e-05       1.067389291636e+02 
       8.741323414324e-05       1.079430541026e+02 
       8.842543168971e-05       1.091609649280e+02 
       8.944934993137e-05       1.103928259048e+02 
       9.048512458748e-05       1.116388033757e+02 
       9.153289294884e-05       1.128990659325e+02 
       9.259279389602e-05       1.141737841172e+02 
       9.366496791773e-05       1.154631310750e+02 
       9.474955712949e-05       1.167672820074e+02 
       9.584670529242e-05       1.180864143796e+02 
       9.695655783231e-05       1.194207082844e+02 
       9.807926185893e-05       1.207703456535e+02 
       9.921496618547e-05       1.221355114557e+02 
       1.003638213483e-04       1.235163927888e+02 
       1.015259796270e-04       1.249131790216e+02 
       1.027015950642e-04       1.263260625837e+02 
       1.038908234867e-04       1.277552379544e+02 
       1.050938225253e-04       1.292009025644e+02 
       1.063107516362e-04       1.306632562230e+02 
       1.075417721221e-04       1.321425015733e+02 
       1.087870471535e-04       1.336388439909e+02 
       1.100467417900e-04       1.351524915242e+02 
       1.113210230030e-04       1.366836550741e+02 
       1.126100596971e-04       1.382325482905e+02 
       1.139140227325e-04       1.397993878258e+02 
       1.152330849483e-04       1.413843932354e+02 
       1.165674211847e-04       1.429877870315e+02 
       1.179172083065e-04       1.446097945727e+02 
       1.192826252266e-04       1.462506446921e+02 
       1.206638529294e-04       1.479105688835e+02 
       1.220610744952e-04       1.495898020188e+02 
       1.234744751242e-04       1.512885820822e+02 
       1.249042421612e-04       1.530071504315e+02 
       1.263505651202e-04       1.547457515195e+02 
       1.278136357097e-04       1.565046332103e+02 
       1.292936478582e-04       1.582840468110e+02 
       1.307907977396e-04       1.600842470245e+02 
       1.323052837997e-04       1.619054918238e+02 
       1.338373067818e-04       1.637480431355e+02 
       1.353870697539e-04       1.656121661538e+02 
       1.369547781355e-04       1.674981296348e+02 
       1.385406397246e-04       1.694062062185e+02 
       1.401448647255e-04       1.713366721553e+02 
       1.417676657763e-04       1.732898075298e+02 
       1.434092579777e-04       1.752658960427e+02 
       1.450698589209e-04       1.772652255400e+02 
       1.467496887168e-04       1.792880875440e+02 
       1.484489700249e-04       1.813347777330e+02 
       1.501679280832e-04       1.834004299930e+02 
       1.519067907378e-04       1.854955601156e+02 
       1.536657884729e-04       1.876154265728e+02 
       1.554451544418e-04       1.897603413663e+02 
       1.572451244976e-04       1.919306205182e+02 
       1.590659372243e-04       1.941265842613e+02 
       1.609078339687e-04       1.963485572711e+02 
       1.627710588722e-04       1.985968685853e+02 
       1.646558589033e-04       2.008718513949e+02 
       1.665624838901e-04       2.031738435777e+02 
       1.684911865537e-04       2.055031874163e+02 
       1.704422225416e-04       2.078602294651e+02 
       1.724158504615e-04       2.102453212544e+02 
       1.744123319156e-04       2.126588186131e+02 
       1.764319315353e-04       2.151010821594e+02 
       1.784749170165e-04       2.175724769227e+02 
       1.805415591547e-04       2.200733730188e+02 
       1.826321318809e-04       2.226041449565e+02 
       1.847469122984e-04       2.251651722637e+02 
       1.868861807190e-04       2.277568391403e+02 
       1.890502207005e-04       2.303795347004e+02 
       1.912393190839e-04       2.330336526912e+02 
       1.934537660319e-04       2.357195921024e+02 
       1.956938550671e-04       2.384377562385e+02 
       1.979598831108e-04       2.411885539679e+02 
       2.002521505226e-04       2.439723986153e+02 
       2.025709611400e-04       2.467897085574e+02 
       2.049166223189e-04       2.496409070894e+02 
       2.072894449741e-04       2.525264228178e+02 
       2.096897436208e-04       2.554466884746e+02 
       2.121178364158e-04       2.584021424224e+02 
       2.145740452003e-04       2.613932275476e+02 
       2.170586955420e-04       2.644203920260e+02 
       2.195721167788e-04       2.674840886688e+02 
       2.221146420618e-04       2.705847747109e+02 
       2.246866084000e-04       2.737229130541e+02 
       2.272883567047e-04       2.768989707523e+02 
       2.299202318350e-04       2.801134199061e+02 
       2.325825826430e-04       2.833667371766e+02 
       2.352757620203e-04       2.866594045344e+02 
       2.380001269451e-04       2.899919069328e+02 
       2.407560385289e-04       2.933647354341e+02 
       2.435438620649e-04       2.967783849063e+02 
       2.463639670759e-04       3.002333543385e+02 
       2.492167273640e-04       3.037301476531e+02 
       2.521025210593e-04       3.072692725313e+02 
       2.550217306707e-04       3.108512407393e+02 
       2.579747431363e-04       3.144765677545e+02 
       2.609619498746e-04       3.181457738600e+02 
       2.639837468368e-04       3.218593819151e+02 
       2.670405345586e-04       3.256179185702e+02 
       2.701327182141e-04       3.294219147656e+02 
       2.732607076687e-04       3.332719035727e+02 
       2.764249175342e-04       3.371684219660e+02 
       2.796257672231e-04       3.411120093411e+02 
       2.828636810046e-04       3.451032082428e+02 
       2.861390880605e-04       3.491425634776e+02 
       2.894524225427e-04       3.532306222556e+02 
       2.928041236300e-04       3.573679341729e+02 
       2.961946355866e-04       3.615550503163e+02 
       2.996244078214e-04       3.657925235482e+02 
       3.030938949470e-04       3.700809081783e+02 
       3.066035568399e-04       3.744207600345e+02 
       3.101538587023e-04       3.788126350591e+02 
       3.137452711227e-04       3.832570906788e+02 
       3.173782701389e-04       3.877546836700e+02 
       3.210533373011e-04       3.923059720341e+02 
       3.247709597353e-04       3.969115123636e+02 
       3.285316302085e-04       4.015718613520e+02 
       3.323358471935e-04       4.062875743650e+02 
       3.361841149350e-04       4.110592059236e+02 
       3.400769435167e-04       4.158873082047e+02 
       3.440148489290e-04       4.207724326880e+02 
       3.479983531369e-04       4.257151270928e+02 
       3.520279841496e-04       4.307159374693e+02 
       3.561042760903e-04       4.357754059801e+02 
       3.602277692670e-04       4.408940720505e+02 
       3.643990102444e-04       4.460724711307e+02 
       3.686185519159e-04       4.513111337646e+02 
       3.728869535771e-04       4.566105862239e+02 
       3.772047810002e-04       4.619713507447e+02 
       3.815726065084e-04       4.673939421803e+02 
       3.859910090523e-04       4.728788706279e+02 
       3.904605742863e-04       4.784266402280e+02 
       3.949818946466e-04       4.840377472284e+02 
       3.995555694291e-04       4.897126815450e+02 
       4.041822048696e-04       4.954519254709e+02 
       4.088624142236e-04       5.012559532792e+02 
       4.135968178477e-04       5.071252306795e+02 
       4.183860432820e-04       5.130602145138e+02 
       4.232307253331e-04       5.190613529702e+02 
       4.281315061585e-04       5.251290840645e+02 
       4.330890353513e-04       5.312638362560e+02 
       4.381039700266e-04       5.374660272981e+02 
       4.431769749086e-04       5.437360643156e+02 
       4.483087224186e-04       5.500743439877e+02 
       4.534998927642e-04       5.564812503931e+02 
       4.587511740293e-04       5.629571569224e+02 
       4.640632622657e-04       5.695024243746e+02 
       4.694368615848e-04       5.761174011176e+02 
       4.748726842514e-04       5.828024235575e+02 
       4.803714507780e-04       5.895578148671e+02 
       4.859338900200e-04       5.963838847692e+02 
       4.915607392728e-04       6.032809301624e+02 
       4.972527443692e-04       6.102492336783e+02 
       5.030106597782e-04       6.172890667798e+02 
       5.088352487054e-04       6.244006843105e+02 
       5.147272831936e-04       6.315843277609e+02 
       5.206875442256e-04       6.388402261072e+02 
       5.267168218277e-04       6.461685932525e+02 
       5.328159151740e-04       6.535696304368e+02 
       5.389856326927e-04       6.610435231303e+02 
       5.452267921732e-04       6.685904442501e+02 
       5.515402208744e-04       6.762105534469e+02 
       5.579267556345e-04       6.839039954868e+02 
       5.643872429818e-04       6.916709030169e+02 
       5.709225392468e-04       6.995113941811e+02 
       5.775335106759e-04       7.074255761391e+02 
       5.842210335463e-04       7.154135420587e+02 
       5.909859942820e-04       7.234753733242e+02 
       5.978292895710e-04       7.316111395924e+02 
       6.047518264848e-04       7.398208996808e+02 
       6.117545225982e-04       7.481047010517e+02 
       6.188383061109e-04       7.564625803667e+02 
       6.260041159708e-04       7.648945655204e+02 
       6.332529019982e-04       7.734006743708e+02 
       6.405856250118e-04       7.819809172177e+02 
       6.480032569562e-04       7.906352961983e+02 
       6.555067810304e-04       7.993638055752e+02 
       6.630971918184e-04       8.081664348379e+02 
       6.707754954209e-04       8.170431657368e+02 
       6.785427095888e-04       8.259939776128e+02 
       6.863998638578e-04       8.350188464920e+02 
       6.943479996854e-04       8.441177426863e+02 
       7.023881705882e-04       8.532906358771e+02 
       7.105214422822e-04       8.625374964001e+02 
       7.187488928238e-04       8.718582939681e+02 
       7.270716127526e-04       8.812529975218e+02 
       7.354907052361e-04       8.907215808789e+02 
       7.440072862160e-04       9.002640197977e+02 
       7.526224845558e-04       9.098802931328e+02 
       7.613374421907e-04       9.195703890673e+02 
       7.701533142788e-04       9.293343006881e+02 
       7.790712693546e-04       9.391720264502e+02 
       7.880924894833e-04       9.490835766891e+02 
       7.972181704179e-04       9.590689708246e+02 
       8.064495217574e-04       9.691282399260e+02 
       8.157877671075e-04       9.792614278962e+02 
       8.252341442425e-04       9.894685890849e+02 
       8.347899052695e-04       9.997497996118e+02 
       8.444563167942e-04       1.010105143972e+03 
       8.542346600890e-04       1.020534730441e+03 
       8.641262312627e-04       1.031038678399e+03 
       8.741323414324e-04       1.041617133491e+03 
       8.842543168971e-04       1.052270255512e+03 
       8.944934993137e-04       1.062998230792e+03 
       9.048512458748e-04       1.073801265282e+03 
       9.153289294884e-04       1.084679590122e+03 
       9.259279389602e-04       1.095633457499e+03 
       9.366496791773e-04       1.106663149815e+03 
       9.474955712949e-04       1.117768969819e+03 
       9.584670529242e-04       1.128951253504e+03 
       9.695655783231e-04       1.140210358696e+03 
       9.807926185893e-04       1.151546676411e+03 
       9.921496618547e-04       1.162960622954e+03 
       1.003638213483e-03       1.174452647694e+03 
       1.015259796270e-03       1.186023227207e+03 
       1.027015950642e-03       1.197672868284e+03 
       1.038908234867e-03       1.209402115785e+03 
       1.050938225253e-03       1.221211537599e+03 
       1.063107516362e-03       1.233101738564e+03 
       1.075417721221e-03       1.245073349854e+03 
       1.087870471535e-03       1.257127044992e+03 
       1.100467417900e-03       1.269263518468e+03 
       1.113210230030e-03       1.281483503959e+03 
       1.126100596971e-03       1.293787766606e+03 
       1.139140227325e-03       1.306177102033e+03 
       1.152330849483e-03       1.318652338287e+03 
       1.165674211847e-03       1.331214335526e+03 
       1.179172083065e-03       1.343863980378e+03 
       1.192826252266e-03       1.356602201998e+03 
       1.206638529294e-03       1.369429950924e+03 
       1.220610744952e-03       1.382348203453e+03 
       1.234744751242e-03       1.395357982271e+03 
       1.249042421612e-03       1.408460314030e+03 
       1.263505651202e-03       1.421656276879e+03 
       1.278136357097e-03       1.434946958006e+03 
       1.292936478582e-03       1.448333484635e+03 
       1.307907977396e-03       1.461816998691e+03 
       1.323052837997e-03       1.475398673334e+03 
       1.338373067818e-03       1.489079700048e+03 
       1.353870697539e-03       1.502861289120e+03 
       1.369547781355e-03       1.516744684581e+03 
       1.385406397246e-03       1.530731137606e+03 
       1.401448647255e-03       1.544821924633e+03 
       1.417676657763e-03       1.559018335983e+03 
       1.434092579777e-03       1.573321680021e+03 
       1.450698589209e-03       1.587733277902e+03 
       1.467496887168e-03       1.602254466218e+03 
       1.484489700249e-03       1.616886589850e+03 
       1.501679280832e-03       1.631631002109e+03 
       1.519067907378e-03       1.646489074573e+03 
       1.536657884729e-03       1.661461562290e+03 
       1.554451544418e-03       1.676549525079e+03 
       1.572451244976e-03       1.691755254105e+03 
       1.590659372243e-03       1.707080161446e+03 
       1.609078339687e-03       1.722525605916e+03 
       1.627710588722e-03       1.738092999570e+03 
       1.646558589033e-03       1.753783717948e+03 
       1.665624838901e-03       1.769599151846e+03 
       1.684911865537e-03       1.785540685436e+03 
       1.704422225416e-03       1.801609691643e+03 
       1.724158504615e-03       1.817807540798e+03 
       1.744123319156e-03       1.834135594387e+03 
       1.764319315353e-03       1.850595206074e+03 
       1.784749170165e-03       1.867187709968e+03 
       1.805415591547e-03       1.883914450269e+03 
       1.826321318809e-03       1.900776738921e+03 
       1.847469122984e-03       1.917775864247e+03 
       1.868861807190e-03       1.934913119372e+03 
       1.890502207005e-03       1.952189789011e+03 
       1.912393190839e-03       1.969607106774e+03 
       1.934537660319e-03       1.987166310409e+03 
       1.956938550671e-03       2.004868619765e+03 
       1.979598831108e-03       2.022715215995e+03 
       2.002521505226e-03       2.040707265263e+03 
       2.025709611400e-03       2.058845910351e+03 
       2.049166223189e-03       2.077132272666e+03 
       2.072894449741e-03       2.095567442022e+03 
       2.096897436208e-03       2.114152493958e+03 
       2.121178364158e-03       2.132888455287e+03 
       2.145740452003e-03       2.151776343423e+03 
       2.170586955420e-03       2.170817136765e+03 
       2.195721167788e-03       2.190011778916e+03 
       2.221146420618e-03       2.209361189558e+03 
       2.246866084000e-03       2.228866238982e+03 
       2.272883567047e-03       2.248527790631e+03 
       2.299202318350e-03       2.268346708425e+03 
       2.325825826430e-03       2.288323713818e+03 
       2.352757620203e-03       2.308459579453e+03 
       2.380001269451e-03       2.328754991469e+03 
       2.407560385289e-03       2.349210631184e+03 
       2.435438620649e-03       2.369827153266e+03 
       2.463639670759e-03       2.390605139164e+03 
       2.492167273640e-03       2.411545171304e+03 
       2.521025210593e-03       2.432647716186e+03 
       2.550217306707e-03       2.453913158357e+03 
       2.579747431363e-03       2.475342107543e+03 
       2.609619498746e-03       2.496934852525e+03 
       2.639837468368e-03       2.518691775050e+03 
       2.670405345586e-03       2.540613171981e+03 
       2.701327182141e-03       2.562699274372e+03 
       2.732607076688e-03       2.584950315010e+03 
       2.764249175342e-03       2.607366424695e+03 
       2.796257672231e-03       2.629947677437e+03 
       2.828636810046e-03       2.652694306203e+03 
       2.861390880605e-03       2.675606203488e+03 
       2.894524225427e-03       2.698683289427e+03 
       2.928041236300e-03       2.721925621164e+03 
       2.961946355866e-03       2.745332990393e+03 
       2.996244078214e-03       2.768905219852e+03 
       3.030938949470e-03       2.792641968215e+03 
       3.066035568400e-03       2.816543211469e+03 
       3.101538587023e-03       2.840608450245e+03 
       3.137452711227e-03       2.864837286151e+03 
       3.173782701389e-03       2.889229283708e+03 
       3.210533373011e-03       2.913783893724e+03 
       3.247709597353e-03       2.938500575084e+03 
       3.285316302085e-03       2.963378698908e+03 
       3.323358471935e-03       2.988417608174e+03 
       3.361841149350e-03       3.013616742024e+03 
       3.400769435167e-03       3.038974691044e+03 
       3.440148489290e-03       3.064491165914e+03 
       3.479983531369e-03       3.090165027203e+03 
       3.520279841496e-03       3.115995125378e+03 
       3.561042760903e-03       3.141980752550e+03 
       3.602277692670e-03       3.168120633550e+03 
       3.643990102444e-03       3.194413493230e+03 
       3.686185519159e-03       3.220858145696e+03 
       3.728869535771e-03       3.247453053905e+03 
       3.772047810002e-03       3.274197046061e+03 
       3.815726065084e-03       3.301088649986e+03 
       3.859910090523e-03       3.328126195632e+03 
       3.904605742863e-03       3.355308495137e+03 
       3.949818946466e-03       3.382633076955e+03 
       3.995555694291e-03       3.410098785519e+03 
       4.041822048696e-03       3.437703440563e+03 
       4.088624142236e-03       3.465445484879e+03 
       4.135968178477e-03       3.493322781118e+03 
       4.183860432820e-03       3.521333290556e+03 
       4.232307253331e-03       3.549474803207e+03 
       4.281315061585e-03       3.577744805540e+03 
       4.330890353513e-03       3.606141969812e+03 
       4.381039700266e-03       3.634662974366e+03 
       4.431769749086e-03       3.663306127894e+03 
       4.483087224186e-03       3.692067507738e+03 
       4.534998927642e-03       3.720945841923e+03 
       4.587511740293e-03       3.749938059843e+03 
       4.640632622657e-03       3.779040834148e+03 
       4.694368615848e-03       3.808252147031e+03 
       4.748726842514e-03       3.837568491576e+03 
       4.803714507780e-03       3.866986993069e+03 
       4.859338900200e-03       3.896504122422e+03 
       4.915607392728e-03       3.926116858831e+03 
       4.972527443692e-03       3.955822114616e+03 
       5.030106597782e-03       3.985616108613e+03 
       5.088352487054e-03       4.015495549252e+03 
       5.147272831936e-03       4.045456027145e+03 
       5.206875442256e-03       4.075494944454e+03 
       5.267168218277e-03       4.105607381074e+03 
       5.328159151740e-03       4.135790023056e+03 
       5.389856326927e-03       4.166038866400e+03 
       5.452267921732e-03       4.196349419318e+03 
       5.515402208744e-03       4.226717222293e+03 
       5.579267556345e-03       4.257138514909e+03 
       5.643872429818e-03       4.287608751200e+03 
       5.709225392468e-03       4.318121806145e+03 
       5.775335106759e-03       4.348677212287e+03 
       5.842210335463e-03       4.379265870032e+03 
       5.909859942820e-03       4.409885322302e+03 
       5.978292895710e-03       4.440527293579e+03 
       6.047518264848e-03       4.471190391572e+03 
       6.117545225982e-03       4.501867921321e+03 
       6.188383061109e-03       4.532554544778e+03 
       6.260041159708e-03       4.563246042783e+03 
       6.332529019982e-03       4.593934539450e+03 
       6.405856250118e-03       4.624615454800e+03 
       6.480032569562e-03       4.655282972331e+03 
       6.555067810304e-03       4.685938936854e+03 
       6.630971918184e-03       4.716561521747e+03 
       6.707754954209e-03       4.747151962927e+03 
       6.785427095888e-03       4.777702331674e+03 
       6.863998638578e-03       4.808206227381e+03 
       6.943479996854e-03       4.838660159807e+03 
       7.023881705882e-03       4.869047490250e+03 
       7.105214422822e-03       4.899374092849e+03 
       7.187488928238e-03       4.929634694780e+03 
       7.270716127526e-03       4.959819293781e+03 
       7.354907052361e-03       4.989924141709e+03 
       7.440072862160e-03       5.019937702540e+03 
       7.526224845558e-03       5.049851559521e+03 
       7.613374421907e-03       5.079657868268e+03 
       7.701533142789e-03       5.109347693906e+03 
       7.790712693547e-03       5.138913165286e+03 
       7.880924894834e-03       5.168361760838e+03 
       7.972181704179e-03       5.197654456504e+03 
       8.064495217574e-03       5.226798282223e+03 
       8.157877671075e-03       5.255787279969e+03 
       8.252341442425e-03       5.284612031051e+03 
       8.347899052695e-03       5.313261247635e+03 
       8.444563167942e-03       5.341731863488e+03 
       8.542346600890e-03       5.370011477695e+03 
       8.641262312627e-03       5.398092160475e+03 
       8.741323414324e-03       5.425964122150e+03 
       8.842543168971e-03       5.453617058389e+03 
       8.944934993137e-03       5.481042422672e+03 
       9.048512458748e-03       5.508231048380e+03 
       9.153289294884e-03       5.535173921621e+03 
       9.259279389602e-03       5.561861468785e+03 
       9.366496791773e-03       5.588281627723e+03 
       9.474955712949e-03       5.614426205353e+03 
       9.584670529242e-03       5.640284681451e+03 
       9.695655783232e-03       5.665845123384e+03 
       9.807926185893e-03       5.691099191159e+03 
       9.921496618547e-03       5.716035724226e+03 
       1.003638213483e-02       5.740643910368e+03 
       1.015259796270e-02       5.764913728632e+03 
       1.027015950642e-02       5.788832540927e+03 
       1.038908234867e-02       5.812391472273e+03 
       1.050938225253e-02       5.835577863124e+03 
       1.063107516362e-02       5.858380668715e+03 
       1.075417721221e-02       5.880790129841e+03 
       1.087870471535e-02       5.902793651082e+03 
       1.100467417900e-02       5.924377683505e+03 
       1.113210230030e-02       5.945534207127e+03 
       1.126100596971e-02       5.966250045846e+03 
       1.139140227325e-02       5.986513104030e+03 
       1.152330849483e-02       6.006312900485e+03 
       1.165674211847e-02       6.025634811414e+03 
       1.179172083065e-02       6.044467244437e+03 
       1.192826252266e-02       6.062800438084e+03 
       1.206638529294e-02       6.080620395582e+03 
       1.220610744952e-02       6.097912362835e+03 
       1.234744751242e-02       6.114672152191e+03 
       1.249042421612e-02       6.130879512938e+03 
       1.263505651202e-02       6.146526059828e+03 
       1.278136357097e-02       6.161597169176e+03 
       1.292936478582e-02       6.176084412030e+03 
       1.307907977396e-02       6.189970171381e+03 
       1.323052837997e-02       6.203247084338e+03 
       1.338373067818e-02       6.215900692925e+03 
       1.353870697540e-02       6.227914022162e+03 
       1.369547781356e-02       6.239279849272e+03 
       1.385406397247e-02       6.249987693596e+03 
       1.401448647255e-02       6.260018961560e+03 
       1.417676657764e-02       6.269363365463e+03 
       1.434092579779e-02       6.278014984722e+03 
       1.450698589211e-02       6.285953357033e+03 
       1.467496887171e-02       6.293174382106e+03 
       1.484489700255e-02       6.299659094090e+03 
       1.501679280842e-02       6.305398343706e+03 
       1.519067907392e-02       6.310381639834e+03 
       1.536657884751e-02       6.314595009624e+03 
       1.554451544451e-02       6.318028936715e+03 
       1.572451245026e-02       6.320676611372e+03 
       1.590659372318e-02       6.322517934158e+03 
       1.609078339800e-02       6.323547928454e+03 
       1.627710588890e-02       6.323758455003e+03 
       1.646558589281e-02       6.323129763041e+03 
       1.665624839266e-02       6.321667120674e+03 
       1.684911866072e-02       6.319348752169e+03 
       1.704422226196e-02       6.316171628996e+03 
       1.724158505748e-02       6.312126183035e+03 
       1.744123320792e-02       6.307197599179e+03 
       1.764319317705e-02       6.301386312168e+03 
       1.784749173529e-02       6.294673126853e+03 
       1.805415596335e-02       6.287067623803e+03 
       1.826321325594e-02       6.278548904391e+03 
       1.847469132552e-02       6.269124058949e+03 
       1.868861820621e-02       6.258768198527e+03 
       1.890502225772e-02       6.247489413878e+03 
       1.912393216943e-02       6.235280235703e+03 
       1.934537696467e-02       6.222145212494e+03 
       1.956938600504e-02       6.208061559225e+03 
       1.979598899507e-02       6.193044930992e+03 
       2.002521598700e-02       6.177077465177e+03 
       2.025709738593e-02       6.160172797013e+03 
       2.049166395528e-02       6.142315578468e+03 
       2.072894682268e-02       6.123529794638e+03 
       2.096897748635e-02       6.103777145857e+03 
       2.121178782213e-02       6.083092408092e+03 
       2.145741009116e-02       6.061475443891e+03 
       2.170587694854e-02       6.038908291890e+03 
       2.195722145291e-02       6.015426620521e+03 
       2.221147707741e-02       5.991010850311e+03 
       2.246867772200e-02       5.965675268225e+03 
       2.272885772754e-02       5.939419742360e+03 
       2.299205189197e-02       5.912248865108e+03 
       2.325829548885e-02       5.884207908683e+03 
       2.352762428866e-02       5.855224216424e+03 
       2.380007458341e-02       5.825432109068e+03 
       2.407568321496e-02       5.794752399326e+03 
       2.435448760767e-02       5.763217759120e+03 
       2.463652580603e-02       5.730835531924e+03 
       2.492183651784e-02       5.697665332806e+03 
       2.521045916394e-02       5.663661480644e+03 
       2.550243393507e-02       5.628883579471e+03 
       2.579780185693e-02       5.593318215552e+03 
       2.609660486434e-02       5.557015549780e+03 
       2.639888588566e-02       5.519987823284e+03 
       2.670468893837e-02       5.482288102922e+03 
       2.701405923726e-02       5.443861892734e+03 
       2.732704331629e-02       5.404758385785e+03 
       2.764368916549e-02       5.365018285675e+03 
       2.796404638424e-02       5.324631887893e+03 
       2.828816635243e-02       5.283795261537e+03 
       2.861610242078e-02       5.242263843235e+03 
       2.894791012194e-02       5.200325591799e+03 
       2.928364740387e-02       5.157767353545e+03 
       2.962337488693e-02       5.114822316817e+03 
       2.996715614636e-02       5.071395298224e+03 
       3.031505802165e-02       5.027588149249e+03 
       3.066715095432e-02       4.983425616007e+03 
       3.102350935584e-02       4.938919241388e+03 
       3.138421200714e-02       4.894100816802e+03 
       3.174934249139e-02       4.848960212565e+03 
       3.211898966179e-02       4.803608467247e+03 
       3.249324814580e-02       4.758058196718e+03 
       3.287221888793e-02       4.712298873594e+03 
       3.325600973259e-02       4.666434734565e+03 
       3.364473604911e-02       4.620452626671e+03 
       3.403852140105e-02       4.574396363046e+03 
       3.443749826193e-02       4.528273202567e+03 
       3.484180878000e-02       4.482139504342e+03 
       3.525160559470e-02       4.436078593566e+03 
       3.566705270796e-02       4.390066735760e+03 
       3.608832641375e-02       4.344072272857e+03 
       3.651561628969e-02       4.298288053594e+03 
       3.694912625527e-02       4.252648555883e+03 
       3.738907570142e-02       4.207189468365e+03 
       3.783570069709e-02       4.161908064274e+03 
       3.828925527915e-02       4.116867733900e+03 
       3.875001283258e-02       4.072145247530e+03 
       3.921826756901e-02       4.027651848607e+03 
       3.969433611233e-02       3.983526053157e+03 
       4.017855920137e-02       3.939736485922e+03 
       4.067130352071e-02       3.896329202334e+03 
       4.117296367167e-02       3.853313136636e+03 
       4.168396429723e-02       3.810697179933e+03 
       4.220476237554e-02       3.768522267690e+03 
       4.273584969842e-02       3.726812108002e+03 
       4.327775555282e-02       3.685566049667e+03 
       4.383104962435e-02       3.644806904772e+03 
       4.439634514429e-02       3.604551361255e+03 
       4.497430230229e-02       3.564801427561e+03 
       4.556563194941e-02       3.525567866321e+03 
       4.617109961693e-02       3.486859807548e+03 
       4.679152987816e-02       3.448673519248e+03 
       4.742781108140e-02       3.411007593694e+03 
       4.808090048307e-02       3.373869159562e+03 
       4.875182981000e-02       3.337220483996e+03 
       4.944171127949e-02       3.301061806514e+03 
       5.015174410419e-02       3.265353423701e+03 
       5.088322150577e-02       3.230072768181e+03 
       5.163753825666e-02       3.195163492493e+03 
       5.241619876216e-02       3.160571613897e+03 
       5.322082568520e-02       3.126108563659e+03 
       5.405316910211e-02       3.092035425550e+03 
       5.491511615957e-02       3.057879082028e+03 
       5.580870117865e-02       3.023648507131e+03 
       5.673611612084e-02       2.989178416625e+03 
       5.769972129184e-02       2.954277882534e+03 
       5.870205611018e-02       2.918745418577e+03 
       5.974584970840e-02       2.882324408944e+03 
       6.083403106387e-02       2.844728515464e+03 
       6.196973827366e-02       2.805649350100e+03 
       6.315632649443e-02       2.764722052320e+03 
       6.439737396581e-02       2.721555426934e+03 
       6.569668542983e-02       2.675715178798e+03 
       6.705829215518e-02       2.626792050816e+03 
       6.848644768774e-02       2.574340620376e+03 
       6.998561839022e-02       2.517937443168e+03 
       7.156046782775e-02       2.457238932036e+03 
       7.321583412496e-02       2.391971896325e+03 
       7.495669959224e-02       2.322008116373e+03 
       7.678815221901e-02       2.247397701970e+03 
       7.871533908061e-02       2.168434886076e+03 
       8.074341230641e-02       2.085690357145e+03 
       8.287746899340e-02       2.000019352823e+03 
       8.512248727310e-02       1.912689837747e+03 
       8.748326156723e-02       1.825106400050e+03 
       8.996434078522e-02       1.738961545376e+03 
       9.256997368948e-02       1.656079254800e+03 
       9.530406575438e-02       1.578116078105e+03 
       9.817015147702e-02       1.506540532024e+03 
       1.011713852333e-01       1.442349664192e+03 
       1.043105524718e-01       1.385898483801e+03 
       1.075901014461e-01       1.336776974330e+03 
       1.110121940162e-01       1.293731099667e+03 
       1.145787725409e-01       1.254731268249e+03 
       1.182916387367e-01       1.217207111927e+03 
       1.221525397361e-01       1.178327258394e+03 
       1.261632564743e-01       1.135585680241e+03 
       1.303256899027e-01       1.087371321713e+03 
       1.346419412603e-01       1.033431946553e+03 
       1.391143835461e-01       9.750814143219e+02 
       1.437457222829e-01       9.149854727113e+02 
       1.485390445156e-01       8.565293225472e+02 
       1.534978556463e-01       8.030019839468e+02 
       1.586261041575e-01       7.567553004403e+02 
       1.639281944884e-01       7.186256809411e+02 
       1.694089883449e-01       6.877095892191e+02 
       1.750737945748e-01       6.615472316407e+02 
       1.809283474673e-01       6.368731573349e+02 
       1.869787729839e-01       6.107799448799e+02 
       1.932315420376e-01       5.812776848068e+02 
       1.996934095394e-01       5.484400878348e+02 
       2.063713375786e-01       5.143834128436e+02 
       2.132724008152e-01       4.821341357017e+02 
       2.204036720146e-01       4.539377079324e+02 
       2.277720856767e-01       4.304432822097e+02 
       2.353842779987e-01       4.107673220189e+02 
       2.432464020202e-01       3.929338001227e+02 
       2.513639178306e-01       3.747080629476e+02 
       2.597413592297e-01       3.550747322656e+02 
       2.683820802893e-01       3.347267390710e+02 
       2.772879878421e-01       3.152538742213e+02 
       2.864592689556e-01       2.980753369058e+02 
       2.958941257114e-01       2.834172085708e+02 
       3.055885327739e-01       2.702123451445e+02 
       3.155360358072e-01       2.572865493998e+02 
       3.257276101910e-01       2.441974241543e+02 
       3.361515990976e-01       2.313568432681e+02 
       3.467937473074e-01       2.195741008019e+02 
       3.576373419436e-01       2.090899937048e+02 
       3.686634637814e-01       1.995984256789e+02 
       3.798513436296e-01       1.905619404210e+02 
       3.911788086323e-01       1.818121553765e+02 
       4.026227946331e-01       1.735447893898e+02 
       4.141598943686e-01       1.659415797899e+02 
       4.257669082786e-01       1.590095846625e+02 
       4.374213655578e-01       1.525798598687e+02 
       4.491019874729e-01       1.465451244749e+02 
       4.607890720246e-01       1.408476417544e+02 
       4.724647874993e-01       1.355298007313e+02 
       4.841133709928e-01       1.306059375208e+02 
       4.957212355028e-01       1.260559407501e+02 
       5.072769949362e-01       1.218037871252e+02 
       5.187714200835e-01       1.178016618389e+02 
       5.301973403309e-01       1.140456965848e+02 
       5.415495059535e-01       1.105316614168e+02 
       5.528244247013e-01       1.072519907673e+02 
       5.640201845122e-01       1.041688562423e+02 
       5.751362719725e-01       1.012690793298e+02 
       5.861733938951e-01       9.852935066975e+01 
       5.971333073044e-01       9.594328314747e+01 
       6.080186613205e-01       9.350007119877e+01 
       6.188328529751e-01       9.118868379011e+01 
       6.295798978492e-01       8.900065573376e+01 
       6.402643155899e-01       8.691923657850e+01 
       6.508910297783e-01       8.494078867140e+01 
       6.614652812401e-01       8.305406905183e+01 
       6.719925536714e-01       8.125526857579e+01 
       6.824785103488e-01       7.953794861966e+01 
       6.929289406726e-01       7.789386981690e+01 
       7.033497153311e-01       7.632056465652e+01 
       7.137467489456e-01       7.480924968965e+01 
       7.241259691495e-01       7.335833054415e+01 
       7.344932911594e-01       7.196278858029e+01 
       7.448545970001e-01       7.061835424761e+01 
       7.552157186474e-01       6.932348053502e+01 
       7.655824244503e-01       6.807218554110e+01 
       7.759604082810e-01       6.686403574348e+01 
       7.863552809414e-01       6.569486309232e+01 
       7.967725634262e-01       6.456251386581e+01 
       8.072176817061e-01       6.346575200588e+01 
       8.176959627472e-01       6.240070854037e+01 
       8.282126315350e-01       6.136748354356e+01 
       8.387728089072e-01       6.036272307071e+01 
       8.493815100405e-01       5.938558024235e+01 
       8.600436434626e-01       5.843471189446e+01 
       8.707640104905e-01       5.750782232715e+01 
       8.815473050150e-01       5.660509718017e+01 
       8.923981135711e-01       5.572379914500e+01 
       9.033209156514e-01       5.486415951869e+01 
       9.143200842284e-01       5.402425809255e+01 
       9.253998864660e-01       5.320353442654e+01 
       9.365644846070e-01       5.240128728676e+01 
       9.478179370303e-01       5.161605816633e+01 
       9.591641994760e-01       5.084805536187e+01 
       9.706071264417e-01       5.009545737081e+01 
       9.821504727542e-01       4.935872334866e+01 
       9.937978953217e-01       4.863620545986e+01 
       1.005552955074e+00       4.792821415917e+01 
       1.017419119093e+00       4.723353618312e+01 
       1.029399762945e+00       4.655214141933e+01 
       1.041498173206e+00       4.588326726233e+01 
       1.053717550189e+00       4.522664604668e+01 
       1.066061010865e+00       4.458181618117e+01 
       1.078531591983e+00       4.394835255716e+01 
       1.091132253362e+00       4.332600562248e+01 
       1.103865881359e+00       4.271430191875e+01 
       1.116735292498e+00       4.211305690618e+01 
       1.129743237235e+00       4.152187243317e+01 
       1.142892403849e+00       4.094052307189e+01 
       1.156185422431e+00       4.036874833968e+01 
       1.169624868956e+00       3.980619539554e+01 
       1.183213269410e+00       3.925279329948e+01 
       1.196953103950e+00       3.870805524648e+01 
       1.210846811071e+00       3.817208840781e+01 
       1.224896791756e+00       3.764428696318e+01 
       1.239105413590e+00       3.712487050731e+01 
       1.253475014812e+00       3.661323526971e+01 
       1.268007908284e+00       3.610953096570e+01 
       1.282706385356e+00       3.561337024922e+01 
       1.297572719621e+00       3.512463257795e+01 
       1.312609170528e+00       3.464327414104e+01 
       1.327817986858e+00       3.416888970920e+01 
       1.343201410032e+00       3.370162023588e+01 
       1.358761677270e+00       3.324109729434e+01 
       1.374501024569e+00       3.278725514137e+01 
       1.390421689514e+00       3.234005050905e+01 
       1.406525913912e+00       3.189915269805e+01 
       1.422815946257e+00       3.146460836329e+01 
       1.439294044023e+00       3.103624508757e+01 
       1.455962475788e+00       3.061383663036e+01 
       1.472823523204e+00       3.019741106293e+01 
       1.489879482807e+00       2.978679368462e+01 
       1.507132667683e+00       2.938180044465e+01 
       1.524585409002e+00       2.898243456851e+01 
       1.542240057416e+00       2.858855954635e+01 
       1.560098984338e+00       2.820000336837e+01 
       1.578164583123e+00       2.781674146297e+01 
       1.596439270128e+00       2.743869435766e+01 
       1.614925485702e+00       2.706569987796e+01 
       1.633625695080e+00       2.669767392228e+01 
       1.652542389208e+00       2.633453932582e+01 
       1.671678085504e+00       2.597627731984e+01 
       1.691035328560e+00       2.562271685511e+01 
       1.710616690791e+00       2.527378322332e+01 
       1.730424773046e+00       2.492942718425e+01 
       1.750462205178e+00       2.458956778298e+01 
       1.770731646579e+00       2.425410434071e+01 
       1.791235786697e+00       2.392295300162e+01 
       1.811977345518e+00       2.359605523949e+01 
       1.832959074041e+00       2.327335286013e+01 
       1.854183754728e+00       2.295477422202e+01 
       1.875654201951e+00       2.264024659618e+01 
       1.897373262424e+00       2.232972301263e+01 
       1.919343815626e+00       2.202299143632e+01 
       1.941568774227e+00       2.172020254655e+01 
       1.964051084501e+00       2.142129106556e+01 
       1.986793726746e+00       2.112602635270e+01 
       2.009799715696e+00       2.083443660480e+01 
       2.033072100937e+00       2.054646281692e+01 
       2.056613967325e+00       2.026205046914e+01 
       2.080428435404e+00       1.998114477967e+01 
       2.104518661826e+00       1.970369231822e+01 
       2.128887839776e+00       1.942964158941e+01 
       2.153539199403e+00       1.915894249572e+01 
       2.178476008244e+00       1.889154525801e+01 
       2.203701571668e+00       1.862740245914e+01 
       2.229219233311e+00       1.836646719078e+01 
       2.255032375522e+00       1.810869326992e+01 
       2.281144419813e+00       1.785403686892e+01 
       2.307558827313e+00       1.760245481722e+01 
       2.334279099226e+00       1.735390358114e+01 
       2.361308777300e+00       1.710834207748e+01 
       2.388651444290e+00       1.686573160165e+01 
       2.416310724438e+00       1.662603184039e+01 
       2.444290283954e+00       1.638920384355e+01 
       2.472593831498e+00       1.615521137390e+01 
       2.501225118675e+00       1.592401679101e+01 
       2.530187940532e+00       1.569558324279e+01 
       2.559486136059e+00       1.546987511419e+01 
       2.589123588701e+00       1.524685745332e+01 
       2.619104226870e+00       1.502649782982e+01 
       2.649432024467e+00       1.480876581448e+01 
       2.680111001409e+00       1.459362911614e+01 
       2.711145224162e+00       1.438105292856e+01 
       2.742538806277e+00       1.417100601190e+01 
       2.774295908940e+00       1.396346133772e+01 
       2.806420741521e+00       1.375839136021e+01 
       2.838917562132e+00       1.355576399900e+01 
       2.871790678190e+00       1.335554981288e+01 
       2.905044446992e+00       1.315770483875e+01 
       2.938683276289e+00       1.296224319547e+01 
       2.972711624871e+00       1.276911285192e+01 
       3.007134003159e+00       1.257829289146e+01 
       3.041954973802e+00       1.238975664114e+01 
       3.077179152282e+00       1.220347656636e+01 
       3.112811207525e+00       1.201944806417e+01 
       3.148855862522e+00       1.183761182912e+01 
       3.185317894954e+00       1.165794906510e+01 
       3.222202137821e+00       1.148046457657e+01 
       3.259513480092e+00       1.130513230952e+01 
       3.297256867345e+00       1.113190791991e+01 
       3.335437302423e+00       1.096077873799e+01 
       3.374059846103e+00       1.079172606545e+01 
       3.413129617762e+00       1.062472739062e+01 
       3.452651796054e+00       1.045976331287e+01 
       3.492631619601e+00       1.029681270133e+01 
       3.533074387687e+00       1.013585550986e+01 
       3.573985460956e+00       9.976873077061e+00 
       3.615370262127e+00       9.819844402999e+00 
       3.657234276710e+00       9.664752045603e+00 
       3.699583053735e+00       9.511576677200e+00 
       3.742422206486e+00       9.360299253588e+00 
       3.785757413247e+00       9.210902310756e+00 
       3.829594418053e+00       9.063368028908e+00 
       3.873939031451e+00       8.917678085239e+00 
       3.918797131271e+00       8.773815302573e+00 
       3.964174663407e+00       8.631761332165e+00 
       4.010077642600e+00       8.491502082113e+00 
       4.056512153241e+00       8.353019022638e+00 
       4.103484350174e+00       8.216295689314e+00 
       4.151000459513e+00       8.081315858297e+00 
       4.199066779467e+00       7.948064380666e+00 
       4.247689681174e+00       7.816522140372e+00 
       4.296875609547e+00       7.686678196186e+00 
       4.346631084129e+00       7.558513177657e+00 
       4.396962699952e+00       7.432012942473e+00 
       4.447877128418e+00       7.307162388453e+00 
       4.499381118181e+00       7.183945715760e+00 
       4.551481496036e+00       7.062349270330e+00 
       4.604185167835e+00       6.942357804185e+00 
       4.657499119390e+00       6.823956564253e+00 
       4.711430417408e+00       6.707131284013e+00 
       4.765986210425e+00       6.591867833846e+00 
       4.821173729752e+00       6.478150934654e+00 
       4.877000290435e+00       6.365967693832e+00 
       4.933473292223e+00       6.255303664442e+00 
       4.990600220553e+00       6.146145560438e+00 
       5.048388647536e+00       6.038479091696e+00 
       5.106846232967e+00       5.932290865417e+00 
       5.165980725334e+00       5.827567399134e+00 
       5.225799962850e+00       5.724295354437e+00 
       5.286311874491e+00       5.622461387234e+00 
       5.347524481046e+00       5.522052409906e+00 
       5.409445896178e+00       5.423055136353e+00 
       5.472084327504e+00       5.325457072453e+00 
       5.535448077680e+00       5.229244461345e+00 
       5.599545545504e+00       5.134405197151e+00 
       5.664385227024e+00       5.040926357479e+00 
       5.729975716671e+00       4.948795227902e+00 
       5.796325708393e+00       4.857999044649e+00 
       5.863443996809e+00       4.768525417466e+00 
       5.931339478375e+00       4.680361800227e+00 
       6.000021152565e+00       4.593495949827e+00 
       6.069498123059e+00       4.507915471700e+00 
       6.139779598956e+00       4.423608058036e+00 
       6.210874895988e+00       4.340561482234e+00 
       6.282793437760e+00       4.258763548792e+00 
       6.355544756997e+00       4.178202273437e+00 
       6.429138496807e+00       4.098865419978e+00 
       6.503584411962e+00       4.020741015817e+00 
       6.578892370185e+00       3.943817124239e+00 
       6.655072353467e+00       3.868081757661e+00 
       6.732134459380e+00       3.793523087948e+00 
       6.810088902424e+00       3.720129166020e+00 
       6.888946015375e+00       3.647888195471e+00 
       6.968716250659e+00       3.576788384009e+00 
       7.049410181734e+00       3.506817967966e+00 
       7.131038504493e+00       3.437965208865e+00 
       7.213612038681e+00       3.370218400784e+00 
       7.297141729331e+00       3.303565864224e+00 
       7.381638648214e+00       3.237995944311e+00 
       7.467113995304e+00       3.173497010192e+00 
       7.553579100266e+00       3.110057455576e+00 
       7.641045423956e+00       3.047665692049e+00 
       7.729524559941e+00       2.986310158883e+00 
       7.819028236034e+00       2.925979311918e+00 
       7.909568315850e+00       2.866661629979e+00 
       8.001156800378e+00       2.808345610762e+00 
       8.093805829575e+00       2.751019773717e+00 
       8.187527683967e+00       2.694672657399e+00 
       8.282334786285e+00       2.639292822088e+00 
       8.378239703108e+00       2.584868847888e+00 
       8.475255146529e+00       2.531389337417e+00 
       8.573393975839e+00       2.478842916682e+00 
       8.672669199234e+00       2.427218231841e+00 
       8.773093975538e+00       2.376503954823e+00 
       8.874681615945e+00       2.326688782853e+00 
       8.977445585788e+00       2.277761439381e+00 
       9.081399506320e+00       2.229710675670e+00 
       9.186557156519e+00       2.182525272201e+00 
       9.292932474919e+00       2.136194040463e+00 
       9.400539561452e+00       2.090705824589e+00 
       9.509392679323e+00       2.046049503081e+00 
       9.619506256892e+00       2.002213990685e+00 
       9.730894889597e+00       1.959188240494e+00 
       9.843573341879e+00       1.916961245840e+00 
       9.957556549145e+00       1.875522042409e+00 
       1.007285961975e+01       1.834859710394e+00 
       1.018949783698e+01       1.794963376603e+00 
       1.030748666111e+01       1.755822216735e+00 
       1.042684173144e+01       1.717425457511e+00 
       1.054757886835e+01       1.679762378941e+00 
       1.066971407540e+01       1.642822316559e+00 
       1.079326354151e+01       1.606594663626e+00 
       1.091824364300e+01       1.571068873338e+00 
       1.104467094586e+01       1.536234461047e+00 
       1.117256220790e+01       1.502081006399e+00 
       1.130193438095e+01       1.468598155470e+00 
       1.143280461316e+01       1.435775622865e+00 
       1.156519025124e+01       1.403603193769e+00 
       1.169910884276e+01       1.372070725942e+00 
       1.183457813849e+01       1.341168151675e+00 
       1.197161609473e+01       1.310885479681e+00 
       1.211024087571e+01       1.281212796922e+00 
       1.225047085601e+01       1.252140270393e+00 
       1.239232462295e+01       1.223658148816e+00 
       1.253582097910e+01       1.195756764285e+00 
       1.268097894473e+01       1.168426533836e+00 
       1.282781776040e+01       1.141657960946e+00 
       1.297635688941e+01       1.115441636962e+00 
       1.312661602047e+01       1.089768242462e+00 
       1.327861507026e+01       1.064628548536e+00 
       1.343237418610e+01       1.040013418005e+00 
       1.358791374859e+01       1.015913806555e+00 
       1.374525437433e+01       9.923207638125e-01 
       1.390441691865e+01       9.692254343366e-01 
       1.406542247837e+01       9.466190585449e-01 
       1.422829239461e+01       9.244929735702e-01 
       1.439304825559e+01       9.028386140423e-01 
       1.455971189952e+01       8.816475128058e-01 
       1.472830541750e+01       8.609113015652e-01 
       1.489885115641e+01       8.406217114664e-01 
       1.507137172190e+01       8.207705736095e-01 
       1.524588998139e+01       8.013498194980e-01 
       1.542242906708e+01       7.823514814238e-01 
       1.560101237904e+01       7.637676927898e-01 
       1.578166358829e+01       7.455906883711e-01 
       1.596440663995e+01       7.278128045170e-01 
       1.614926575643e+01       7.104264792931e-01 
       1.633626544058e+01       6.934242525684e-01 
       1.652543047903e+01       6.767987660441e-01 
       1.671678594539e+01       6.605427632312e-01 
       1.691035720361e+01       6.446490893733e-01 
       1.710616991137e+01       6.291106913170e-01 
       1.730425002342e+01       6.139206173368e-01 
       1.750462379507e+01       5.990720169077e-01 
       1.770731778564e+01       5.845581404329e-01 
       1.791235886201e+01       5.703723389257e-01 
       1.811977420214e+01       5.565080636484e-01 
       1.832959129871e+01       5.429588657080e-01 
       1.854183796276e+01       5.297183956129e-01 
       1.875654232734e+01       5.167804027887e-01 
       1.897373285129e+01       5.041387350576e-01 
       1.919343832298e+01       4.917873380815e-01 
       1.941568786414e+01       4.797202547706e-01 
       1.964051093368e+01       4.679316246583e-01 
       1.986793733168e+01       4.564156832454e-01 
       2.009799720325e+01       4.451667613136e-01 
       2.033072104258e+01       4.341792842104e-01 
       2.056613969697e+01       4.234477711069e-01 
       2.080428437089e+01       4.129668342292e-01 
       2.104518663017e+01       4.027311780658e-01 
       2.128887840615e+01       3.927355985517e-01 
       2.153539199990e+01       3.829749822308e-01 
       2.178476008653e+01       3.734443053969e-01 
       2.203701571951e+01       3.641386332172e-01 
       2.229219233506e+01       3.550531188359e-01 
       2.255032375656e+01       3.461830024624e-01 
       2.281144419904e+01       3.375236104434e-01 
       2.307558827375e+01       3.290703543207e-01 
       2.334279099268e+01       3.208187298758e-01 
       2.361308777328e+01       3.127643161624e-01 
       2.388651444309e+01       3.049027745276e-01 
       2.416310724451e+01       2.972298476241e-01 
       2.444290283962e+01       2.897413584118e-01 
       2.472593831503e+01       2.824332091534e-01 
       2.501225118679e+01       2.753013804011e-01 
       2.530187940534e+01       2.683419299794e-01 
       2.559486136060e+01       2.615509919606e-01 
       2.589123588702e+01       2.549247756378e-01 
       2.619104226870e+01       2.484595644936e-01 
       2.649432024467e+01       2.421517151668e-01 
       2.680111001409e+01       2.359976564166e-01 
       2.711145224162e+01       2.299938880869e-01 
       2.742538806277e+01       2.241369800693e-01 
       2.774295908940e+01       2.184235712674e-01 
       2.806420741521e+01       2.128503685615e-01 
       2.838917562132e+01       2.074141457758e-01 
       2.871790678190e+01       2.021117426476e-01 
       2.905044446992e+01       1.969400637996e-01 
       2.938683276289e+01       1.918960777159e-01 
       2.972711624871e+01       1.869768157222e-01 
       3.007134003159e+01       1.821793709705e-01 
