# Matter power spectrum P(k) at redshift z=1
# for k=1.05175e-05 to 30.0945 h/Mpc,
# number of wavenumbers equal to 1160
#    1:k (h/Mpc)              2:P (Mpc/h)^3        
       1.051748324238e-05       1.656601598049e+01 
       1.063926995852e-05       1.675148829300e+01 
       1.076246689836e-05       1.693904053154e+01 
       1.088709039153e-05       1.712868820871e+01 
       1.101315695674e-05       1.732046176264e+01 
       1.114068330398e-05       1.751438381583e+01 
       1.126968633672e-05       1.771047604161e+01 
       1.140018315418e-05       1.790876740628e+01 
       1.153219105357e-05       1.810927537282e+01 
       1.166572753239e-05       1.831203042101e+01 
       1.180081029076e-05       1.851705237324e+01 
       1.193745723375e-05       1.872437450006e+01 
       1.207568647377e-05       1.893401444753e+01 
       1.221551633295e-05       1.914600324510e+01 
       1.235696534559e-05       1.936036566360e+01 
       1.250005226060e-05       1.957713373324e+01 
       1.264479604400e-05       1.979632381330e+01 
       1.279121588142e-05       2.001796927496e+01 
       1.293933118064e-05       2.024209773307e+01 
       1.308916157420e-05       2.046874074742e+01 
       1.324072692195e-05       2.069791719760e+01 
       1.339404731371e-05       2.092966027705e+01 
       1.354914307194e-05       2.116399898232e+01 
       1.370603475440e-05       2.140096189629e+01 
       1.386474315692e-05       2.164057821287e+01 
       1.402528931613e-05       2.188288016520e+01 
       1.418769451225e-05       2.212789274660e+01 
       1.435198027191e-05       2.237565204683e+01 
       1.451816837101e-05       2.262618076092e+01 
       1.468628083760e-05       2.287952005787e+01 
       1.485633995480e-05       2.313569744709e+01 
       1.502836826378e-05       2.339474154290e+01 
       1.520238856669e-05       2.365668901099e+01 
       1.537842392974e-05       2.392156700569e+01 
       1.555649768622e-05       2.418941399210e+01 
       1.573663343963e-05       2.446026184845e+01 
       1.591885506674e-05       2.473414451323e+01 
       1.610318672086e-05       2.501109221097e+01 
       1.628965283493e-05       2.529114077649e+01 
       1.647827812484e-05       2.557432939049e+01 
       1.666908759267e-05       2.586068798308e+01 
       1.686210653001e-05       2.615025733224e+01 
       1.705736052130e-05       2.644305982255e+01 
       1.725487544725e-05       2.673915930184e+01 
       1.745467748825e-05       2.703856643104e+01 
       1.765679312785e-05       2.734132158912e+01 
       1.786124915625e-05       2.764747523174e+01 
       1.806807267388e-05       2.795705985709e+01 
       1.827729109497e-05       2.827010277544e+01 
       1.848893215120e-05       2.858666074733e+01 
       1.870302389535e-05       2.890677005542e+01 
       1.891959470507e-05       2.923045915991e+01 
       1.913867328658e-05       2.955777243960e+01 
       1.936028867849e-05       2.988874472836e+01 
       1.958447025570e-05       3.022343253881e+01 
       1.981124773323e-05       3.056187311654e+01 
       2.004065117019e-05       3.090410168613e+01 
       2.027271097376e-05       3.125017779928e+01 
       2.050745790320e-05       3.160011393040e+01 
       2.074492307398e-05       3.195397805545e+01 
       2.098513796184e-05       3.231181137118e+01 
       2.122813440701e-05       3.267364227207e+01 
       2.147394461839e-05       3.303954005185e+01 
       2.172260117788e-05       3.340953312441e+01 
       2.197413704463e-05       3.378367355543e+01 
       2.222858555944e-05       3.416200094543e+01 
       2.248598044918e-05       3.454457110004e+01 
       2.274635583129e-05       3.493142751833e+01 
       2.300974621821e-05       3.532263073155e+01 
       2.327618652208e-05       3.571818734139e+01 
       2.354571205926e-05       3.611820840051e+01 
       2.381835855506e-05       3.652270263602e+01 
       2.409416214850e-05       3.693172726881e+01 
       2.437315939703e-05       3.734533775360e+01 
       2.465538728143e-05       3.776358447684e+01 
       2.494088321072e-05       3.818651709738e+01 
       2.522968502706e-05       3.861420219277e+01 
       2.552183101082e-05       3.904666132198e+01 
       2.581735988564e-05       3.948397688191e+01 
       2.611631082355e-05       3.992620267768e+01 
       2.641872345017e-05       4.037336683056e+01 
       2.672463784996e-05       4.082555773457e+01 
       2.703409457156e-05       4.128280223651e+01 
       2.734713463311e-05       4.174519784956e+01 
       2.766379952773e-05       4.221276225004e+01 
       2.798413122902e-05       4.268557580242e+01 
       2.830817219659e-05       4.316368522414e+01 
       2.863596538172e-05       4.364715667756e+01 
       2.896755423304e-05       4.413604916585e+01 
       2.930298270231e-05       4.463042367891e+01 
       2.964229525019e-05       4.513034188871e+01 
       2.998553685219e-05       4.563586616970e+01 
       3.033275300463e-05       4.614705961123e+01 
       3.068398973063e-05       4.666398574171e+01 
       3.103929358622e-05       4.718671041474e+01 
       3.139871166656e-05       4.771529623205e+01 
       3.176229161213e-05       4.824981321067e+01 
       3.213008161504e-05       4.879032361934e+01 
       3.250213042547e-05       4.933689913669e+01 
       3.287848735808e-05       4.988959812142e+01 
       3.325920229858e-05       5.044850865240e+01 
       3.364432571031e-05       5.101368409565e+01 
       3.403390864098e-05       5.158520097186e+01 
       3.442800272937e-05       5.216313000917e+01 
       3.482666021224e-05       5.274754314440e+01 
       3.522993393119e-05       5.333851422492e+01 
       3.563787733973e-05       5.393611853110e+01 
       3.605054451030e-05       5.454042792112e+01 
       3.646799014150e-05       5.515151911605e+01 
       3.689026956530e-05       5.576946911441e+01 
       3.731743875436e-05       5.639435229827e+01 
       3.774955432952e-05       5.702625477335e+01 
       3.818667356721e-05       5.766524305248e+01 
       3.862885440712e-05       5.831141371345e+01 
       3.907615545984e-05       5.896483507779e+01 
       3.952863601464e-05       5.962559256774e+01 
       3.998635604732e-05       6.029376931225e+01 
       4.044937622819e-05       6.096943965892e+01 
       4.091775793007e-05       6.165271599114e+01 
       4.139156323644e-05       6.234365855880e+01 
       4.187085494968e-05       6.304235748681e+01 
       4.235569659939e-05       6.374889576258e+01 
       4.284615245081e-05       6.446339152163e+01 
       4.334228751333e-05       6.518590350466e+01 
       4.384416754911e-05       6.591653274974e+01 
       4.435185908181e-05       6.665536877758e+01 
       4.486542940539e-05       6.740251139029e+01 
       4.538494659304e-05       6.815804971422e+01 
       4.591047950620e-05       6.892207037508e+01 
       4.644209780369e-05       6.969469047837e+01 
       4.697987195094e-05       7.047599102882e+01 
       4.752387322933e-05       7.126607154839e+01 
       4.807417374565e-05       7.206502889464e+01 
       4.863084644162e-05       7.287298334745e+01 
       4.919396510361e-05       7.369001617390e+01 
       4.976360437239e-05       7.451623890143e+01 
       5.033983975302e-05       7.535175074253e+01 
       5.092274762490e-05       7.619665107122e+01 
       5.151240525181e-05       7.705106576224e+01 
       5.210889079224e-05       7.791509034755e+01 
       5.271228330970e-05       7.878884789482e+01 
       5.332266278322e-05       7.967243734444e+01 
       5.394011011793e-05       8.056595270849e+01 
       5.456470715582e-05       8.146953261585e+01 
       5.519653668653e-05       8.238329329686e+01 
       5.583568245840e-05       8.330733100467e+01 
       5.648222918950e-05       8.424177776534e+01 
       5.713626257889e-05       8.518675130534e+01 
       5.779786931801e-05       8.614236129630e+01 
       5.846713710210e-05       8.710873183888e+01 
       5.914415464188e-05       8.808600637139e+01 
       5.982901167529e-05       8.907428042241e+01 
       6.052179897940e-05       9.007368924223e+01 
       6.122260838241e-05       9.108434803029e+01 
       6.193153277585e-05       9.210641778978e+01 
       6.264866612687e-05       9.314000785029e+01 
       6.337410349073e-05       9.418524830418e+01 
       6.410794102336e-05       9.524227690263e+01 
       6.485027599414e-05       9.631122545664e+01 
       6.560120679875e-05       9.739223474365e+01 
       6.636083297227e-05       9.848544043865e+01 
       6.712925520233e-05       9.959098459937e+01 
       6.790657534244e-05       1.007089949435e+02 
       6.869289642557e-05       1.018396393866e+02 
       6.948832267771e-05       1.029830476965e+02 
       7.029295953175e-05       1.041393644077e+02 
       7.110691364144e-05       1.053087412953e+02 
       7.193029289551e-05       1.064913192855e+02 
       7.276320643200e-05       1.076872752645e+02 
       7.360576465268e-05       1.088967342726e+02 
       7.445807923774e-05       1.101198680885e+02 
       7.532026316056e-05       1.113568330827e+02 
       7.619243070267e-05       1.126077824004e+02 
       7.707469746894e-05       1.138728823666e+02 
       7.796718040288e-05       1.151522899730e+02 
       7.886999780212e-05       1.164461731372e+02 
       7.978326933415e-05       1.177547097437e+02 
       8.070711605211e-05       1.190780475172e+02 
       8.164166041089e-05       1.204163766056e+02 
       8.258702628332e-05       1.217698570227e+02 
       8.354333897663e-05       1.231386818542e+02 
       8.451072524902e-05       1.245230029456e+02 
       8.548931332652e-05       1.259230207583e+02 
       8.647923291989e-05       1.273389085383e+02 
       8.748061524192e-05       1.287708526823e+02 
       8.849359302474e-05       1.302190411086e+02 
       8.951830053746e-05       1.316836474525e+02 
       9.055487360396e-05       1.331648949252e+02 
       9.160344962087e-05       1.346629504361e+02 
       9.266416757580e-05       1.361780131091e+02 
       9.373716806578e-05       1.377102833539e+02 
       9.482259331585e-05       1.392599599584e+02 
       9.592058719795e-05       1.408272539678e+02 
       9.703129525000e-05       1.424123518257e+02 
       9.815486469512e-05       1.440154947207e+02 
       9.929144446124e-05       1.456368627037e+02 
       1.004411852008e-04       1.472766809998e+02 
       1.016042393106e-04       1.489351628191e+02 
       1.027807609523e-04       1.506125278577e+02 
       1.039709060726e-04       1.523089993271e+02 
       1.051748324238e-04       1.540247977243e+02 
       1.063926995852e-04       1.557601505654e+02 
       1.076246689836e-04       1.575152899291e+02 
       1.088709039153e-04       1.592904419425e+02 
       1.101315695674e-04       1.610858532784e+02 
       1.114068330398e-04       1.629017526024e+02 
       1.126968633672e-04       1.647383789087e+02 
       1.140018315418e-04       1.665959919838e+02 
       1.153219105357e-04       1.684748237868e+02 
       1.166572753239e-04       1.703751317347e+02 
       1.180081029076e-04       1.722971628330e+02 
       1.193745723375e-04       1.742411825333e+02 
       1.207568647377e-04       1.762074464580e+02 
       1.221551633295e-04       1.781962173543e+02 
       1.235696534559e-04       1.802077649675e+02 
       1.250005226060e-04       1.822423568300e+02 
       1.264479604400e-04       1.843002692240e+02 
       1.279121588142e-04       1.863817747707e+02 
       1.293933118064e-04       1.884871566927e+02 
       1.308916157420e-04       1.906166965754e+02 
       1.324072692195e-04       1.927706817472e+02 
       1.339404731371e-04       1.949494031912e+02 
       1.354914307194e-04       1.971531593698e+02 
       1.370603475440e-04       1.993822424803e+02 
       1.386474315692e-04       2.016369590383e+02 
       1.402528931613e-04       2.039176148273e+02 
       1.418769451225e-04       2.062245159466e+02 
       1.435198027191e-04       2.085579792292e+02 
       1.451816837101e-04       2.109183253062e+02 
       1.468628083760e-04       2.133058653138e+02 
       1.485633995480e-04       2.157209345036e+02 
       1.502836826378e-04       2.181638603148e+02 
       1.520238856669e-04       2.206349737502e+02 
       1.537842392974e-04       2.231346141862e+02 
       1.555649768622e-04       2.256631238063e+02 
       1.573663343963e-04       2.282208498261e+02 
       1.591885506674e-04       2.308081370712e+02 
       1.610318672086e-04       2.334253465755e+02 
       1.628965283493e-04       2.360728390437e+02 
       1.647827812484e-04       2.387509699515e+02 
       1.666908759267e-04       2.414601159181e+02 
       1.686210653001e-04       2.442006441103e+02 
       1.705736052130e-04       2.469729334239e+02 
       1.725487544725e-04       2.497773672575e+02 
       1.745467748825e-04       2.526143252287e+02 
       1.765679312785e-04       2.554842080149e+02 
       1.786124915625e-04       2.583874042962e+02 
       1.806807267388e-04       2.613243130991e+02 
       1.827729109497e-04       2.642953345139e+02 
       1.848893215120e-04       2.673008954679e+02 
       1.870302389536e-04       2.703413973676e+02 
       1.891959470507e-04       2.734172647603e+02 
       1.913867328658e-04       2.765289155843e+02 
       1.936028867849e-04       2.796767876354e+02 
       1.958447025570e-04       2.828613032304e+02 
       1.981124773323e-04       2.860829113726e+02 
       2.004065117019e-04       2.893420548350e+02 
       2.027271097376e-04       2.926391792557e+02 
       2.050745790320e-04       2.959747336582e+02 
       2.074492307398e-04       2.993491872724e+02 
       2.098513796184e-04       3.027630066009e+02 
       2.122813440701e-04       3.062166355013e+02 
       2.147394461839e-04       3.097105707058e+02 
       2.172260117788e-04       3.132452859834e+02 
       2.197413704463e-04       3.168212610492e+02 
       2.222858555944e-04       3.204389838800e+02 
       2.248598044919e-04       3.240989485149e+02 
       2.274635583129e-04       3.278016570412e+02 
       2.300974621821e-04       3.315476045086e+02 
       2.327618652208e-04       3.353373061041e+02 
       2.354571205926e-04       3.391712698614e+02 
       2.381835855506e-04       3.430500183313e+02 
       2.409416214850e-04       3.469740731143e+02 
       2.437315939703e-04       3.509439554820e+02 
       2.465538728143e-04       3.549602005622e+02 
       2.494088321072e-04       3.590233438215e+02 
       2.522968502706e-04       3.631339275816e+02 
       2.552183101082e-04       3.672924984169e+02 
       2.581735988564e-04       3.714996009565e+02 
       2.611631082355e-04       3.757557939027e+02 
       2.641872345017e-04       3.800616318663e+02 
       2.672463784996e-04       3.844176776396e+02 
       2.703409457156e-04       3.888244970568e+02 
       2.734713463311e-04       3.932826642700e+02 
       2.766379952773e-04       3.977927469432e+02 
       2.798413122902e-04       4.023553236482e+02 
       2.830817219659e-04       4.069709823010e+02 
       2.863596538172e-04       4.116403074441e+02 
       2.896755423304e-04       4.163638754167e+02 
       2.930298270231e-04       4.211422874854e+02 
       2.964229525019e-04       4.259761362490e+02 
       2.998553685219e-04       4.308660185437e+02 
       3.033275300463e-04       4.358125335790e+02 
       3.068398973063e-04       4.408162814865e+02 
       3.103929358622e-04       4.458778704503e+02 
       3.139871166656e-04       4.509979054830e+02 
       3.176229161213e-04       4.561769974536e+02 
       3.213008161504e-04       4.614157536409e+02 
       3.250213042547e-04       4.667147885345e+02 
       3.287848735808e-04       4.720747114197e+02 
       3.325920229858e-04       4.774961427791e+02 
       3.364432571031e-04       4.829796954981e+02 
       3.403390864098e-04       4.885259859735e+02 
       3.442800272937e-04       4.941356323113e+02 
       3.482666021224e-04       4.998092481953e+02 
       3.522993393119e-04       5.055474548865e+02 
       3.563787733973e-04       5.113508652080e+02 
       3.605054451030e-04       5.172200989278e+02 
       3.646799014150e-04       5.231557722999e+02 
       3.689026956530e-04       5.291584977797e+02 
       3.731743875436e-04       5.352288907369e+02 
       3.774955432952e-04       5.413675621570e+02 
       3.818667356721e-04       5.475751228906e+02 
       3.862885440712e-04       5.538521822966e+02 
       3.907615545984e-04       5.601993467399e+02 
       3.952863601464e-04       5.666172174300e+02 
       3.998635604732e-04       5.731064002254e+02 
       4.044937622819e-04       5.796674897322e+02 
       4.091775793007e-04       5.863010853750e+02 
       4.139156323644e-04       5.930077743385e+02 
       4.187085494968e-04       5.997881445978e+02 
       4.235569659939e-04       6.066427878393e+02 
       4.284615245081e-04       6.135722738007e+02 
       4.334228751333e-04       6.205771883715e+02 
       4.384416754911e-04       6.276580960343e+02 
       4.435185908181e-04       6.348155692013e+02 
       4.486542940539e-04       6.420501636415e+02 
       4.538494659304e-04       6.493624441585e+02 
       4.591047950620e-04       6.567529562665e+02 
       4.644209780369e-04       6.642222487543e+02 
       4.697987195094e-04       6.717708651664e+02 
       4.752387322933e-04       6.793993380972e+02 
       4.807417374565e-04       6.871082004626e+02 
       4.863084644162e-04       6.948979735768e+02 
       4.919396510361e-04       7.027691789152e+02 
       4.976360437239e-04       7.107223275173e+02 
       5.033983975303e-04       7.187579285500e+02 
       5.092274762490e-04       7.268764839118e+02 
       5.151240525181e-04       7.350784864953e+02 
       5.210889079224e-04       7.433644274005e+02 
       5.271228330970e-04       7.517347904502e+02 
       5.332266278322e-04       7.601900576231e+02 
       5.394011011793e-04       7.687306990761e+02 
       5.456470715582e-04       7.773571793086e+02 
       5.519653668653e-04       7.860699689241e+02 
       5.583568245840e-04       7.948695208237e+02 
       5.648222918950e-04       8.037562903848e+02 
       5.713626257890e-04       8.127307219904e+02 
       5.779786931801e-04       8.217932666646e+02 
       5.846713710210e-04       8.309443566427e+02 
       5.914415464188e-04       8.401844400163e+02 
       5.982901167529e-04       8.495139406030e+02 
       6.052179897940e-04       8.589332960452e+02 
       6.122260838241e-04       8.684429275601e+02 
       6.193153277585e-04       8.780432656174e+02 
       6.264866612687e-04       8.877347362186e+02 
       6.337410349073e-04       8.975177603153e+02 
       6.410794102336e-04       9.073927583752e+02 
       6.485027599414e-04       9.173601608494e+02 
       6.560120679876e-04       9.274203819871e+02 
       6.636083297228e-04       9.375738534015e+02 
       6.712925520233e-04       9.478209983288e+02 
       6.790657534244e-04       9.581622453315e+02 
       6.869289642557e-04       9.685980189745e+02 
       6.948832267771e-04       9.791287632145e+02 
       7.029295953175e-04       9.897549097891e+02 
       7.110691364144e-04       1.000476902510e+03 
       7.193029289552e-04       1.011295200066e+03 
       7.276320643200e-04       1.022210230688e+03 
       7.360576465268e-04       1.033222481211e+03 
       7.445807923774e-04       1.044332409973e+03 
       7.532026316056e-04       1.055540501528e+03 
       7.619243070267e-04       1.066847229438e+03 
       7.707469746894e-04       1.078253105505e+03 
       7.796718040288e-04       1.089758624961e+03 
       7.886999780213e-04       1.101364307338e+03 
       7.978326933415e-04       1.113070678404e+03 
       8.070711605211e-04       1.124878286530e+03 
       8.164166041089e-04       1.136787682741e+03 
       8.258702628332e-04       1.148799431975e+03 
       8.354333897663e-04       1.160914128308e+03 
       8.451072524903e-04       1.173132363490e+03 
       8.548931332652e-04       1.185454755990e+03 
       8.647923291989e-04       1.197881921418e+03 
       8.748061524192e-04       1.210414530058e+03 
       8.849359302474e-04       1.223053239882e+03 
       8.951830053746e-04       1.235798728262e+03 
       9.055487360396e-04       1.248651700966e+03 
       9.160344962087e-04       1.261612877800e+03 
       9.266416757580e-04       1.274683009119e+03 
       9.373716806578e-04       1.287862846355e+03 
       9.482259331585e-04       1.301153179097e+03 
       9.592058719796e-04       1.314554807405e+03 
       9.703129525000e-04       1.328068557152e+03 
       9.815486469512e-04       1.341695268329e+03 
       9.929144446125e-04       1.355435822218e+03 
       1.004411852008e-03       1.369291081722e+03 
       1.016042393106e-03       1.383261980115e+03 
       1.027807609523e-03       1.397349446013e+03 
       1.039709060726e-03       1.411554438179e+03 
       1.051748324238e-03       1.425877925167e+03 
       1.063926995852e-03       1.440320919766e+03 
       1.076246689836e-03       1.454884423844e+03 
       1.088709039153e-03       1.469569491808e+03 
       1.101315695674e-03       1.484377199000e+03 
       1.114068330398e-03       1.499308624248e+03 
       1.126968633672e-03       1.514364869602e+03 
       1.140018315418e-03       1.529547062904e+03 
       1.153219105357e-03       1.544856376570e+03 
       1.166572753239e-03       1.560293931362e+03 
       1.180081029076e-03       1.575860977990e+03 
       1.193745723375e-03       1.591558696481e+03 
       1.207568647377e-03       1.607388295161e+03 
       1.221551633295e-03       1.623351040252e+03 
       1.235696534559e-03       1.639448170346e+03 
       1.250005226060e-03       1.655680998629e+03 
       1.264479604400e-03       1.672050782112e+03 
       1.279121588142e-03       1.688558871122e+03 
       1.293933118064e-03       1.705206560205e+03 
       1.308916157420e-03       1.721995176721e+03 
       1.324072692195e-03       1.738926075190e+03 
       1.339404731371e-03       1.756000652977e+03 
       1.354914307194e-03       1.773220218558e+03 
       1.370603475440e-03       1.790586215504e+03 
       1.386474315692e-03       1.808100021925e+03 
       1.402528931613e-03       1.825762975785e+03 
       1.418769451225e-03       1.843576494463e+03 
       1.435198027191e-03       1.861542095445e+03 
       1.451816837101e-03       1.879661047873e+03 
       1.468628083760e-03       1.897934826946e+03 
       1.485633995480e-03       1.916364837275e+03 
       1.502836826378e-03       1.934952510589e+03 
       1.520238856669e-03       1.953699256321e+03 
       1.537842392974e-03       1.972605632016e+03 
       1.555649768622e-03       1.991672953828e+03 
       1.573663343963e-03       2.010903548260e+03 
       1.591885506674e-03       2.030298825117e+03 
       1.610318672086e-03       2.049860225767e+03 
       1.628965283493e-03       2.069589087332e+03 
       1.647827812484e-03       2.089486845379e+03 
       1.666908759267e-03       2.109554852228e+03 
       1.686210653001e-03       2.129794464640e+03 
       1.705736052130e-03       2.150207068839e+03 
       1.725487544725e-03       2.170793972966e+03 
       1.745467748825e-03       2.191556541355e+03 
       1.765679312785e-03       2.212496071889e+03 
       1.786124915625e-03       2.233613854134e+03 
       1.806807267388e-03       2.254911211165e+03 
       1.827729109497e-03       2.276389363463e+03 
       1.848893215120e-03       2.298049599429e+03 
       1.870302389536e-03       2.319893141156e+03 
       1.891959470507e-03       2.341921183460e+03 
       1.913867328658e-03       2.364134926924e+03 
       1.936028867849e-03       2.386535529271e+03 
       1.958447025570e-03       2.409124138777e+03 
       1.981124773324e-03       2.431901893674e+03 
       2.004065117019e-03       2.454869871841e+03 
       2.027271097376e-03       2.478029133136e+03 
       2.050745790320e-03       2.501380726235e+03 
       2.074492307398e-03       2.524925662796e+03 
       2.098513796184e-03       2.548664936795e+03 
       2.122813440701e-03       2.572599493216e+03 
       2.147394461840e-03       2.596730269902e+03 
       2.172260117788e-03       2.621058133175e+03 
       2.197413704463e-03       2.645583979132e+03 
       2.222858555944e-03       2.670308580981e+03 
       2.248598044919e-03       2.695232746102e+03 
       2.274635583129e-03       2.720357242735e+03 
       2.300974621821e-03       2.745682841917e+03 
       2.327618652208e-03       2.771210166300e+03 
       2.354571205926e-03       2.796939824337e+03 
       2.381835855506e-03       2.822872474135e+03 
       2.409416214850e-03       2.849008642350e+03 
       2.437315939703e-03       2.875348868846e+03 
       2.465538728143e-03       2.901893655911e+03 
       2.494088321072e-03       2.928643434252e+03 
       2.522968502706e-03       2.955598526091e+03 
       2.552183101082e-03       2.982759280503e+03 
       2.581735988564e-03       3.010126106154e+03 
       2.611631082355e-03       3.037699156492e+03 
       2.641872345017e-03       3.065478734170e+03 
       2.672463784996e-03       3.093464934395e+03 
       2.703409457156e-03       3.121657896056e+03 
       2.734713463311e-03       3.150057626632e+03 
       2.766379952773e-03       3.178664162232e+03 
       2.798413122902e-03       3.207477488409e+03 
       2.830817219659e-03       3.236497450114e+03 
       2.863596538172e-03       3.265723945101e+03 
       2.896755423304e-03       3.295156735893e+03 
       2.930298270231e-03       3.324795639369e+03 
       2.964229525019e-03       3.354640225250e+03 
       2.998553685219e-03       3.384690168381e+03 
       3.033275300463e-03       3.414944869738e+03 
       3.068398973063e-03       3.445404166893e+03 
       3.103929358622e-03       3.476067279220e+03 
       3.139871166657e-03       3.506933633848e+03 
       3.176229161213e-03       3.538002525877e+03 
       3.213008161504e-03       3.569273086291e+03 
       3.250213042547e-03       3.600744588649e+03 
       3.287848735808e-03       3.632416136804e+03 
       3.325920229858e-03       3.664286802477e+03 
       3.364432571031e-03       3.696355807635e+03 
       3.403390864098e-03       3.728621175342e+03 
       3.442800272938e-03       3.761082566769e+03 
       3.482666021224e-03       3.793738465073e+03 
       3.522993393119e-03       3.826587365480e+03 
       3.563787733973e-03       3.859628229396e+03 
       3.605054451030e-03       3.892859374501e+03 
       3.646799014150e-03       3.926279282563e+03 
       3.689026956530e-03       3.959886140006e+03 
       3.731743875437e-03       3.993678302916e+03 
       3.774955432952e-03       4.027654126063e+03 
       3.818667356721e-03       4.061811480484e+03 
       3.862885440712e-03       4.096148331248e+03 
       3.907615545984e-03       4.130663338361e+03 
       3.952863601464e-03       4.165353285536e+03 
       3.998635604732e-03       4.200216668056e+03 
       4.044937622819e-03       4.235250703825e+03 
       4.091775793007e-03       4.270453504617e+03 
       4.139156323644e-03       4.305822218456e+03 
       4.187085494968e-03       4.341354344552e+03 
       4.235569659939e-03       4.377047057708e+03 
       4.284615245081e-03       4.412897311870e+03 
       4.334228751333e-03       4.448903138668e+03 
       4.384416754911e-03       4.485060595460e+03 
       4.435185908181e-03       4.521367083407e+03 
       4.486542940539e-03       4.557819203431e+03 
       4.538494659304e-03       4.594413675650e+03 
       4.591047950620e-03       4.631147194640e+03 
       4.644209780369e-03       4.668015690428e+03 
       4.697987195094e-03       4.705016682249e+03 
       4.752387322933e-03       4.742145713729e+03 
       4.807417374565e-03       4.779399008865e+03 
       4.863084644162e-03       4.816772165070e+03 
       4.919396510361e-03       4.854262149664e+03 
       4.976360437239e-03       4.891863832712e+03 
       5.033983975303e-03       4.929573455095e+03 
       5.092274762490e-03       4.967386761951e+03 
       5.151240525181e-03       5.005297957274e+03 
       5.210889079224e-03       5.043303652242e+03 
       5.271228330970e-03       5.081398810649e+03 
       5.332266278322e-03       5.119578300829e+03 
       5.394011011794e-03       5.157837219220e+03 
       5.456470715582e-03       5.196170117193e+03 
       5.519653668654e-03       5.234571080546e+03 
       5.583568245840e-03       5.273036908546e+03 
       5.648222918950e-03       5.311559863251e+03 
       5.713626257890e-03       5.350134644092e+03 
       5.779786931801e-03       5.388756566595e+03 
       5.846713710210e-03       5.427419172330e+03 
       5.914415464188e-03       5.466116264113e+03 
       5.982901167529e-03       5.504839238780e+03 
       6.052179897940e-03       5.543586667006e+03 
       6.122260838241e-03       5.582348030971e+03 
       6.193153277585e-03       5.621117775555e+03 
       6.264866612687e-03       5.659890651635e+03 
       6.337410349073e-03       5.698663521421e+03 
       6.410794102336e-03       5.737418548220e+03 
       6.485027599414e-03       5.776154064985e+03 
       6.560120679876e-03       5.814862299108e+03 
       6.636083297228e-03       5.853536223904e+03 
       6.712925520233e-03       5.892168331456e+03 
       6.790657534244e-03       5.930750720840e+03 
       6.869289642557e-03       5.969275796091e+03 
       6.948832267771e-03       6.007737656155e+03 
       7.029295953175e-03       6.046118083641e+03 
       7.110691364144e-03       6.084418920122e+03 
       7.193029289552e-03       6.122627639312e+03 
       7.276320643200e-03       6.160737220658e+03 
       7.360576465268e-03       6.198738287064e+03 
       7.445807923774e-03       6.236621843098e+03 
       7.532026316056e-03       6.274376753764e+03 
       7.619243070267e-03       6.311996436429e+03 
       7.707469746894e-03       6.349466298772e+03 
       7.796718040288e-03       6.386782502145e+03 
       7.886999780213e-03       6.423931137569e+03 
       7.978326933415e-03       6.460903872229e+03 
       8.070711605211e-03       6.497698515999e+03 
       8.164166041089e-03       6.534287522474e+03 
       8.258702628332e-03       6.570674132001e+03 
       8.354333897663e-03       6.606838401212e+03 
       8.451072524903e-03       6.642774969685e+03 
       8.548931332652e-03       6.678474426084e+03 
       8.647923291989e-03       6.713921862302e+03 
       8.748061524192e-03       6.749106311862e+03 
       8.849359302474e-03       6.784016104650e+03 
       8.951830053747e-03       6.818641770869e+03 
       9.055487360396e-03       6.852970906928e+03 
       9.160344962087e-03       6.886989311935e+03 
       9.266416757580e-03       6.920687353099e+03 
       9.373716806578e-03       6.954050578835e+03 
       9.482259331585e-03       6.987067038669e+03 
       9.592058719796e-03       7.019722816479e+03 
       9.703129525000e-03       7.052010057435e+03 
       9.815486469512e-03       7.083910456382e+03 
       9.929144446125e-03       7.115412974552e+03 
       1.004411852008e-02       7.146503371021e+03 
       1.016042393106e-02       7.177168688187e+03 
       1.027807609523e-02       7.207393856118e+03 
       1.039709060726e-02       7.237172558541e+03 
       1.051748324238e-02       7.266480450002e+03 
       1.063926995852e-02       7.295310204836e+03 
       1.076246689836e-02       7.323646265975e+03 
       1.088709039153e-02       7.351481121499e+03 
       1.101315695674e-02       7.378783926536e+03 
       1.114068330398e-02       7.405552631743e+03 
       1.126968633672e-02       7.431772211034e+03 
       1.140018315418e-02       7.457423250836e+03 
       1.153219105357e-02       7.482491408850e+03 
       1.166572753239e-02       7.506965509187e+03 
       1.180081029076e-02       7.530830264906e+03 
       1.193745723375e-02       7.554068868618e+03 
       1.207568647377e-02       7.576664564043e+03 
       1.221551633295e-02       7.598599210077e+03 
       1.235696534559e-02       7.619867238751e+03 
       1.250005226060e-02       7.640449072845e+03 
       1.264479604400e-02       7.660325346297e+03 
       1.279121588142e-02       7.679483743465e+03 
       1.293933118064e-02       7.697906077712e+03 
       1.308916157420e-02       7.715587618378e+03 
       1.324072692195e-02       7.732499318994e+03 
       1.339404731371e-02       7.748629621751e+03 
       1.354914307194e-02       7.763967297504e+03 
       1.370603475440e-02       7.778492401838e+03 
       1.386474315693e-02       7.792191837624e+03 
       1.402528931614e-02       7.805047776534e+03 
       1.418769451226e-02       7.817052623569e+03 
       1.435198027193e-02       7.828181483542e+03 
       1.451816837103e-02       7.838413459595e+03 
       1.468628083764e-02       7.847757205572e+03 
       1.485633995487e-02       7.856181101986e+03 
       1.502836826388e-02       7.863665411812e+03 
       1.520238856684e-02       7.870213928852e+03 
       1.537842392996e-02       7.875797368046e+03 
       1.555649768656e-02       7.880405721321e+03 
       1.573663344014e-02       7.884022632700e+03 
       1.591885506752e-02       7.886635201834e+03 
       1.610318672202e-02       7.888234213642e+03 
       1.628965283665e-02       7.888807065382e+03 
       1.647827812739e-02       7.888343781454e+03 
       1.666908759642e-02       7.886814415933e+03 
       1.686210653550e-02       7.884236513031e+03 
       1.705736052931e-02       7.880565389135e+03 
       1.725487545887e-02       7.875807836781e+03 
       1.745467750503e-02       7.869954887705e+03 
       1.765679315195e-02       7.863001379351e+03 
       1.786124919072e-02       7.854915452540e+03 
       1.806807272293e-02       7.845714234151e+03 
       1.827729116445e-02       7.835366650086e+03 
       1.848893224915e-02       7.823883780354e+03 
       1.870302403281e-02       7.811229494219e+03 
       1.891959489707e-02       7.797431474734e+03 
       1.913867355356e-02       7.782460419242e+03 
       1.936028904808e-02       7.766339922886e+03 
       1.958447076507e-02       7.749027155371e+03 
       1.981124843216e-02       7.730541906590e+03 
       2.004065212506e-02       7.710872686114e+03 
       2.027271227268e-02       7.690018483484e+03 
       2.050745966266e-02       7.667985420845e+03 
       2.074492544722e-02       7.644768481155e+03 
       2.098514114967e-02       7.620364911428e+03 
       2.122813867139e-02       7.594793411272e+03 
       2.147395029966e-02       7.568024223114e+03 
       2.172260871630e-02       7.540091542659e+03 
       2.197414700741e-02       7.511003539868e+03 
       2.222859867435e-02       7.480732848333e+03 
       2.248599764620e-02       7.449320570913e+03 
       2.274637829398e-02       7.416745686186e+03 
       2.300977544700e-02       7.383054527739e+03 
       2.327622441149e-02       7.348209683493e+03 
       2.354576099223e-02       7.312282406378e+03 
       2.381842151732e-02       7.275251406613e+03 
       2.409424286679e-02       7.237115466725e+03 
       2.437326250560e-02       7.197910425518e+03 
       2.465551852156e-02       7.157652623977e+03 
       2.494104966904e-02       7.116454025838e+03 
       2.522989541908e-02       7.074097283336e+03 
       2.552209601678e-02       7.030841530634e+03 
       2.581769254701e-02       6.986594063566e+03 
       2.611672700921e-02       6.941393863758e+03 
       2.641924240249e-02       6.895300304028e+03 
       2.672528282215e-02       6.848304202690e+03 
       2.703489356865e-02       6.800477338891e+03 
       2.734812127052e-02       6.751766192107e+03 
       2.766501402232e-02       6.702250643878e+03 
       2.798562153916e-02       6.652001902768e+03 
       2.830999532899e-02       6.601004567157e+03 
       2.863818888445e-02       6.549321713658e+03 
       2.897025789535e-02       6.496960787813e+03 
       2.930626048367e-02       6.443977295833e+03 
       2.964625746233e-02       6.390376895356e+03 
       2.999031261945e-02       6.336225670603e+03 
       3.033849302962e-02       6.281624913711e+03 
       3.069086939372e-02       6.226484084370e+03 
       3.104751640893e-02       6.170923502334e+03 
       3.140851317046e-02       6.114920239470e+03 
       3.177394360670e-02       6.058586454751e+03 
       3.214389694943e-02       6.001992307282e+03 
       3.251846824064e-02       5.945071869908e+03 
       3.289775887801e-02       5.887985862973e+03 
       3.328187720057e-02       5.830621008155e+03 
       3.367093911670e-02       5.773207502855e+03 
       3.406506877652e-02       5.715670932696e+03 
       3.446439929093e-02       5.657990520249e+03 
       3.486907349979e-02       5.600319334725e+03 
       3.527924479204e-02       5.542792255247e+03 
       3.569507798090e-02       5.485260679150e+03 
       3.611675023749e-02       5.427833927676e+03 
       3.654445208691e-02       5.370599710457e+03 
       3.697838847112e-02       5.313352635289e+03 
       3.741877988364e-02       5.256488976651e+03 
       3.786586358160e-02       5.199900171893e+03 
       3.831989488158e-02       5.143568669318e+03 
       3.878114854633e-02       5.087592691846e+03 
       3.924992027025e-02       5.031969601007e+03 
       3.972652827273e-02       4.976735481731e+03 
       4.021131500930e-02       4.921925183227e+03 
       4.070464901149e-02       4.867582724510e+03 
       4.120692686810e-02       4.813685115661e+03 
       4.171857536099e-02       4.760352170635e+03 
       4.224005377085e-02       4.707560090312e+03 
       4.277185636898e-02       4.655257000646e+03 
       4.331451511328e-02       4.603645568200e+03 
       4.386860256786e-02       4.552578523264e+03 
       4.443473506737e-02       4.502171268497e+03 
       4.501357614897e-02       4.452375950330e+03 
       4.560584027601e-02       4.403220065792e+03 
       4.621229687956e-02       4.354731143153e+03 
       4.683377474465e-02       4.306876851883e+03 
       4.747116676982e-02       4.259693423826e+03 
       4.812543512862e-02       4.213134047734e+03 
       4.879761686238e-02       4.167225007657e+03 
       4.948882993270e-02       4.121913447639e+03 
       5.020027976037e-02       4.077168174579e+03 
       5.093326627469e-02       4.032922516879e+03 
       5.168919149191e-02       3.989167355800e+03 
       5.246956763455e-02       3.945748371351e+03 
       5.327602579299e-02       3.902642862459e+03 
       5.411032511678e-02       3.859847934992e+03 
       5.497436250412e-02       3.817012125002e+03 
       5.587018273373e-02       3.774045135578e+03 
       5.679998895144e-02       3.730781865302e+03 
       5.776615338445e-02       3.686955956492e+03 
       5.877122810627e-02       3.642311607534e+03 
       5.981795561600e-02       3.596527866979e+03 
       6.090927892343e-02       3.549235938740e+03 
       6.204835074835e-02       3.500035462755e+03 
       6.323854134832e-02       3.448446465229e+03 
       6.448344438614e-02       3.393990568557e+03 
       6.578688014216e-02       3.336115872202e+03 
       6.715289527375e-02       3.274253966220e+03 
       6.858575823797e-02       3.207860904968e+03 
       7.008994943817e-02       3.136416684738e+03 
       7.167014515332e-02       3.059444264672e+03 
       7.333119438385e-02       2.976597115627e+03 
       7.507808792787e-02       2.887730537689e+03 
       7.691591931181e-02       2.792889262261e+03 
       7.884983765829e-02       2.692461327108e+03 
       8.088499318573e-02       2.587234501699e+03 
       8.302647677837e-02       2.478287649165e+03 
       8.527925589245e-02       2.367189328609e+03 
       8.764810988840e-02       2.255846684919e+03 
       9.013756858364e-02       2.146436846114e+03 
       9.275185827231e-02       2.041227666585e+03 
       9.549485952808e-02       1.942427605079e+03 
       9.837008070417e-02       1.851881534535e+03 
       1.013806501477e-01       1.770838342263e+03 
       1.045293288184e-01       1.699727493772e+03 
       1.078185433965e-01       1.637985519214e+03 
       1.112504383014e-01       1.583939330151e+03 
       1.148269435463e-01       1.534933324937e+03 
       1.185498542485e-01       1.487601938626e+03 
       1.224209169997e-01       1.438248381265e+03 
       1.264419182382e-01       1.383668624796e+03 
       1.306147701638e-01       1.321824341052e+03 
       1.349415904826e-01       1.252458838989e+03 
       1.394247731919e-01       1.177403006414e+03 
       1.440670485597e-01       1.100202967599e+03 
       1.488715312911e-01       1.025332690257e+03 
       1.538417565251e-01       9.570676388654e+02 
       1.589817037328e-01       8.984260985897e+02 
       1.642958087904e-01       8.504118146902e+02 
       1.697889645005e-01       8.116842657303e+02 
       1.754665096805e-01       7.789560103588e+02 
       1.813342066526e-01       7.478699194317e+02 
       1.873982066176e-01       7.146481275652e+02 
       1.936650020018e-01       6.767135007885e+02 
       2.001413644705e-01       6.343491838357e+02 
       2.068342669499e-01       5.905200417132e+02 
       2.137507877242e-01       5.492490579924e+02 
       2.208979945297e-01       5.134776962466e+02 
       2.282828066117e-01       4.839418764358e+02 
       2.359118330108e-01       4.593692391663e+02 
       2.437911859877e-01       4.370152949455e+02 
       2.519262695503e-01       4.139157012701e+02 
       2.603215446006e-01       3.888313549154e+02 
       2.689802743084e-01       3.628205191202e+02 
       2.779042559350e-01       3.380773612387e+02 
       2.870935483826e-01       3.164891701471e+02 
       2.965462080166e-01       2.982523023593e+02 
       3.062580484467e-01       2.818249619411e+02 
       3.162224424638e-01       2.656472970744e+02 
       3.264301856231e-01       2.491764236539e+02 
       3.368694404262e-01       2.330583383996e+02 
       3.475257772030e-01       2.183941304665e+02 
       3.583823224275e-01       2.054680979897e+02 
       3.694200175328e-01       1.938196349710e+02 
       3.806179820608e-01       1.827069999062e+02 
       3.919539653493e-01       1.719336707743e+02 
       4.034048623708e-01       1.618037645845e+02 
       4.149472631704e-01       1.525539131533e+02 
       4.265580026215e-01       1.441852504290e+02 
       4.382146783249e-01       1.364516364329e+02 
       4.498961090854e-01       1.292098647017e+02 
       4.615827136000e-01       1.223883579998e+02 
       4.732567975016e-01       1.160596973781e+02 
       4.849027453999e-01       1.102410288676e+02 
       4.965071219749e-01       1.049002858604e+02 
       5.080586917893e-01       9.993027298483e+01 
       5.195483710506e-01       9.527144272584e+01 
       5.309691261475e-01       9.092036965763e+01 
       5.423158337573e-01       8.687770165393e+01 
       5.535851161272e-01       8.312801711267e+01 
       5.647751632164e-01       7.962333717706e+01 
       5.758855511639e-01       7.634661638796e+01 
       5.869170643018e-01       7.326583632725e+01 
       5.978715258676e-01       7.037630481786e+01 
       6.087516408009e-01       6.766255820702e+01 
       6.195608525627e-01       6.511244084441e+01 
       6.303032148057e-01       6.271387676791e+01 
       6.409832779023e-01       6.044495247936e+01 
       6.516059897714e-01       5.830252760965e+01 
       6.621766100755e-01       5.627108412704e+01 
       6.727006366498e-01       5.434777406930e+01 
       6.831837429301e-01       5.252333810136e+01 
       6.936317251279e-01       5.078789922373e+01 
       7.040504579456e-01       4.913876442421e+01 
       7.144458576965e-01       4.756389049369e+01 
       7.248238517922e-01       4.606279801631e+01 
       7.351903536588e-01       4.462825730824e+01 
       7.455512422547e-01       4.325571925278e+01 
       7.559123454585e-01       4.194328011317e+01 
       7.662794266960e-01       4.068293081162e+01 
       7.766581742594e-01       3.947523950059e+01 
       7.870541928537e-01       3.831413367285e+01 
       7.974729969752e-01       3.719769639897e+01 
       8.079200057873e-01       3.612429204091e+01 
       8.184005392171e-01       3.508892118715e+01 
       8.289198150397e-01       3.409248877068e+01 
       8.394829467616e-01       3.312998831047e+01 
       8.500949421470e-01       3.220128716383e+01 
       8.607607022622e-01       3.130426015908e+01 
       8.714850209397e-01       3.043628292010e+01 
       8.822725845844e-01       2.959790237539e+01 
       8.931279722621e-01       2.878522041931e+01 
       9.040556560276e-01       2.799928564453e+01 
       9.150600014612e-01       2.723706475285e+01 
       9.261452683921e-01       2.649850024235e+01 
       9.373156117983e-01       2.578242121612e+01 
       9.485750828744e-01       2.508713989130e+01 
       9.599276302692e-01       2.441310028561e+01 
       9.713771014936e-01       2.375745725727e+01 
       9.829272445040e-01       2.312183931853e+01 
       9.945817094680e-01       2.250339493219e+01 
       1.006344050717e+00       2.190309064693e+01 
       1.018217728891e+00       2.131890783216e+01 
       1.030206113282e+00       2.075129211585e+01 
       1.042312484376e+00       2.019889537316e+01 
       1.054540036593e+00       1.966174404775e+01 
       1.066891881220e+00       1.913897106840e+01 
       1.079371049545e+00       1.863032243023e+01 
       1.091980496160e+00       1.813524250324e+01 
       1.104723102442e+00       1.765334037871e+01 
       1.117601680192e+00       1.718422087084e+01 
       1.130618975405e+00       1.672755990012e+01 
       1.143777672174e+00       1.628285533479e+01 
       1.157080396683e+00       1.584998204156e+01 
       1.170529721283e+00       1.542826938874e+01 
       1.184128168623e+00       1.501787812297e+01 
       1.197878215808e+00       1.461786985817e+01 
       1.211782298570e+00       1.422868457883e+01 
       1.225842815414e+00       1.384921912365e+01 
       1.240062131730e+00       1.348001734715e+01 
       1.254442583835e+00       1.312009449130e+01 
       1.268986482940e+00       1.276971297389e+01 
       1.283696119009e+00       1.242838075216e+01 
       1.298573764499e+00       1.209579599835e+01 
       1.313621677970e+00       1.177207814952e+01 
       1.328842107542e+00       1.145648289644e+01 
       1.344237294205e+00       1.114932795951e+01 
       1.359809474951e+00       1.085008043131e+01 
       1.375560885753e+00       1.055855326357e+01 
       1.391493764354e+00       1.027482353616e+01 
       1.407610352900e+00       9.998293754687e+00 
       1.423912900382e+00       9.729071683388e+00 
       1.440403664923e+00       9.467000207301e+00 
       1.457084915893e+00       9.211572714763e+00 
       1.473958935861e+00       8.963080940841e+00 
       1.491028022401e+00       8.720991144865e+00 
       1.508294489747e+00       8.485098905694e+00 
       1.525760670315e+00       8.255451124406e+00 
       1.543428916095e+00       8.031902671135e+00 
       1.561301599925e+00       7.814110030449e+00 
       1.579381116654e+00       7.602068241893e+00 
       1.597669884210e+00       7.395687724234e+00 
       1.616170344573e+00       7.194705511940e+00 
       1.634884964669e+00       6.998969813766e+00 
       1.653816237187e+00       6.808333736312e+00 
       1.672966681338e+00       6.622910477698e+00 
       1.692338843554e+00       6.442358927807e+00 
       1.711935298132e+00       6.266542683106e+00 
       1.731758647842e+00       6.095406008937e+00 
       1.751811524495e+00       5.928850899289e+00 
       1.772096589480e+00       5.766711845179e+00 
       1.792616534270e+00       5.608853162578e+00 
       1.813374080912e+00       5.455170401328e+00 
       1.834371982496e+00       5.305600859670e+00 
       1.855613023605e+00       5.160046480286e+00 
       1.877100020763e+00       5.018384411703e+00 
       1.898835822862e+00       4.880509037784e+00 
       1.920823311589e+00       4.746306013661e+00 
       1.943065401851e+00       4.615682914822e+00 
       1.965565042184e+00       4.488564195027e+00 
       1.988325215180e+00       4.364854391710e+00 
       2.011348937890e+00       4.244465433403e+00 
       2.034639262249e+00       4.127311736634e+00 
       2.058199275488e+00       4.013318405993e+00 
       2.082032100554e+00       3.902389032833e+00 
       2.106140896532e+00       3.794453765357e+00 
       2.130528859066e+00       3.689424390714e+00 
       2.155199220794e+00       3.587230361316e+00 
       2.180155251773e+00       3.487795591446e+00 
       2.205400259917e+00       3.391049736216e+00 
       2.230937591441e+00       3.296917384405e+00 
       2.256770631300e+00       3.205332877507e+00 
       2.282902803643e+00       3.116233618406e+00 
       2.309337572267e+00       3.029545540795e+00 
       2.336078441076e+00       2.945213658079e+00 
       2.363128954546e+00       2.863171318054e+00 
       2.390492698195e+00       2.783360546006e+00 
       2.418173299059e+00       2.705727436727e+00 
       2.446174426172e+00       2.630215089694e+00 
       2.474499791054e+00       2.556800137080e+00 
       2.503153148203e+00       2.485348337268e+00 
       2.532138295589e+00       2.415843149939e+00 
       2.561459075164e+00       2.348241927809e+00 
       2.591119373364e+00       2.282479715694e+00 
       2.621123121630e+00       2.218521001436e+00 
       2.651474296927e+00       2.156321301359e+00 
       2.682176922269e+00       2.095825909959e+00 
       2.713235067258e+00       2.036986273676e+00 
       2.744652848615e+00       1.979751767414e+00 
       2.776434430735e+00       1.924101161203e+00 
       2.808584026232e+00       1.869997795820e+00 
       2.841105896498e+00       1.817363210320e+00 
       2.874004352275e+00       1.766175524354e+00 
       2.907283754214e+00       1.716408992721e+00 
       2.940948513467e+00       1.668017002169e+00 
       2.975003092259e+00       1.620948254016e+00 
       3.009452004489e+00       1.575192503809e+00 
       3.044299816323e+00       1.530696278171e+00 
       3.079551146799e+00       1.487426716358e+00 
       3.115210668444e+00       1.445363925599e+00 
       3.151283107890e+00       1.404456159962e+00 
       3.187773246497e+00       1.364689620015e+00 
       3.224685920996e+00       1.325991430450e+00 
       3.262026024121e+00       1.288400423062e+00 
       3.299798505262e+00       1.251883203782e+00 
       3.338008371120e+00       1.216353044511e+00 
       3.376660686373e+00       1.181807717756e+00 
       3.415760574342e+00       1.148224377987e+00 
       3.455313217675e+00       1.115563365613e+00 
       3.495323859033e+00       1.083859535621e+00 
       3.535797801782e+00       1.052980536542e+00 
       3.576740410700e+00       1.022996942281e+00 
       3.618157112685e+00       9.938463620577e-01 
       3.660053397477e+00       9.655097842437e-01 
       3.702434818382e+00       9.379683435368e-01 
       3.745306993012e+00       9.112228180168e-01 
       3.788675604026e+00       8.852011112428e-01 
       3.832546399889e+00       8.599098094224e-01 
       3.876925195625e+00       8.353286133694e-01 
       3.921817873597e+00       8.114331045838e-01 
       3.967230384280e+00       7.882118363747e-01 
       4.013168747053e+00       7.656434789180e-01 
       4.059639050997e+00       7.437095765160e-01 
       4.106647455700e+00       7.223930568566e-01 
       4.154200192075e+00       7.016757206123e-01 
       4.202303563185e+00       6.815411273925e-01 
       4.250963945081e+00       6.619755591197e-01 
       4.300187787644e+00       6.429611987195e-01 
       4.349981615440e+00       6.244840685776e-01 
       4.400352028587e+00       6.065282084717e-01 
       4.451305703630e+00       5.890777598044e-01 
       4.502849394422e+00       5.721271474773e-01 
       4.554989933024e+00       5.556522420220e-01 
       4.607734230607e+00       5.396444104238e-01 
       4.661089278372e+00       5.240899791702e-01 
       4.715062148473e+00       5.089764196202e-01 
       4.769659994953e+00       4.942909617363e-01 
       4.824890054700e+00       4.800222161131e-01 
       4.880759648398e+00       4.661588119968e-01 
       4.937276181500e+00       4.526886767649e-01 
       4.994447145212e+00       4.396028640889e-01 
       5.052280117483e+00       4.268846517374e-01 
       5.110782764012e+00       4.145312147032e-01 
       5.169962839260e+00       4.025306745354e-01 
       5.229828187483e+00       3.908696305341e-01 
       5.290386743767e+00       3.795428835555e-01 
       5.351646535084e+00       3.685337517393e-01 
       5.413615681352e+00       3.578503470799e-01 
       5.476302396515e+00       3.474673562781e-01 
       5.539714989628e+00       3.373844348759e-01 
       5.603861865964e+00       3.275808385343e-01 
       5.668751528119e+00       3.180614643388e-01 
       5.734392577150e+00       3.088206246407e-01 
       5.800793713705e+00       2.998337223704e-01 
       5.867963739184e+00       2.911095776912e-01 
       5.935911556901e+00       2.826366289153e-01 
       6.004646173265e+00       2.744061346977e-01 
       6.074176698975e+00       2.664111844999e-01 
       6.144512350227e+00       2.586466965752e-01 
       6.215662449936e+00       2.511032747896e-01 
       6.287636428970e+00       2.437781969392e-01 
       6.360443827402e+00       2.366628874857e-01 
       6.434094295774e+00       2.297521209156e-01 
       6.508597596376e+00       2.230407899438e-01 
       6.583963604540e+00       2.165188066695e-01 
       6.660202309947e+00       2.101920542226e-01 
       6.737323817957e+00       2.040431197108e-01 
       6.815338350941e+00       1.980734649177e-01 
       6.894256249641e+00       1.922721160304e-01 
       6.974087974540e+00       1.866435080405e-01 
       7.054844107246e+00       1.811748579297e-01 
       7.136535351896e+00       1.758644540500e-01 
       7.219172536578e+00       1.707076209589e-01 
       7.302766614760e+00       1.657000738133e-01 
       7.387328666746e+00       1.608376231065e-01 
       7.472869901145e+00       1.561156114898e-01 
       7.559401656356e+00       1.515304451560e-01 
       7.646935402068e+00       1.470776125719e-01 
       7.735482740784e+00       1.427547280171e-01 
       7.825055409360e+00       1.385566040761e-01 
       7.915665280553e+00       1.344807870441e-01 
       8.007324364606e+00       1.305214401060e-01 
       8.100044810830e+00       1.266787235568e-01 
       8.193838909220e+00       1.229491018367e-01 
       8.288719092083e+00       1.193263842299e-01 
       8.384697935683e+00       1.158093173566e-01 
       8.481788161912e+00       1.123945452409e-01 
       8.580002639975e+00       1.090787234642e-01 
       8.679354388094e+00       1.058598804018e-01 
       8.779856575237e+00       1.027355208881e-01 
       8.881522522858e+00       9.970116453860e-02 
       8.984365706670e+00       9.675499949685e-02 
       9.088399758425e+00       9.389643560963e-02 
       9.193638467723e+00       9.111913894548e-02 
       9.300095783842e+00       8.842405412699e-02 
       9.407785817584e+00       8.580775956487e-02 
       9.516722843145e+00       8.326773853488e-02 
       9.626921300012e+00       8.080204004809e-02 
       9.738395794869e+00       7.840868273228e-02 
       9.851161103540e+00       7.608521891277e-02 
       9.965232172945e+00       7.382963044282e-02 
       1.008062412308e+01       7.164039870542e-02 
       1.019735224903e+01       6.951529571499e-02 
       1.031543202297e+01       6.745247051736e-02 
       1.043487909625e+01       6.545021178965e-02 
       1.055570930145e+01       6.350672488088e-02 
       1.067793865449e+01       6.162009182521e-02 
       1.080158335673e+01       5.978887166742e-02 
       1.092665979714e+01       5.801198235779e-02 
       1.105318455447e+01       5.628690420173e-02 
       1.118117439945e+01       5.461202742081e-02 
       1.131064629698e+01       5.298678322761e-02 
       1.144161740842e+01       5.140958367051e-02 
       1.157410509386e+01       4.987867396033e-02 
       1.170812691440e+01       4.839269882838e-02 
       1.184370063447e+01       4.695027414077e-02 
       1.198084422424e+01       4.555117984661e-02 
       1.211957586193e+01       4.419281620240e-02 
       1.225991393627e+01       4.287457102443e-02 
       1.240187704892e+01       4.159513197097e-02 
       1.254548401695e+01       4.035355577152e-02 
       1.269075387529e+01       3.914859087385e-02 
       1.283770587932e+01       3.797893583466e-02 
       1.298635950735e+01       3.684437597884e-02 
       1.313673446326e+01       3.574312721338e-02 
       1.328885067911e+01       3.467467607289e-02 
       1.344272831771e+01       3.363741107395e-02 
       1.359838777539e+01       3.263079543692e-02 
       1.375584968465e+01       3.165445850105e-02 
       1.391513491688e+01       3.070670458885e-02 
       1.407626458517e+01       2.978732696350e-02 
       1.423926004708e+01       2.889500489969e-02 
       1.440414290749e+01       2.802881948763e-02 
       1.457093502144e+01       2.718884616872e-02 
       1.473965849705e+01       2.637347382655e-02 
       1.491033569842e+01       2.558210742978e-02 
       1.508298924864e+01       2.481461700374e-02 
       1.525764203275e+01       2.406988655159e-02 
       1.543431720078e+01       2.334720359973e-02 
       1.561303817084e+01       2.264601369843e-02 
       1.579382863220e+01       2.196565761563e-02 
       1.597671254843e+01       2.130554433948e-02 
       1.616171416061e+01       2.066496996657e-02 
       1.634885799049e+01       2.004367425080e-02 
       1.653816884380e+01       1.944073374377e-02 
       1.672967181347e+01       1.885590220348e-02 
       1.692339228301e+01       1.828843198675e-02 
       1.711935592988e+01       1.773779302267e-02 
       1.731758872882e+01       1.720360381796e-02 
       1.751811695540e+01       1.668516850413e-02 
       1.772096718941e+01       1.618251532650e-02 
       1.792616631842e+01       1.569457255754e-02 
       1.813374154136e+01       1.522135649882e-02 
       1.834372037210e+01       1.476233329072e-02 
       1.855613064310e+01       1.431686508002e-02 
       1.877100050912e+01       1.388483355530e-02 
       1.898835845093e+01       1.346569873448e-02 
       1.920823327908e+01       1.305911511179e-02 
       1.943065413775e+01       1.266467368092e-02 
       1.965565050858e+01       1.228200259018e-02 
       1.988325221459e+01       1.191066352715e-02 
       2.011348942415e+01       1.155066410139e-02 
       2.034639265494e+01       1.120133855268e-02 
       2.058199277805e+01       1.086254581711e-02 
       2.082032102200e+01       1.053381790198e-02 
       2.106140897695e+01       1.021499055544e-02 
       2.130528859885e+01       9.905693215060e-03 
       2.155199221367e+01       9.605734560468e-03 
       2.180155252172e+01       9.314815857861e-03 
       2.205400260194e+01       9.032591705320e-03 
       2.230937591631e+01       8.758743128511e-03 
       2.256770631430e+01       8.493187324286e-03 
       2.282902803732e+01       8.235614628063e-03 
       2.309337572328e+01       7.985764298300e-03 
       2.336078441117e+01       7.743493649273e-03 
       2.363128954574e+01       7.508485049055e-03 
       2.390492698213e+01       7.280458488884e-03 
       2.418173299071e+01       7.059359383076e-03 
       2.446174426180e+01       6.844954567013e-03 
       2.474499791060e+01       6.636940941337e-03 
       2.503153148206e+01       6.435247312063e-03 
       2.532138295592e+01       6.239543073086e-03 
       2.561459075165e+01       6.049787821602e-03 
       2.591119373365e+01       5.865814868211e-03 
       2.621123121630e+01       5.687299704053e-03 
       2.651474296927e+01       5.514178552374e-03 
       2.682176922270e+01       5.346313045064e-03 
       2.713235067258e+01       5.183466024538e-03 
       2.744652848616e+01       5.025623094629e-03 
       2.776434430735e+01       4.872486777949e-03 
       2.808584026232e+01       4.723977323633e-03 
       2.841105896499e+01       4.580012948478e-03 
       2.874004352275e+01       4.440333960256e-03 
       2.907283754214e+01       4.304892562128e-03 
       2.940948513467e+01       4.173531863576e-03 
       2.975003092259e+01       4.046146547457e-03 
       3.009452004489e+01       3.922632639909e-03 
