Run parameters:
does_de_cluster=True
save_data=True
time_domain=True
number_of_points=50
varied_parameter=w_i
varied_par_values=None
init_value=-0.5
final_value=-0.9
n_samples=3

Cosmological parameters:
omega_matter_now=0.3
omega_rad_now=0
hubble_constant_standard_units=67
scale_at_lss=0.0009165902841429881
a_min=1e-10
a_max=1
min_redshift=0
max_redshift=20
spectral_index=1
sigma8=0.85

Dark energy eos parameters:
selected_de_eos=de_eos_1
w_i=-0.5,-0.7,-0.9
w_f=-1
trans_steepness=10
trans_z=0.5
w=-1
c_eff_value=0

Precision parameters:
virialization_scale_tol=1.0e-06
turn_around_scale_tol=1.0e-06
a_ini=1.0e-10
nonlinear_perturbations_atol=1.0e-10
nonlinear_perturbations_rtol=1.0e-08
growth_factor_atol=1.0e-10
growth_factor_rtol=1.0e-08
dark_density_evolution_atol=1.0e-10
dark_density_evolution_rtol=1.0e-08
dark_density_evolution_max_step=1.0e-03
friedmann_atol=1.0e-10
friedmann_rtol=1.0e-08
friedmann_max_stepsize=1.0e-03
exact_decimals=5.0e+00
numerical_infty=1.0e+11
normalization_integrand_atol=1.0e-08
normalization_integrand_rtol=1.0e-06
mass_variance_filtered_spectrum_atol=1.0e-06
mass_variance_filtered_spectrum_rtol=1.0e-04
log_der_of_log_sigma_atol=1.0e-06
log_der_of_log_sigma_rtol=1.0e-04

*********************************
9.165902841e-04	1.833180568e-04
1.833211357e-03	3.666315605e-04
3.098723995e-03	6.196881373e-04
4.731803174e-03	9.461800236e-04
6.776824081e-03	1.354902673e-03
9.273787701e-03	1.853724299e-03
1.225656230e-02	2.449214653e-03
1.575907159e-02	3.147857042e-03
1.981548185e-02	3.956055114e-03
2.446087296e-02	4.880229895e-03
2.973187016e-02	5.926901226e-03
3.566577997e-02	7.102463851e-03
4.230227032e-02	8.413459516e-03
4.968226071e-02	9.866285194e-03
5.784940312e-02	1.146740215e-02
6.685096698e-02	1.322340966e-02
7.673616701e-02	1.514060402e-02
8.755730197e-02	1.722507413e-02
9.937127964e-02	1.948284710e-02
1.122375006e-01	2.191931543e-02
1.262209822e-01	2.453964708e-02
1.413922682e-01	2.734854910e-02
1.578272354e-01	3.034999278e-02
1.756068702e-01	3.354691886e-02
1.948208624e-01	3.694160226e-02
2.155685154e-01	4.053547263e-02
2.379554840e-01	4.432819808e-02
2.620990183e-01	4.831822838e-02
2.881236110e-01	5.250168651e-02
3.161713717e-01	5.687365194e-02
3.464003647e-01	6.142736067e-02
3.790039133e-01	6.615639938e-02
4.143232937e-01	7.106861856e-02
4.535962834e-01	7.627573776e-02
4.848851663e-01	8.022668439e-02
5.124318241e-01	8.353931003e-02
5.364863065e-01	8.626247744e-02
5.605407889e-01	8.873859873e-02
5.826834136e-01	9.064740285e-02
6.046261024e-01	9.193855696e-02
6.215614350e-01	9.230202271e-02
6.384967675e-01	9.190841947e-02
6.548744176e-01	9.066778736e-02
6.714440875e-01	8.851293171e-02
6.899831058e-01	8.514834730e-02
7.085221241e-01	8.105282548e-02
7.255913072e-01	7.692284037e-02
7.433498022e-01	7.250995682e-02
7.628754748e-01	6.773185972e-02
7.853882912e-01	6.249537274e-02
8.132034479e-01	5.656347649e-02
8.459518551e-01	5.038453698e-02
8.787002623e-01	4.501831218e-02
9.101305452e-01	4.053934288e-02
9.418715319e-01	3.658953823e-02
9.744577858e-01	3.304609188e-02
1.000000000e+00	3.058040245e-02
#################################
9.165902841e-04	8.870228556e-05
1.833181309e-03	1.774044729e-04
4.462585358e-03	4.318595201e-04
7.835470501e-03	7.582502286e-04
1.209327734e-02	1.170235524e-03
1.722401021e-02	1.666594763e-03
2.321512243e-02	2.246006306e-03
3.005820028e-02	2.907480252e-03
3.774834358e-02	3.650273962e-03
4.628432879e-02	4.473878840e-03
5.566842083e-02	5.377968203e-03
6.590672365e-02	6.362391424e-03
7.700662131e-02	7.426882534e-03
8.898094891e-02	8.571408830e-03
1.018451556e-01	9.795837803e-03
1.156154207e-01	1.109969223e-02
1.303150148e-01	1.248267785e-02
1.459680840e-01	1.394400782e-02
1.625992990e-01	1.548228531e-02
1.802434198e-01	1.709628699e-02
1.989387631e-01	1.878423102e-02
2.187322014e-01	2.054409556e-02
2.396623688e-01	2.237199819e-02
2.617817024e-01	2.426403506e-02
2.851547101e-01	2.621592255e-02
3.098492445e-01	2.822207850e-02
3.359446158e-01	3.027612966e-02
3.635266675e-01	3.237032623e-02
3.927090816e-01	3.449689002e-02
4.237409812e-01	3.665464104e-02
4.573191630e-01	3.886541552e-02
4.908909593e-01	4.093937202e-02
5.174034516e-01	4.246711962e-02
5.408383367e-01	4.371274981e-02
5.642732218e-01	4.481417622e-02
5.859150509e-01	4.562781313e-02
6.075324189e-01	4.612444112e-02
6.245473607e-01	4.618457388e-02
6.415623026e-01	4.585712810e-02
6.580832207e-01	4.510849069e-02
6.750726453e-01	4.389010366e-02
6.936162794e-01	4.211544244e-02
7.121599136e-01	4.001895638e-02
7.297872904e-01	3.787285688e-02
7.483413679e-01	3.557878637e-02
7.689745800e-01	3.309156559e-02
7.930466033e-01	3.036159934e-02
8.238635977e-01	2.719932673e-02
8.570387244e-01	2.421723827e-02
8.901690236e-01	2.163685754e-02
9.227563613e-01	1.943520875e-02
9.560129746e-01	1.748169602e-02
9.903016224e-01	1.573035320e-02
1.000000000e+00	1.527752412e-02
#################################
9.165902841e-04	2.477271038e-05
1.833180585e-03	4.954541976e-05
7.087726802e-03	1.915599272e-04
1.468125556e-02	3.967867720e-04
2.380969928e-02	6.434818413e-04
3.431626533e-02	9.273755223e-04
4.606148622e-02	1.244634274e-03
5.893455876e-02	1.592152139e-03
7.284945676e-02	1.967428723e-03
8.773903739e-02	2.368391084e-03
1.035515408e-01	2.793278342e-03
1.202497819e-01	3.240596430e-03
1.378039905e-01	3.708900464e-03
1.562001974e-01	4.196990225e-03
1.754232688e-01	4.703427929e-03
1.954747369e-01	5.226977744e-03
2.163513963e-01	5.766008513e-03
2.380761492e-01	6.319254785e-03
2.606716672e-01	6.885083943e-03
2.841615908e-01	7.461493159e-03
3.085707519e-01	8.046085951e-03
3.339586017e-01	8.636816754e-03
3.603723177e-01	9.230807151e-03
3.878975143e-01	9.825444277e-03
4.166410522e-01	1.041780951e-02
4.468876117e-01	1.100736205e-02
4.795123432e-01	1.160139122e-02
5.099960827e-01	1.211245529e-02
5.355630188e-01	1.250105571e-02
5.585665521e-01	1.280801107e-02
5.815700855e-01	1.305423838e-02
6.037626588e-01	1.320153824e-02
6.234552976e-01	1.322023162e-02
6.431479364e-01	1.309543806e-02
6.608724224e-01	1.283927709e-02
6.791610106e-01	1.243321850e-02
6.988782921e-01	1.186390284e-02
7.185955736e-01	1.120797809e-02
7.380158023e-01	1.052672144e-02
7.590048286e-01	9.793566755e-03
7.830596797e-01	8.992175910e-03
8.124915427e-01	8.094535863e-03
8.504973215e-01	7.081206439e-03
8.885031004e-01	6.220107252e-03
9.249793548e-01	5.516502956e-03
9.623512739e-01	4.900023054e-03
1.000000000e+00	4.367838291e-03
#################################
