# Matter power spectrum P(k) at redshift z=0.5
# for k=1.06493e-05 to 30.1228 h/Mpc,
# number of wavenumbers equal to 1159
#    1:k (h/Mpc)              2:P (Mpc/h)^3        
       1.064925112593e-05       2.503801294360e+01 
       1.077256364225e-05       2.531836304859e+01 
       1.089730405020e-05       2.560183826851e+01 
       1.102348888401e-05       2.588849539611e+01 
       1.115113486933e-05       2.617836467613e+01 
       1.128025892549e-05       2.647149434895e+01 
       1.141087816776e-05       2.676788424112e+01 
       1.154300990957e-05       2.706761424702e+01 
       1.167667166484e-05       2.737068049792e+01 
       1.181188115029e-05       2.767716105106e+01 
       1.194865628779e-05       2.798706185487e+01 
       1.208701520674e-05       2.830043741259e+01 
       1.222697624647e-05       2.861732813471e+01 
       1.236855795865e-05       2.893776275079e+01 
       1.251177910979e-05       2.926177794504e+01 
       1.265665868371e-05       2.958942758449e+01 
       1.280321588402e-05       2.992076168533e+01 
       1.295147013672e-05       3.025579750546e+01 
       1.310144109277e-05       3.059457668858e+01 
       1.325314863064e-05       3.093715872806e+01 
       1.340661285901e-05       3.128358284089e+01 
       1.356185411939e-05       3.163388682680e+01 
       1.371889298885e-05       3.198812454774e+01 
       1.387775028271e-05       3.234631325997e+01 
       1.403844705734e-05       3.270852407656e+01 
       1.420100461292e-05       3.307479096616e+01 
       1.436544449628e-05       3.344515981711e+01 
       1.453178850375e-05       3.381968016675e+01 
       1.470005868404e-05       3.419839343895e+01 
       1.487027734119e-05       3.458134587517e+01 
       1.504246703749e-05       3.496860695471e+01 
       1.521665059651e-05       3.536018390597e+01 
       1.539285110608e-05       3.575616744952e+01 
       1.557109192139e-05       3.615657712735e+01 
       1.575139666807e-05       3.656146902551e+01 
       1.593378924532e-05       3.697091071015e+01 
       1.611829382907e-05       3.738494677681e+01 
       1.630493487522e-05       3.780361277646e+01 
       1.649373712281e-05       3.822697258667e+01 
       1.668472559740e-05       3.865507592256e+01 
       1.687792561430e-05       3.908797268961e+01 
       1.707336278195e-05       3.952572421963e+01 
       1.727106300535e-05       3.996838478636e+01 
       1.747105248944e-05       4.041600036407e+01 
       1.767335774261e-05       4.086862502845e+01 
       1.787800558021e-05       4.132633649150e+01 
       1.808502312808e-05       4.178917322312e+01 
       1.829443782618e-05       4.225722698393e+01 
       1.850627743220e-05       4.273047809695e+01 
       1.872057002525e-05       4.320908587458e+01 
       1.893734400958e-05       4.369298389813e+01 
       1.915662811834e-05       4.418235732493e+01 
       1.937845141741e-05       4.467721318108e+01 
       1.960284330923e-05       4.517764635131e+01 
       1.982983353669e-05       4.568360795193e+01 
       2.005945218711e-05       4.619532903703e+01 
       2.029172969619e-05       4.671275296120e+01 
       2.052669685206e-05       4.723595529906e+01 
       2.076438479936e-05       4.776505490414e+01 
       2.100482504338e-05       4.830006143659e+01 
       2.124804945421e-05       4.884109542367e+01 
       2.149409027098e-05       4.938815462085e+01 
       2.174298010613e-05       4.994140256032e+01 
       2.199475194974e-05       5.050083308539e+01 
       2.224943917390e-05       5.106652369526e+01 
       2.250707553712e-05       5.163858007047e+01 
       2.276769518883e-05       5.221699016697e+01 
       2.303133267387e-05       5.280196850242e+01 
       2.329802293711e-05       5.339350047839e+01 
       2.356780132806e-05       5.399162244440e+01 
       2.384070360554e-05       5.459644362463e+01 
       2.411676594247e-05       5.520812623428e+01 
       2.439602493060e-05       5.582658870930e+01 
       2.467851758540e-05       5.645203220440e+01 
       2.496428135099e-05       5.708454661533e+01 
       2.525335410502e-05       5.772410251527e+01 
       2.554577416379e-05       5.837081456992e+01 
       2.584158028725e-05       5.902480149406e+01 
       2.614081168419e-05       5.968611489111e+01 
       2.644350801741e-05       6.035486682471e+01 
       2.674970940896e-05       6.103117427143e+01 
       2.705945644553e-05       6.171499492759e+01 
       2.737279018374e-05       6.240652489361e+01 
       2.768975215564e-05       6.310583108459e+01 
       2.801038437419e-05       6.381295751551e+01 
       2.833472933886e-05       6.452800978616e+01 
       2.866283004120e-05       6.525111640503e+01 
       2.899472997062e-05       6.598234265178e+01 
       2.933047312010e-05       6.672178021574e+01 
       2.967010399201e-05       6.746952297919e+01 
       3.001366760407e-05       6.822566375735e+01 
       3.036120949527e-05       6.899029643124e+01 
       3.071277573189e-05       6.976351801300e+01 
       3.106841291367e-05       7.054542588030e+01 
       3.142816817993e-05       7.133612100090e+01 
       3.179208921585e-05       7.213571412027e+01 
       3.216022425875e-05       7.294427179935e+01 
       3.253262210454e-05       7.376191886139e+01 
       3.290933211415e-05       7.458875683893e+01 
       3.329040422009e-05       7.542488553149e+01 
       3.367588893305e-05       7.627044637899e+01 
       3.406583734862e-05       7.712545514360e+01 
       3.446030115402e-05       7.799010991768e+01 
       3.485933263501e-05       7.886446501845e+01 
       3.526298468279e-05       7.974866368950e+01 
       3.567131080099e-05       8.064280175020e+01 
       3.608436511281e-05       8.154700222443e+01 
       3.650220236813e-05       8.246137260227e+01 
       3.692487795083e-05       8.338598953160e+01 
       3.735244788612e-05       8.432104551743e+01 
       3.778496884791e-05       8.526667451724e+01 
       3.822249816640e-05       8.622286664560e+01 
       3.866509383561e-05       8.718984224669e+01 
       3.911281452114e-05       8.816771678586e+01 
       3.956571956786e-05       8.915658871898e+01 
       4.002386900786e-05       9.015659986349e+01 
       4.048732356834e-05       9.116786590985e+01 
       4.095614467970e-05       9.219050164079e+01 
       4.143039448368e-05       9.322466935724e+01 
       4.191013584158e-05       9.427046210323e+01 
       4.239543234258e-05       9.532804222255e+01 
       4.288634831222e-05       9.639759504607e+01 
       4.338294882088e-05       9.747915956776e+01 
       4.388529969241e-05       9.857293471982e+01 
       4.439346751288e-05       9.967898303923e+01 
       4.490751963938e-05       1.007975471254e+02 
       4.542752420897e-05       1.019287503359e+02 
       4.595355014769e-05       1.030726748179e+02 
       4.648566717970e-05       1.042295030352e+02 
       4.702394583655e-05       1.053993675531e+02 
       4.756845746649e-05       1.065824648676e+02 
       4.811927424393e-05       1.077788852260e+02 
       4.867646917906e-05       1.089888364197e+02 
       4.924011612745e-05       1.102124313516e+02 
       4.981028979990e-05       1.114498396589e+02 
       5.038706577231e-05       1.127012282282e+02 
       5.097052049571e-05       1.139667230153e+02 
       5.156073130640e-05       1.152465683912e+02 
       5.215777643617e-05       1.165408500542e+02 
       5.276173502271e-05       1.178497601537e+02 
       5.337268712007e-05       1.191734465791e+02 
       5.399071370931e-05       1.205121419252e+02 
       5.461589670917e-05       1.218659593116e+02 
       5.524831898697e-05       1.232350866996e+02 
       5.588806436962e-05       1.246197109245e+02 
       5.653521765466e-05       1.260200007345e+02 
       5.718986462157e-05       1.274361632530e+02 
       5.785209204308e-05       1.288683000471e+02 
       5.852198769673e-05       1.303167025139e+02 
       5.919964037647e-05       1.317815275189e+02 
       5.988513990441e-05       1.332629253350e+02 
       6.057857714278e-05       1.347611198345e+02 
       6.128004400593e-05       1.362763160175e+02 
       6.198963347254e-05       1.378086785096e+02 
       6.270743959793e-05       1.393584123273e+02 
       6.343355752651e-05       1.409257366009e+02 
       6.416808350443e-05       1.425108506765e+02 
       6.491111489231e-05       1.441139648972e+02 
       6.566275017817e-05       1.457353167155e+02 
       6.642308899044e-05       1.473750395729e+02 
       6.719223211120e-05       1.490334352257e+02 
       6.797028148955e-05       1.507106620325e+02 
       6.875734025509e-05       1.524069503969e+02 
       6.955351273161e-05       1.541225550775e+02 
       7.035890445090e-05       1.558576507650e+02 
       7.117362216677e-05       1.576125356598e+02 
       7.199777386916e-05       1.593873836782e+02 
       7.283146879849e-05       1.611824459861e+02 
       7.367481746012e-05       1.629979437038e+02 
       7.452793163901e-05       1.648341741471e+02 
       7.539092441451e-05       1.666913018623e+02 
       7.626391017538e-05       1.685696621986e+02 
       7.714700463493e-05       1.704694453828e+02 
       7.804032484639e-05       1.723908956091e+02 
       7.894398921838e-05       1.743343075235e+02 
       7.985811753063e-05       1.762999110450e+02 
       8.078283094986e-05       1.782879941617e+02 
       8.171825204582e-05       1.802987756872e+02 
       8.266450480759e-05       1.823325984757e+02 
       8.362171465992e-05       1.843896744919e+02 
       8.459000847996e-05       1.864703156181e+02 
       8.556951461400e-05       1.885747898811e+02 
       8.656036289452e-05       1.907033798250e+02 
       8.756268465737e-05       1.928563794288e+02 
       8.857661275924e-05       1.950340817678e+02 
       8.960228159518e-05       1.972367555759e+02 
       9.063982711649e-05       1.994647434212e+02 
       9.168938684871e-05       2.017183080696e+02 
       9.275109990985e-05       2.039977842242e+02 
       9.382510702881e-05       2.063034717694e+02 
       9.491155056408e-05       2.086356852870e+02 
       9.601057452257e-05       2.109947455737e+02 
       9.712232457872e-05       2.133809766232e+02 
       9.824694809380e-05       2.157947049160e+02 
       9.938459413542e-05       2.182362620164e+02 
       1.005354134974e-04       2.207059852775e+02 
       1.016995587194e-04       2.232042172262e+02 
       1.028771841079e-04       2.257312996695e+02 
       1.040684457557e-04       2.282875811604e+02 
       1.052735015632e-04       2.308734250788e+02 
       1.064925112593e-04       2.334891838115e+02 
       1.077256364225e-04       2.361352294016e+02 
       1.089730405020e-04       2.388119143454e+02 
       1.102348888401e-04       2.415196192924e+02 
       1.115113486933e-04       2.442587302064e+02 
       1.128025892549e-04       2.470296252288e+02 
       1.141087816776e-04       2.498326949635e+02 
       1.154300990957e-04       2.526683342260e+02 
       1.167667166484e-04       2.555369373324e+02 
       1.181188115029e-04       2.584389137171e+02 
       1.194865628779e-04       2.613746761850e+02 
       1.208701520674e-04       2.643446353998e+02 
       1.222697624647e-04       2.673492144333e+02 
       1.236855795865e-04       2.703888399107e+02 
       1.251177910979e-04       2.734639447481e+02 
       1.265665868371e-04       2.765749642261e+02 
       1.280321588402e-04       2.797223515610e+02 
       1.295147013672e-04       2.829065467361e+02 
       1.310144109277e-04       2.861280078845e+02 
       1.325314863064e-04       2.893871999963e+02 
       1.340661285901e-04       2.926845849472e+02 
       1.356185411939e-04       2.960206439186e+02 
       1.371889298885e-04       2.993958604445e+02 
       1.387775028271e-04       3.028107061158e+02 
       1.403844705734e-04       3.062656910733e+02 
       1.420100461292e-04       3.097613102701e+02 
       1.436544449628e-04       3.132980683677e+02 
       1.453178850375e-04       3.168764755484e+02 
       1.470005868404e-04       3.204970531956e+02 
       1.487027734119e-04       3.241603286817e+02 
       1.504246703749e-04       3.278668383252e+02 
       1.521665059651e-04       3.316171162979e+02 
       1.539285110608e-04       3.354117135922e+02 
       1.557109192139e-04       3.392511836966e+02 
       1.575139666807e-04       3.431360882394e+02 
       1.593378924532e-04       3.470669934075e+02 
       1.611829382907e-04       3.510444756453e+02 
       1.630493487522e-04       3.550691180154e+02 
       1.649373712281e-04       3.591415023667e+02 
       1.668472559740e-04       3.632622430346e+02 
       1.687792561430e-04       3.674319257956e+02 
       1.707336278195e-04       3.716511866168e+02 
       1.727106300535e-04       3.759206183941e+02 
       1.747105248944e-04       3.802408589651e+02 
       1.767335774261e-04       3.846125376797e+02 
       1.787800558021e-04       3.890363015577e+02 
       1.808502312808e-04       3.935127917129e+02 
       1.829443782618e-04       3.980426756406e+02 
       1.850627743220e-04       4.026266037681e+02 
       1.872057002525e-04       4.072652602090e+02 
       1.893734400958e-04       4.119593121388e+02 
       1.915662811834e-04       4.167094621696e+02 
       1.937845141741e-04       4.215163854230e+02 
       1.960284330923e-04       4.263807862258e+02 
       1.982983353669e-04       4.313033827107e+02 
       2.005945218711e-04       4.362848930175e+02 
       2.029172969619e-04       4.413260194947e+02 
       2.052669685206e-04       4.464275210111e+02 
       2.076438479936e-04       4.515901050882e+02 
       2.100482504338e-04       4.568145369390e+02 
       2.124804945421e-04       4.621015576974e+02 
       2.149409027098e-04       4.674519204117e+02 
       2.174298010613e-04       4.728664102013e+02 
       2.199475194974e-04       4.783457856599e+02 
       2.224943917390e-04       4.838908219231e+02 
       2.250707553712e-04       4.895022997377e+02 
       2.276769518883e-04       4.951810302186e+02 
       2.303133267387e-04       5.009277827417e+02 
       2.329802293711e-04       5.067433840275e+02 
       2.356780132806e-04       5.126286263689e+02 
       2.384070360554e-04       5.185843332514e+02 
       2.411676594247e-04       5.246113198541e+02 
       2.439602493060e-04       5.307104101678e+02 
       2.467851758540e-04       5.368824417610e+02 
       2.496428135099e-04       5.431282306302e+02 
       2.525335410502e-04       5.494486359823e+02 
       2.554577416379e-04       5.558444832946e+02 
       2.584158028725e-04       5.623166255703e+02 
       2.614081168419e-04       5.688659089288e+02 
       2.644350801741e-04       5.754931910621e+02 
       2.674970940896e-04       5.821993207274e+02 
       2.705945644553e-04       5.889851643431e+02 
       2.737279018374e-04       5.958515725953e+02 
       2.768975215564e-04       6.027994161840e+02 
       2.801038437419e-04       6.098295516223e+02 
       2.833472933886e-04       6.169428431586e+02 
       2.866283004120e-04       6.241401597289e+02 
       2.899472997062e-04       6.314223627819e+02 
       2.933047312010e-04       6.387903181139e+02 
       2.967010399201e-04       6.462448892312e+02 
       3.001366760407e-04       6.537869385352e+02 
       3.036120949527e-04       6.614173243177e+02 
       3.071277573189e-04       6.691369075925e+02 
       3.106841291367e-04       6.769465428469e+02 
       3.142816817994e-04       6.848470818410e+02 
       3.179208921585e-04       6.928393742706e+02 
       3.216022425875e-04       7.009242635448e+02 
       3.253262210454e-04       7.091025894142e+02 
       3.290933211416e-04       7.173751852097e+02 
       3.329040422009e-04       7.257428798146e+02 
       3.367588893305e-04       7.342064941065e+02 
       3.406583734862e-04       7.427668433941e+02 
       3.446030115402e-04       7.514247351216e+02 
       3.485933263502e-04       7.601809679709e+02 
       3.526298468279e-04       7.690363311678e+02 
       3.567131080099e-04       7.779916060694e+02 
       3.608436511281e-04       7.870475637606e+02 
       3.650220236813e-04       7.962049647161e+02 
       3.692487795083e-04       8.054645584865e+02 
       3.735244788612e-04       8.148270846511e+02 
       3.778496884791e-04       8.242932680535e+02 
       3.822249816640e-04       8.338638237080e+02 
       3.866509383561e-04       8.435394514297e+02 
       3.911281452114e-04       8.533208378224e+02 
       3.956571956786e-04       8.632086584715e+02 
       4.002386900786e-04       8.732035703751e+02 
       4.048732356834e-04       8.833062188127e+02 
       4.095614467970e-04       8.935172315015e+02 
       4.143039448368e-04       9.038372235654e+02 
       4.191013584158e-04       9.142667905156e+02 
       4.239543234258e-04       9.248065142781e+02 
       4.288634831222e-04       9.354569590962e+02 
       4.338294882088e-04       9.462186714232e+02 
       4.388529969241e-04       9.570921851486e+02 
       4.439346751288e-04       9.680780088880e+02 
       4.490751963938e-04       9.791766435104e+02 
       4.542752420897e-04       9.903885632258e+02 
       4.595355014769e-04       1.001714232973e+03 
       4.648566717970e-04       1.013154091727e+03 
       4.702394583655e-04       1.024708568361e+03 
       4.756845746649e-04       1.036378071374e+03 
       4.811927424393e-04       1.048162993128e+03 
       4.867646917906e-04       1.060063702091e+03 
       4.924011612745e-04       1.072080562381e+03 
       4.981028979990e-04       1.084213911116e+03 
       5.038706577231e-04       1.096464072683e+03 
       5.097052049571e-04       1.108831356989e+03 
       5.156073130640e-04       1.121316057559e+03 
       5.215777643617e-04       1.133918452340e+03 
       5.276173502271e-04       1.146638806211e+03 
       5.337268712008e-04       1.159477369072e+03 
       5.399071370931e-04       1.172434382847e+03 
       5.461589670917e-04       1.185510066998e+03 
       5.524831898697e-04       1.198704638608e+03 
       5.588806436962e-04       1.212018305307e+03 
       5.653521765466e-04       1.225451261314e+03 
       5.718986462157e-04       1.239003687503e+03 
       5.785209204308e-04       1.252675770115e+03 
       5.852198769673e-04       1.266467675114e+03 
       5.919964037647e-04       1.280379574857e+03 
       5.988513990441e-04       1.294411633238e+03 
       6.057857714278e-04       1.308564011680e+03 
       6.128004400593e-04       1.322836865429e+03 
       6.198963347255e-04       1.337230362028e+03 
       6.270743959793e-04       1.351744655348e+03 
       6.343355752651e-04       1.366379912843e+03 
       6.416808350443e-04       1.381136307215e+03 
       6.491111489231e-04       1.396014008279e+03 
       6.566275017817e-04       1.411013198874e+03 
       6.642308899044e-04       1.426134074147e+03 
       6.719223211120e-04       1.441376828429e+03 
       6.797028148955e-04       1.456741686876e+03 
       6.875734025509e-04       1.472228871728e+03 
       6.955351273161e-04       1.487838625674e+03 
       7.035890445090e-04       1.503571208894e+03 
       7.117362216677e-04       1.519426911702e+03 
       7.199777386916e-04       1.535406017365e+03 
       7.283146879849e-04       1.551508868959e+03 
       7.367481746013e-04       1.567735801083e+03 
       7.452793163901e-04       1.584087183704e+03 
       7.539092441451e-04       1.600563421678e+03 
       7.626391017538e-04       1.617164943322e+03 
       7.714700463494e-04       1.633892211961e+03 
       7.804032484639e-04       1.650745709824e+03 
       7.894398921838e-04       1.667725964718e+03 
       7.985811753063e-04       1.684833530718e+03 
       8.078283094986e-04       1.702069010332e+03 
       8.171825204583e-04       1.719433030909e+03 
       8.266450480759e-04       1.736926265364e+03 
       8.362171465993e-04       1.754549420900e+03 
       8.459000847996e-04       1.772303256944e+03 
       8.556951461400e-04       1.790188560158e+03 
       8.656036289452e-04       1.808206178091e+03 
       8.756268465737e-04       1.826356981994e+03 
       8.857661275924e-04       1.844641904730e+03 
       8.960228159518e-04       1.863061920917e+03 
       9.063982711649e-04       1.881618048654e+03 
       9.168938684872e-04       1.900311350526e+03 
       9.275109990985e-04       1.919142955325e+03 
       9.382510702881e-04       1.938114009577e+03 
       9.491155056408e-04       1.957225738285e+03 
       9.601057452257e-04       1.976479393631e+03 
       9.712232457872e-04       1.995876280970e+03 
       9.824694809380e-04       2.015417756834e+03 
       9.938459413542e-04       2.035105247369e+03 
       1.005354134974e-03       2.054940187161e+03 
       1.016995587194e-03       2.074924080460e+03 
       1.028771841079e-03       2.095058475876e+03 
       1.040684457557e-03       2.115344997851e+03 
       1.052735015632e-03       2.135785262189e+03 
       1.064925112593e-03       2.156380973266e+03 
       1.077256364225e-03       2.177133847743e+03 
       1.089730405020e-03       2.198045702570e+03 
       1.102348888401e-03       2.219118327160e+03 
       1.115113486933e-03       2.240353615411e+03 
       1.128025892549e-03       2.261753447864e+03 
       1.141087816776e-03       2.283319811813e+03 
       1.154300990957e-03       2.305054648296e+03 
       1.167667166484e-03       2.326960009876e+03 
       1.181188115029e-03       2.349037952496e+03 
       1.194865628779e-03       2.371290546940e+03 
       1.208701520674e-03       2.393719954530e+03 
       1.222697624647e-03       2.416328332216e+03 
       1.236855795865e-03       2.439117795271e+03 
       1.251177910979e-03       2.462090648258e+03 
       1.265665868371e-03       2.485249131491e+03 
       1.280321588402e-03       2.508595423890e+03 
       1.295147013673e-03       2.532131878728e+03 
       1.310144109277e-03       2.555860777319e+03 
       1.325314863064e-03       2.579784455366e+03 
       1.340661285901e-03       2.603905228366e+03 
       1.356185411939e-03       2.628225464789e+03 
       1.371889298885e-03       2.652747533234e+03 
       1.387775028271e-03       2.677473797051e+03 
       1.403844705734e-03       2.702406677373e+03 
       1.420100461292e-03       2.727548513188e+03 
       1.436544449628e-03       2.752901728044e+03 
       1.453178850375e-03       2.778468690330e+03 
       1.470005868404e-03       2.804251802995e+03 
       1.487027734119e-03       2.830253434033e+03 
       1.504246703749e-03       2.856476016344e+03 
       1.521665059651e-03       2.882921891713e+03 
       1.539285110608e-03       2.909591964648e+03 
       1.557109192139e-03       2.936488854534e+03 
       1.575139666807e-03       2.963616093468e+03 
       1.593378924532e-03       2.990976054347e+03 
       1.611829382908e-03       3.018571018940e+03 
       1.630493487522e-03       3.046403301616e+03 
       1.649373712281e-03       3.074475236148e+03 
       1.668472559740e-03       3.102789026639e+03 
       1.687792561430e-03       3.131346948592e+03 
       1.707336278195e-03       3.160151196033e+03 
       1.727106300535e-03       3.189204028122e+03 
       1.747105248944e-03       3.218507548064e+03 
       1.767335774261e-03       3.248063879597e+03 
       1.787800558021e-03       3.277875213254e+03 
       1.808502312808e-03       3.307943578003e+03 
       1.829443782618e-03       3.338270995638e+03 
       1.850627743220e-03       3.368859504028e+03 
       1.872057002525e-03       3.399711102305e+03 
       1.893734400958e-03       3.430827684743e+03 
       1.915662811834e-03       3.462211188033e+03 
       1.937845141741e-03       3.493863458716e+03 
       1.960284330923e-03       3.525786303268e+03 
       1.982983353669e-03       3.557981510908e+03 
       2.005945218711e-03       3.590450809993e+03 
       2.029172969619e-03       3.623195870981e+03 
       2.052669685206e-03       3.656218356876e+03 
       2.076438479936e-03       3.689519847154e+03 
       2.100482504338e-03       3.723101905781e+03 
       2.124804945421e-03       3.756966001242e+03 
       2.149409027098e-03       3.791113601768e+03 
       2.174298010613e-03       3.825546104044e+03 
       2.199475194974e-03       3.860264808812e+03 
       2.224943917390e-03       3.895271033434e+03 
       2.250707553712e-03       3.930565943554e+03 
       2.276769518883e-03       3.966150821634e+03 
       2.303133267387e-03       4.002026763783e+03 
       2.329802293711e-03       4.038194730923e+03 
       2.356780132806e-03       4.074655840855e+03 
       2.384070360554e-03       4.111410933184e+03 
       2.411676594247e-03       4.148460960912e+03 
       2.439602493060e-03       4.185806621496e+03 
       2.467851758540e-03       4.223448836807e+03 
       2.496428135099e-03       4.261388189860e+03 
       2.525335410502e-03       4.299625189241e+03 
       2.554577416379e-03       4.338160600239e+03 
       2.584158028725e-03       4.376994831836e+03 
       2.614081168419e-03       4.416128200624e+03 
       2.644350801741e-03       4.455561174398e+03 
       2.674970940896e-03       4.495293974617e+03 
       2.705945644553e-03       4.535326813183e+03 
       2.737279018374e-03       4.575659797446e+03 
       2.768975215564e-03       4.616292925996e+03 
       2.801038437419e-03       4.657226233637e+03 
       2.833472933886e-03       4.698459552168e+03 
       2.866283004120e-03       4.739992758725e+03 
       2.899472997062e-03       4.781825676008e+03 
       2.933047312010e-03       4.823957440279e+03 
       2.967010399201e-03       4.866388170219e+03 
       3.001366760407e-03       4.909117115342e+03 
       3.036120949527e-03       4.952143450408e+03 
       3.071277573189e-03       4.995466942582e+03 
       3.106841291367e-03       5.039086499289e+03 
       3.142816817994e-03       5.083001234352e+03 
       3.179208921585e-03       5.127210122276e+03 
       3.216022425875e-03       5.171712123410e+03 
       3.253262210454e-03       5.216505984182e+03 
       3.290933211416e-03       5.261590462528e+03 
       3.329040422010e-03       5.306964252769e+03 
       3.367588893306e-03       5.352626168855e+03 
       3.406583734862e-03       5.398573373298e+03 
       3.446030115402e-03       5.444805639082e+03 
       3.485933263502e-03       5.491320434152e+03 
       3.526298468279e-03       5.538115708956e+03 
       3.567131080100e-03       5.585190020965e+03 
       3.608436511281e-03       5.632540915810e+03 
       3.650220236813e-03       5.680166110945e+03 
       3.692487795083e-03       5.728063257240e+03 
       3.735244788612e-03       5.776229628444e+03 
       3.778496884791e-03       5.824663090739e+03 
       3.822249816640e-03       5.873360290418e+03 
       3.866509383561e-03       5.922319652728e+03 
       3.911281452114e-03       5.971535909599e+03 
       3.956571956786e-03       6.021008126566e+03 
       4.002386900786e-03       6.070732291210e+03 
       4.048732356834e-03       6.120704537038e+03 
       4.095614467970e-03       6.170922303367e+03 
       4.143039448368e-03       6.221381459578e+03 
       4.191013584158e-03       6.272078216797e+03 
       4.239543234258e-03       6.323008855667e+03 
       4.288634831222e-03       6.374168904736e+03 
       4.338294882088e-03       6.425554930715e+03 
       4.388529969241e-03       6.477162010196e+03 
       4.439346751288e-03       6.528985967510e+03 
       4.490751963938e-03       6.581022124340e+03 
       4.542752420897e-03       6.633265574037e+03 
       4.595355014769e-03       6.685711354124e+03 
       4.648566717970e-03       6.738354306343e+03 
       4.702394583655e-03       6.791190133631e+03 
       4.756845746649e-03       6.844212474842e+03 
       4.811927424393e-03       6.897416110765e+03 
       4.867646917906e-03       6.950794977855e+03 
       4.924011612745e-03       7.004343903283e+03 
       4.981028979990e-03       7.058056140113e+03 
       5.038706577231e-03       7.111926172761e+03 
       5.097052049571e-03       7.165947608656e+03 
       5.156073130640e-03       7.220112487411e+03 
       5.215777643617e-03       7.274415332840e+03 
       5.276173502271e-03       7.328849186387e+03 
       5.337268712008e-03       7.383406779115e+03 
       5.399071370931e-03       7.438080563795e+03 
       5.461589670917e-03       7.492863616169e+03 
       5.524831898697e-03       7.547746385516e+03 
       5.588806436962e-03       7.602731409395e+03 
       5.653521765466e-03       7.657844009263e+03 
       5.718986462157e-03       7.712989438119e+03 
       5.785209204308e-03       7.768274576605e+03 
       5.852198769674e-03       7.823515449111e+03 
       5.919964037647e-03       7.878746720866e+03 
       5.988513990441e-03       7.934106457786e+03 
       6.057857714278e-03       7.989502303521e+03 
       6.128004400594e-03       8.044922217883e+03 
       6.198963347255e-03       8.100356042413e+03 
       6.270743959793e-03       8.155787394463e+03 
       6.343355752651e-03       8.211216334593e+03 
       6.416808350443e-03       8.266638800036e+03 
       6.491111489232e-03       8.322032297978e+03 
       6.566275017817e-03       8.377385707112e+03 
       6.642308899044e-03       8.432688657294e+03 
       6.719223211120e-03       8.487943303192e+03 
       6.797028148956e-03       8.543124525996e+03 
       6.875734025510e-03       8.598225379379e+03 
       6.955351273161e-03       8.653235656287e+03 
       7.035890445090e-03       8.708131003665e+03 
       7.117362216677e-03       8.762913270594e+03 
       7.199777386916e-03       8.817568625579e+03 
       7.283146879849e-03       8.872077505186e+03 
       7.367481746013e-03       8.926427807351e+03 
       7.452793163901e-03       8.980615526622e+03 
       7.539092441451e-03       9.034624935531e+03 
       7.626391017538e-03       9.088437664394e+03 
       7.714700463494e-03       9.142051820407e+03 
       7.804032484640e-03       9.195431400797e+03 
       7.894398921838e-03       9.248570006453e+03 
       7.985811753063e-03       9.301463465812e+03 
       8.078283094986e-03       9.354085842432e+03 
       8.171825204583e-03       9.406432208714e+03 
       8.266450480759e-03       9.458471121225e+03 
       8.362171465993e-03       9.510195165541e+03 
       8.459000847997e-03       9.561599876034e+03 
       8.556951461400e-03       9.612674744533e+03 
       8.656036289452e-03       9.663379415546e+03 
       8.756268465738e-03       9.713705678227e+03 
       8.857661275924e-03       9.763635089920e+03 
       8.960228159518e-03       9.813159352092e+03 
       9.063982711650e-03       9.862273266096e+03 
       9.168938684872e-03       9.910930562212e+03 
       9.275109990985e-03       9.959121224600e+03 
       9.382510702881e-03       1.000684553085e+04 
       9.491155056408e-03       1.005406286175e+04 
       9.601057452257e-03       1.010076189721e+04 
       9.712232457872e-03       1.014692289205e+04 
       9.824694809380e-03       1.019254772258e+04 
       9.938459413543e-03       1.023759605477e+04 
       1.005354134974e-02       1.028204282737e+04 
       1.016995587194e-02       1.032590438120e+04 
       1.028771841079e-02       1.036911269717e+04 
       1.040684457557e-02       1.041167731839e+04 
       1.052735015632e-02       1.045359405744e+04 
       1.064925112593e-02       1.049478958230e+04 
       1.077256364225e-02       1.053528072745e+04 
       1.089730405020e-02       1.057506799447e+04 
       1.102348888401e-02       1.061408017149e+04 
       1.115113486933e-02       1.065234852845e+04 
       1.128025892549e-02       1.068979098110e+04 
       1.141087816776e-02       1.072642558946e+04 
       1.154300990957e-02       1.076223179895e+04 
       1.167667166484e-02       1.079719326944e+04 
       1.181188115029e-02       1.083126106921e+04 
       1.194865628779e-02       1.086444244851e+04 
       1.208701520674e-02       1.089670355578e+04 
       1.222697624647e-02       1.092802442752e+04 
       1.236855795865e-02       1.095835440906e+04 
       1.251177910979e-02       1.098771128267e+04 
       1.265665868371e-02       1.101606275307e+04 
       1.280321588402e-02       1.104339159302e+04 
       1.295147013673e-02       1.106964254624e+04 
       1.310144109277e-02       1.109483078385e+04 
       1.325314863064e-02       1.111893419884e+04 
       1.340661285901e-02       1.114187806900e+04 
       1.356185411940e-02       1.116372519043e+04 
       1.371889298885e-02       1.118438596987e+04 
       1.387775028271e-02       1.120382858116e+04 
       1.403844705735e-02       1.122208540955e+04 
       1.420100461293e-02       1.123911937365e+04 
       1.436544449630e-02       1.125489271634e+04 
       1.453178850377e-02       1.126938927935e+04 
       1.470005868408e-02       1.128259893779e+04 
       1.487027734125e-02       1.129451417510e+04 
       1.504246703759e-02       1.130503455229e+04 
       1.521665059666e-02       1.131424752781e+04 
       1.539285110631e-02       1.132203163243e+04 
       1.557109192175e-02       1.132844961774e+04 
       1.575139666861e-02       1.133343054837e+04 
       1.593378924612e-02       1.133697980897e+04 
       1.611829383027e-02       1.133906300601e+04 
       1.630493487699e-02       1.133968645298e+04 
       1.649373712544e-02       1.133879585160e+04 
       1.668472560127e-02       1.133638233578e+04 
       1.687792561996e-02       1.133245244526e+04 
       1.707336279021e-02       1.132696107558e+04 
       1.727106301732e-02       1.131993945066e+04 
       1.747105250672e-02       1.131132387399e+04 
       1.767335776743e-02       1.130111233249e+04 
       1.787800561568e-02       1.128928244732e+04 
       1.808502317855e-02       1.127585049980e+04 
       1.829443789763e-02       1.126074994963e+04 
       1.850627753289e-02       1.124404428627e+04 
       1.872057016649e-02       1.122566859385e+04 
       1.893734420680e-02       1.120560176665e+04 
       1.915662839248e-02       1.118388862746e+04 
       1.937845179677e-02       1.116052182750e+04 
       1.960284383187e-02       1.113540849446e+04 
       1.982983425359e-02       1.110866964720e+04 
       2.005945316618e-02       1.108017301780e+04 
       2.029173102759e-02       1.105004329595e+04 
       2.052669865489e-02       1.101817338398e+04 
       2.076438723029e-02       1.098460752022e+04 
       2.100482830760e-02       1.094933267740e+04 
       2.124805381933e-02       1.091236447821e+04 
       2.149409608454e-02       1.087374725597e+04 
       2.174298781759e-02       1.083341727274e+04 
       2.199476213795e-02       1.079135304008e+04 
       2.224945258130e-02       1.074772273888e+04 
       2.250709311214e-02       1.070238910345e+04 
       2.276771813815e-02       1.065539701137e+04 
       2.303136252668e-02       1.060677206621e+04 
       2.329806162370e-02       1.055654414085e+04 
       2.356785127556e-02       1.050472923230e+04 
       2.384076785412e-02       1.045135447448e+04 
       2.411684828565e-02       1.039639867751e+04 
       2.439613008426e-02       1.033981520068e+04 
       2.467865139021e-02       1.028183177361e+04 
       2.496445101411e-02       1.022246280933e+04 
       2.525356848760e-02       1.016154882473e+04 
       2.554604412142e-02       1.009907838018e+04 
       2.584191907173e-02       1.003536689007e+04 
       2.614123541577e-02       9.970286103858e+03 
       2.644403623784e-02       9.903857707197e+03 
       2.675036572671e-02       9.836183317511e+03 
       2.706026928578e-02       9.767222657866e+03 
       2.737379365708e-02       9.697222993344e+03 
       2.769098706053e-02       9.625905708512e+03 
       2.801189934985e-02       9.553503199224e+03 
       2.833658218641e-02       9.480087836032e+03 
       2.866508923265e-02       9.405711619230e+03 
       2.899747636634e-02       9.330349434453e+03 
       2.933380191744e-02       9.254085439925e+03 
       2.967412692890e-02       9.176992506219e+03 
       3.001851544300e-02       9.099074874192e+03 
       3.036703481494e-02       9.020513698575e+03 
       3.071975605497e-02       8.941203043527e+03 
       3.107675420095e-02       8.861342960715e+03 
       3.143810872272e-02       8.780885141616e+03 
       3.180390396001e-02       8.699803038200e+03 
       3.217422959557e-02       8.618445590368e+03 
       3.254918116504e-02       8.536636755537e+03 
       3.292886060560e-02       8.454459334403e+03 
       3.331337684501e-02       8.372184876581e+03 
       3.370284643311e-02       8.289636083576e+03 
       3.409739421789e-02       8.206796684333e+03 
       3.449715406841e-02       8.123914921853e+03 
       3.490226964709e-02       8.041181875718e+03 
       3.531289523418e-02       7.958300680828e+03 
       3.572919660751e-02       7.875728589274e+03 
       3.615135198105e-02       7.793107260952e+03 
       3.657955300625e-02       7.710823352542e+03 
       3.701400584046e-02       7.628819572830e+03 
       3.745493228774e-02       7.547120599024e+03 
       3.790257101744e-02       7.465583213145e+03 
       3.835717886709e-02       7.384784338098e+03 
       3.881903223682e-02       7.304279919968e+03 
       3.928842858323e-02       7.224522559588e+03 
       3.976568802188e-02       7.145100983725e+03 
       4.025115504842e-02       7.066282291129e+03 
       4.074520038942e-02       6.988239955075e+03 
       4.124822299561e-02       6.910918488856e+03 
       4.176065219089e-02       6.834399690295e+03 
       4.228294999248e-02       6.758555635602e+03 
       4.281561361856e-02       6.683469492002e+03 
       4.335917820161e-02       6.609371169035e+03 
       4.391421972698e-02       6.535999074113e+03 
       4.448135821808e-02       6.463623878259e+03 
       4.506126119095e-02       6.392092465732e+03 
       4.565464740276e-02       6.321570664563e+03 
       4.626229092012e-02       6.251948290506e+03 
       4.688502553455e-02       6.183271385956e+03 
       4.752374955343e-02       6.115528721915e+03 
       4.817943099530e-02       6.048682277979e+03 
       4.885311321885e-02       5.982788878832e+03 
       4.954592101374e-02       5.917728168079e+03 
       5.025906718005e-02       5.853487628400e+03 
       5.099385961975e-02       5.789995602688e+03 
       5.175170895862e-02       5.727156569963e+03 
       5.253413670959e-02       5.664856348118e+03 
       5.334278397789e-02       5.603009394248e+03 
       5.417942069410e-02       5.541327199606e+03 
       5.504595534199e-02       5.479768419113e+03 
       5.594444512280e-02       5.418121413677e+03 
       5.687710646567e-02       5.355875577273e+03 
       5.784632575335e-02       5.292825491866e+03 
       5.885467008189e-02       5.228569244403e+03 
       5.990489781253e-02       5.162601935710e+03 
       6.099996860103e-02       5.094437376771e+03 
       6.214305250555e-02       5.023472279832e+03 
       6.333753767928e-02       4.949055591880e+03 
       6.458703605061e-02       4.870427882133e+03 
       6.589538628722e-02       4.786820657654e+03 
       6.726665323885e-02       4.697444360080e+03 
       6.870512296875e-02       4.601479729358e+03 
       7.021529243220e-02       4.498193875279e+03 
       7.180185286359e-02       4.386907659096e+03 
       7.346966601632e-02       4.267168043507e+03 
       7.522373258915e-02       4.138768130197e+03 
       7.706915249449e-02       4.001802076532e+03 
       7.901107709537e-02       3.856871308684e+03 
       8.105465416113e-02       3.705115304332e+03 
       8.320496704534e-02       3.548228925709e+03 
       8.546697041986e-02       3.388467922508e+03 
       8.784542571783e-02       3.228591723434e+03 
       9.034484012821e-02       3.071753329141e+03 
       9.296941340947e-02       2.921197974449e+03 
       9.572299682443e-02       2.780107019026e+03 
       9.860906805612e-02       2.651046352134e+03 
       1.016307250289e-01       2.535736410161e+03 
       1.047907002026e-01       2.434698228258e+03 
       1.080913952906e-01       2.346992472402e+03 
       1.115349346893e-01       2.270051484627e+03 
       1.151232344443e-01       2.200047792593e+03 
       1.188580824965e-01       2.131986134530e+03 
       1.227412253938e-01       2.060631692987e+03 
       1.267744566225e-01       1.981448830864e+03 
       1.309597021501e-01       1.891670129553e+03 
       1.352990995372e-01       1.791209068805e+03 
       1.397950679059e-01       1.682871972679e+03 
       1.444503669922e-01       1.571969895994e+03 
       1.492681443351e-01       1.464936154012e+03 
       1.542519702887e-01       1.367845818480e+03 
       1.594058609537e-01       1.284807544726e+03 
       1.647342893067e-01       1.217010226300e+03 
       1.702421847978e-01       1.162274430887e+03 
       1.759349215100e-01       1.115680327144e+03 
       1.818182946952e-01       1.070929829945e+03 
       1.878984851336e-01       1.022746533860e+03 
       1.941820103751e-01       9.676512011023e+02 
       2.006756615254e-01       9.064075354789e+02 
       2.073864238937e-01       8.435095536890e+02 
       2.143213795500e-01       7.847255679645e+02 
       2.214875897100e-01       7.340560795557e+02 
       2.288919549279e-01       6.922929338091e+02 
       2.365410514016e-01       6.574125998907e+02 
       2.444409423670e-01       6.253439658711e+02 
       2.525969646529e-01       5.919483548414e+02 
       2.610134920621e-01       5.556926265185e+02 
       2.696936793787e-01       5.183466483680e+02 
       2.786391934560e-01       4.830835193713e+02 
       2.878499409231e-01       4.524793286181e+02 
       2.973238053201e-01       4.265831156964e+02 
       3.070564095821e-01       4.030784633483e+02 
       3.170409222281e-01       3.798064230616e+02 
       3.272679267763e-01       3.561235000789e+02 
       3.377253731999e-01       3.330820957413e+02 
       3.483986271845e-01       3.122147097879e+02 
       3.592706273794e-01       2.938317463222e+02 
       3.703221530072e-01       2.771901945803e+02 
       3.815321948852e-01       2.612576979603e+02 
       3.928784133096e-01       2.458341162838e+02 
       4.043376578090e-01       2.313696091529e+02 
       4.158865178581e-01       2.181882941742e+02 
       4.275018712168e-01       2.062453115773e+02 
       4.391613979705e-01       1.951978639630e+02 
       4.508440332078e-01       1.848427621289e+02 
       4.625303386265e-01       1.750947385165e+02 
       4.742027819158e-01       1.660621017803e+02 
       4.858459212085e-01       1.577576717031e+02 
       4.974464991845e-01       1.501337677290e+02 
       5.089934568575e-01       1.430289746339e+02 
       5.204778804749e-01       1.363715414400e+02 
       5.318928964067e-01       1.301564359879e+02 
       5.432335287626e-01       1.243819634684e+02 
       5.544965332037e-01       1.190246582558e+02 
       5.656802184657e-01       1.140162147255e+02 
       5.767842648734e-01       1.093324294563e+02 
       5.878095468893e-01       1.049277404529e+02 
       5.987579646982e-01       1.007976820440e+02 
       6.096322880806e-01       9.691831548598e+01 
       6.204360144137e-01       9.327296383841e+01 
       6.311732415506e-01       8.984225095544e+01 
       6.418485555305e-01       8.659700790220e+01 
       6.524669325232e-01       8.353237564114e+01 
       6.630336540590e-01       8.062586376549e+01 
       6.735542343930e-01       7.787465051747e+01 
       6.840343587661e-01       7.526361339828e+01 
       6.944798313146e-01       7.278040881329e+01 
       7.048965314244e-01       7.041994722771e+01 
       7.152903774031e-01       6.816551467471e+01 
       7.256672964387e-01       6.601701977757e+01 
       7.360331999175e-01       6.396289902522e+01 
       7.463939632805e-01       6.199800056579e+01 
       7.567554096947e-01       6.011853450283e+01 
       7.671232969175e-01       5.831361597932e+01 
       7.775033068114e-01       5.658418664747e+01 
       7.879010370531e-01       5.492087112887e+01 
       7.983219946439e-01       5.332199113144e+01 
       8.087715908940e-01       5.178416617626e+01 
       8.192551376070e-01       5.030095434055e+01 
       8.297778442356e-01       4.887349334715e+01 
       8.403448158217e-01       4.749426694640e+01 
       8.509610515690e-01       4.616381711422e+01 
       8.616314439252e-01       4.487822361770e+01 
       8.723607780757e-01       4.363453939451e+01 
       8.831537317750e-01       4.243305620648e+01 
       8.940148754559e-01       4.126834215052e+01 
       9.049486725751e-01       4.014206002261e+01 
       9.159594801661e-01       3.904949181833e+01 
       9.270515495769e-01       3.799106309249e+01 
       9.382290273834e-01       3.696449740350e+01 
       9.494959564713e-01       3.596801848908e+01 
       9.608562772871e-01       3.500172447261e+01 
       9.723138292600e-01       3.406230586908e+01 
       9.838723524003e-01       3.315110303189e+01 
       9.955354890791e-01       3.226448436185e+01 
       1.007306785997e+00       3.140395298334e+01 
       1.019189696344e+00       3.056633950512e+01 
       1.031187582162e+00       2.975269379425e+01 
       1.043303716897e+00       2.896061821295e+01 
       1.055541288160e+00       2.819060207794e+01 
       1.067903400675e+00       2.744097407398e+01 
       1.080393079425e+00       2.671182275049e+01 
       1.093013272975e+00       2.600187133190e+01 
       1.105766856960e+00       2.531107743981e+01 
       1.118656637739e+00       2.463833929774e+01 
       1.131685356177e+00       2.398369272248e+01 
       1.144855691556e+00       2.334597799397e+01 
       1.158170265572e+00       2.272541891258e+01 
       1.171631646425e+00       2.212068010516e+01 
       1.185242352943e+00       2.153231025362e+01 
       1.199004858752e+00       2.095871731541e+01 
       1.212921596437e+00       2.040070120756e+01 
       1.226994961692e+00       1.985663488349e+01 
       1.241227317422e+00       1.932721906260e+01 
       1.255620997787e+00       1.881119400997e+01 
       1.270178312154e+00       1.830872585496e+01 
       1.284901548952e+00       1.781936466480e+01 
       1.299792979397e+00       1.734243498039e+01 
       1.314854861095e+00       1.687828628604e+01 
       1.330089441485e+00       1.642579842305e+01 
       1.345498961135e+00       1.598533859476e+01 
       1.361085656863e+00       1.555631528538e+01 
       1.376851764698e+00       1.513827234411e+01 
       1.392799522662e+00       1.473144918998e+01 
       1.408931173379e+00       1.433499307322e+01 
       1.425248966512e+00       1.394892235980e+01 
       1.441755161034e+00       1.357313875802e+01 
       1.458452027325e+00       1.320693189048e+01 
       1.475341849121e+00       1.285037612928e+01 
       1.492426925296e+00       1.250329177670e+01 
       1.509709571519e+00       1.216509171154e+01 
       1.527192121752e+00       1.183579010836e+01 
       1.544876929643e+00       1.151527252393e+01 
       1.562766369782e+00       1.120303184288e+01 
       1.580862838863e+00       1.089896049180e+01 
       1.599168756741e+00       1.060304363367e+01 
       1.617686567398e+00       1.031490963959e+01 
       1.636418739827e+00       1.003423264437e+01 
       1.655367768856e+00       9.761061421782e+00 
       1.674536175886e+00       9.495199509494e+00 
       1.693926509597e+00       9.236349905872e+00 
       1.713541346583e+00       8.984276287241e+00 
       1.733383291961e+00       8.738888951146e+00 
       1.753454979931e+00       8.500072998551e+00 
       1.773759074312e+00       8.267609763614e+00 
       1.794298269053e+00       8.041291287956e+00 
       1.815075288711e+00       7.820952097957e+00 
       1.836092888924e+00       7.606497258543e+00 
       1.857353856861e+00       7.397797564937e+00 
       1.878861011666e+00       7.194687504037e+00 
       1.900617204887e+00       6.997017891993e+00 
       1.922625320901e+00       6.804612047559e+00 
       1.944888277336e+00       6.617336183396e+00 
       1.967409025491e+00       6.435082083417e+00 
       1.990190550745e+00       6.257699572572e+00 
       2.013235872978e+00       6.085100475261e+00 
       2.036548046982e+00       5.917131272298e+00 
       2.060130162881e+00       5.753679498322e+00 
       2.083985346551e+00       5.594660219998e+00 
       2.108116760038e+00       5.439911136701e+00 
       2.132527601984e+00       5.289337413297e+00 
       2.157221108057e+00       5.142761982916e+00 
       2.182200551382e+00       5.000205244147e+00 
       2.207469242976e+00       4.861540268836e+00 
       2.233030532192e+00       4.726574966123e+00 
       2.258887807161e+00       4.595234547867e+00 
       2.285044495244e+00       4.467586124557e+00 
       2.311504063487e+00       4.343299929658e+00 
       2.338270019081e+00       4.222389333125e+00 
       2.365345909828e+00       4.104733664766e+00 
       2.392735324609e+00       3.990321423156e+00 
       2.420441893862e+00       3.879024007695e+00 
       2.448469290065e+00       3.770716306844e+00 
       2.476821228219e+00       3.665406452455e+00 
       2.505501466343e+00       3.562960637751e+00 
       2.534513805972e+00       3.463317113096e+00 
       2.563862092660e+00       3.366367560266e+00 
       2.593550216491e+00       3.272134311672e+00 
       2.623582112594e+00       3.180444504417e+00 
       2.653961761664e+00       3.091279071028e+00 
       2.684693190491e+00       3.004549643764e+00 
       2.715780472492e+00       2.920178426721e+00 
       2.747227728254e+00       2.838129245307e+00 
       2.779039126074e+00       2.758349385362e+00 
       2.811218882521e+00       2.680767800426e+00 
       2.843771262986e+00       2.605307906178e+00 
       2.876700582251e+00       2.531915989795e+00 
       2.910011205063e+00       2.460580212036e+00 
       2.943707546708e+00       2.391196041913e+00 
       2.977794073599e+00       2.323712037977e+00 
       3.012275303870e+00       2.258116175371e+00 
       3.047155807969e+00       2.194329841652e+00 
       3.082440209271e+00       2.132318864194e+00 
       3.118133184683e+00       2.071990856050e+00 
       3.154239465271e+00       2.013343300300e+00 
       3.190763836884e+00       1.956347399531e+00 
       3.227711140787e+00       1.900894011025e+00 
       3.265086274306e+00       1.847015270070e+00 
       3.302894191474e+00       1.794618188851e+00 
       3.341139903690e+00       1.743697644294e+00 
       3.379828480380e+00       1.694186475037e+00 
       3.418965049675e+00       1.646036656154e+00 
       3.458554799084e+00       1.599227719768e+00 
       3.498602976185e+00       1.553739328908e+00 
       3.539114889322e+00       1.509510984588e+00 
       3.580095908303e+00       1.466522973295e+00 
       3.621551465119e+00       1.424738327767e+00 
       3.663487054660e+00       1.384112762291e+00 
       3.705908235441e+00       1.344631027454e+00 
       3.748820630344e+00       1.306261782889e+00 
       3.792229927362e+00       1.268948793340e+00 
       3.836141880349e+00       1.232689872106e+00 
       3.880562309787e+00       1.197453237911e+00 
       3.925497103556e+00       1.163202078598e+00 
       3.970952217714e+00       1.129907882493e+00 
       4.016933677287e+00       1.097553516378e+00 
       4.063447577068e+00       1.066109555799e+00 
       4.110500082424e+00       1.035552372590e+00 
       4.158097430114e+00       1.005853438091e+00 
       4.206245929114e+00       9.769909209789e-01 
       4.254951961456e+00       9.489416603710e-01 
       4.304221983072e+00       9.216832672940e-01 
       4.354062524650e+00       8.951948231030e-01 
       4.404480192499e+00       8.694551368996e-01 
       4.455481669426e+00       8.444434037169e-01 
       4.507073715623e+00       8.201406904809e-01 
       4.559263169559e+00       7.965126558485e-01 
       4.612056948890e+00       7.735667231997e-01 
       4.665462051374e+00       7.512772350205e-01 
       4.719485555799e+00       7.296047024984e-01 
       4.774134622922e+00       7.085565255924e-01 
       4.829416496419e+00       6.880990415640e-01 
       4.885338503841e+00       6.682259852419e-01 
       4.941908057591e+00       6.489172622511e-01 
       4.999132655900e+00       6.301601313547e-01 
       5.057019883828e+00       6.119297543095e-01 
       5.115577414265e+00       5.942195078971e-01 
       5.174813008946e+00       5.770157853206e-01 
       5.234734519487e+00       5.603061239941e-01 
       5.295349888418e+00       5.440626415147e-01 
       5.356667150241e+00       5.282943889913e-01 
       5.418694432493e+00       5.129701416003e-01 
       5.481439956822e+00       4.980845070545e-01 
       5.544912040080e+00       4.836200622925e-01 
       5.609119095424e+00       4.695758935756e-01 
       5.674069633428e+00       4.559301499389e-01 
       5.739772263215e+00       4.426746234936e-01 
       5.806235693599e+00       4.298077233446e-01 
       5.873468734236e+00       4.172959537118e-01 
       5.941480296791e+00       4.051484667016e-01 
       6.010279396123e+00       3.933497444512e-01 
       6.079875151480e+00       3.818886819687e-01 
       6.150276787703e+00       3.707569806075e-01 
       6.221493636451e+00       3.599439970471e-01 
       6.293535137443e+00       3.494432680167e-01 
       6.366410839700e+00       3.392437737078e-01 
       6.440130402818e+00       3.293372655224e-01 
       6.514703598245e+00       3.197168592138e-01 
       6.590140310578e+00       3.103731738223e-01 
       6.666450538871e+00       3.012984583228e-01 
       6.743644397961e+00       2.924830891967e-01 
       6.821732119813e+00       2.839210749153e-01 
       6.900724054867e+00       2.756092862015e-01 
       6.980630673421e+00       2.675369388550e-01 
       7.061462567009e+00       2.597003903479e-01 
       7.143230449812e+00       2.520886280248e-01 
       7.225945160073e+00       2.446966920247e-01 
       7.309617661539e+00       2.375179461419e-01 
       7.394259044908e+00       2.305466142162e-01 
       7.479880529304e+00       2.237787625074e-01 
       7.566493463763e+00       2.172051265070e-01 
       7.654109328734e+00       2.108217245115e-01 
       7.742739737606e+00       2.046258771773e-01 
       7.832396438244e+00       1.986083207671e-01 
       7.923091314546e+00       1.927650106126e-01 
       8.014836388020e+00       1.870899950261e-01 
       8.107643819376e+00       1.815810962076e-01 
       8.201525910138e+00       1.762333686218e-01 
       8.296495104276e+00       1.710400686335e-01 
       8.392563989853e+00       1.659984346043e-01 
       8.489745300697e+00       1.611033355284e-01 
       8.588051918085e+00       1.563555674709e-01 
       8.687496872452e+00       1.517409767176e-01 
       8.788093345119e+00       1.472604373687e-01 
       8.889854670041e+00       1.429108097037e-01 
       8.992794335570e+00       1.386881211847e-01 
       9.096925986247e+00       1.345882749976e-01 
       9.202263424610e+00       1.306088562638e-01 
       9.308820613023e+00       1.267457364260e-01 
       9.416611675525e+00       1.229953400313e-01 
       9.525650899705e+00       1.193545815888e-01 
       9.635952738594e+00       1.158204227395e-01 
       9.747531812581e+00       1.123901863710e-01 
       9.860402911352e+00       1.090588411570e-01 
       9.974580995848e+00       1.058260680522e-01 
       1.009008120025e+01       1.026876838429e-01 
       1.020691883399e+01       9.964131448957e-02 
       1.032510938376e+01       9.668451276657e-02 
       1.044466851560e+01       9.381422309704e-02 
       1.056561207693e+01       9.102824990363e-02 
       1.068795609871e+01       8.832399646696e-02 
       1.081171679748e+01       8.569881695096e-02 
       1.093691057761e+01       8.315273590730e-02 
       1.106355403339e+01       8.067892199429e-02 
       1.119166395127e+01       7.827970153109e-02 
       1.132125731209e+01       7.594972060781e-02 
       1.145235129330e+01       7.368824107298e-02 
       1.158496327127e+01       7.149375679462e-02 
       1.171911082357e+01       6.936364754854e-02 
       1.185481173132e+01       6.729726595868e-02 
       1.199208398152e+01       6.529049960032e-02 
       1.213094576946e+01       6.334351816544e-02 
       1.227141550113e+01       6.145437782526e-02 
       1.241351179563e+01       5.962021552283e-02 
       1.255725348767e+01       5.784091684355e-02 
       1.270265963006e+01       5.611373847316e-02 
       1.284974949623e+01       5.443754127144e-02 
       1.299854258277e+01       5.281047178564e-02 
       1.314905861205e+01       5.123176885299e-02 
       1.330131753481e+01       4.969985343129e-02 
       1.345533953280e+01       4.821330334920e-02 
       1.361114502147e+01       4.677069343903e-02 
       1.376875465268e+01       4.537111878153e-02 
       1.392818931739e+01       4.401266878561e-02 
       1.408947014852e+01       4.269482094203e-02 
       1.425261852365e+01       4.141559970926e-02 
       1.441765606793e+01       4.017480906179e-02 
       1.458460465690e+01       3.897008857808e-02 
       1.475348641942e+01       3.780109059839e-02 
       1.492432374059e+01       3.666736134424e-02 
       1.509713926470e+01       3.556771602908e-02 
       1.527195589828e+01       3.449989678414e-02 
       1.544879681306e+01       3.346346201240e-02 
       1.562768544913e+01       3.245877605823e-02 
       1.580864551797e+01       3.148331601567e-02 
       1.599170100566e+01       3.053745739893e-02 
       1.617687617599e+01       2.961943590916e-02 
       1.636419557374e+01       2.872873071583e-02 
       1.655368402789e+01       2.786451731773e-02 
       1.674536665492e+01       2.702571680867e-02 
       1.693926886216e+01       2.621226916130e-02 
       1.713541635115e+01       2.542347630735e-02 
       1.733383512101e+01       2.465782906094e-02 
       1.753455147195e+01       2.391487192783e-02 
       1.773759200868e+01       2.319418091653e-02 
       1.794298364403e+01       2.249506222064e-02 
       1.815075360242e+01       2.181669375225e-02 
       1.836092942354e+01       2.115865177387e-02 
       1.857353896597e+01       2.052026734713e-02 
       1.878861041087e+01       1.990074865091e-02 
       1.900617226573e+01       1.929996356270e-02 
       1.922625336814e+01       1.871717876107e-02 
       1.944888288960e+01       1.815191218213e-02 
       1.967409033943e+01       1.760325340790e-02 
       1.990190556862e+01       1.707125657370e-02 
       2.013235877384e+01       1.655510790610e-02 
       2.036548050140e+01       1.605447978305e-02 
       2.060130165135e+01       1.556890460005e-02 
       2.083985348152e+01       1.509775111803e-02 
       2.108116761169e+01       1.464067286152e-02 
       2.132527602779e+01       1.419740624030e-02 
       2.157221108614e+01       1.376740450875e-02 
       2.182200551769e+01       1.335040287307e-02 
       2.207469243244e+01       1.294587505352e-02 
       2.233030532377e+01       1.255347945559e-02 
       2.258887807287e+01       1.217282789794e-02 
       2.285044495330e+01       1.180353681303e-02 
       2.311504063546e+01       1.144547585602e-02 
       2.338270019121e+01       1.109814429965e-02 
       2.365345909855e+01       1.076113919889e-02 
       2.392735324627e+01       1.043454119407e-02 
       2.420441893874e+01       1.011770289458e-02 
       2.448469290073e+01       9.810341724961e-03 
       2.476821228224e+01       9.512254278538e-03 
       2.505501466346e+01       9.223023006438e-03 
       2.534513805974e+01       8.942646730649e-03 
       2.563862092661e+01       8.670602080441e-03 
       2.593550216492e+01       8.406884534717e-03 
       2.623582112595e+01       8.151052649413e-03 
       2.653961761665e+01       7.902962693826e-03 
       2.684693190491e+01       7.662333776727e-03 
       2.715780472493e+01       7.428904226901e-03 
       2.747227728254e+01       7.202625203229e-03 
       2.779039126075e+01       6.983157910396e-03 
       2.811218882521e+01       6.770366401329e-03 
       2.843771262986e+01       6.563919379690e-03 
       2.876700582251e+01       6.363746670524e-03 
       2.910011205063e+01       6.169569527995e-03 
       2.943707546708e+01       5.981334976218e-03 
       2.977794073599e+01       5.798809825463e-03 
       3.012275303870e+01       5.621781878220e-03 
