# Matter power spectrum P(k) at redshift z=1
# for k=1.06493e-05 to 30.1228 h/Mpc,
# number of wavenumbers equal to 1159
#    1:k (h/Mpc)              2:P (Mpc/h)^3        
       1.064925112593e-05       1.574266002232e+01 
       1.077256364225e-05       1.591892069815e+01 
       1.089730405020e-05       1.609715048773e+01 
       1.102348888401e-05       1.627737629325e+01 
       1.115113486933e-05       1.645962143740e+01 
       1.128025892549e-05       1.664391112199e+01 
       1.141087816776e-05       1.683025805878e+01 
       1.154300990957e-05       1.701870006991e+01 
       1.167667166484e-05       1.720924847423e+01 
       1.181188115029e-05       1.740193035387e+01 
       1.194865628779e-05       1.759677004099e+01 
       1.208701520674e-05       1.779379199963e+01 
       1.222697624647e-05       1.799302065455e+01 
       1.236855795865e-05       1.819448035123e+01 
       1.251177910979e-05       1.839819637821e+01 
       1.265665868371e-05       1.860419167700e+01 
       1.280321588402e-05       1.881249938523e+01 
       1.295147013672e-05       1.902313633181e+01 
       1.310144109277e-05       1.923613074223e+01 
       1.325314863064e-05       1.945151044245e+01 
       1.340661285901e-05       1.966930830377e+01 
       1.356185411939e-05       1.988954187155e+01 
       1.371889298885e-05       2.011224390729e+01 
       1.387775028271e-05       2.033743670187e+01 
       1.403844705734e-05       2.056515473380e+01 
       1.420100461292e-05       2.079541993080e+01 
       1.436544449628e-05       2.102826816309e+01 
       1.453178850375e-05       2.126372368999e+01 
       1.470005868404e-05       2.150181211880e+01 
       1.487027734119e-05       2.174257351844e+01 
       1.504246703749e-05       2.198603070184e+01 
       1.521665059651e-05       2.223221177579e+01 
       1.539285110608e-05       2.248115360418e+01 
       1.557109192139e-05       2.273287756252e+01 
       1.575139666807e-05       2.298743120961e+01 
       1.593378924532e-05       2.324483087965e+01 
       1.611829382907e-05       2.350511335707e+01 
       1.630493487522e-05       2.376831442673e+01 
       1.649373712281e-05       2.403446185292e+01 
       1.668472559740e-05       2.430359122562e+01 
       1.687792561430e-05       2.457573343136e+01 
       1.707336278195e-05       2.485092700599e+01 
       1.727106300535e-05       2.512920461900e+01 
       1.747105248944e-05       2.541059843633e+01 
       1.767335774261e-05       2.569514379766e+01 
       1.787800558021e-05       2.598288044171e+01 
       1.808502312808e-05       2.627383835860e+01 
       1.829443782618e-05       2.656805901712e+01 
       1.850627743220e-05       2.686557597191e+01 
       1.872057002525e-05       2.716642383660e+01 
       1.893734400958e-05       2.747064051150e+01 
       1.915662811834e-05       2.777827014477e+01 
       1.937845141741e-05       2.808934597101e+01 
       1.960284330923e-05       2.840390822791e+01 
       1.982983353669e-05       2.872198800458e+01 
       2.005945218711e-05       2.904363462094e+01 
       2.029172969619e-05       2.936889616411e+01 
       2.052669685206e-05       2.969778529085e+01 
       2.076438479936e-05       3.003037558306e+01 
       2.100482504338e-05       3.036668209924e+01 
       2.124804945421e-05       3.070676528567e+01 
       2.149409027098e-05       3.105065942435e+01 
       2.174298010613e-05       3.139840456940e+01 
       2.199475194974e-05       3.175005531510e+01 
       2.224943917390e-05       3.210563802286e+01 
       2.250707553712e-05       3.246521204249e+01 
       2.276769518883e-05       3.282880817342e+01 
       2.303133267387e-05       3.319648690780e+01 
       2.329802293711e-05       3.356829457298e+01 
       2.356780132806e-05       3.394425258960e+01 
       2.384070360554e-05       3.432443566496e+01 
       2.411676594247e-05       3.470887928824e+01 
       2.439602493060e-05       3.509763372143e+01 
       2.467851758540e-05       3.549074146956e+01 
       2.496428135099e-05       3.588827161460e+01 
       2.525335410502e-05       3.629023891385e+01 
       2.554577416379e-05       3.669672188753e+01 
       2.584158028725e-05       3.710776291263e+01 
       2.614081168419e-05       3.752341313906e+01 
       2.644350801741e-05       3.794371792460e+01 
       2.674970940896e-05       3.836875759185e+01 
       2.705945644553e-05       3.879854054108e+01 
       2.737279018374e-05       3.923315355576e+01 
       2.768975215564e-05       3.967264722646e+01 
       2.801038437419e-05       4.011705315180e+01 
       2.833472933886e-05       4.056644668161e+01 
       2.866283004120e-05       4.102088693255e+01 
       2.899472997062e-05       4.148042479244e+01 
       2.933047312010e-05       4.194511767038e+01 
       2.967010399201e-05       4.241502384464e+01 
       3.001366760407e-05       4.289020181898e+01 
       3.036120949527e-05       4.337071084616e+01 
       3.071277573189e-05       4.385661117247e+01 
       3.106841291367e-05       4.434796359553e+01 
       3.142816817993e-05       4.484482999457e+01 
       3.179208921585e-05       4.534727615256e+01 
       3.216022425875e-05       4.585535650969e+01 
       3.253262210454e-05       4.636913890008e+01 
       3.290933211415e-05       4.688868794001e+01 
       3.329040422009e-05       4.741406575151e+01 
       3.367588893305e-05       4.794535952959e+01 
       3.406583734862e-05       4.848259317105e+01 
       3.446030115402e-05       4.902587377786e+01 
       3.485933263501e-05       4.957523831057e+01 
       3.526298468279e-05       5.013077935788e+01 
       3.567131080099e-05       5.069255704691e+01 
       3.608436511281e-05       5.126064352737e+01 
       3.650220236813e-05       5.183511511271e+01 
       3.692487795083e-05       5.241602533658e+01 
       3.735244788612e-05       5.300346823952e+01 
       3.778496884791e-05       5.359751966772e+01 
       3.822249816640e-05       5.419823112511e+01 
       3.866509383561e-05       5.480568978781e+01 
       3.911281452114e-05       5.541998122700e+01 
       3.956571956786e-05       5.604117154920e+01 
       4.002386900786e-05       5.666934381711e+01 
       4.048732356834e-05       5.730457389312e+01 
       4.095614467970e-05       5.794694279008e+01 
       4.143039448368e-05       5.859652859431e+01 
       4.191013584158e-05       5.925341418960e+01 
       4.239543234258e-05       5.991768280611e+01 
       4.288634831222e-05       6.058943742508e+01 
       4.338294882088e-05       6.126873326078e+01 
       4.388529969241e-05       6.195567118193e+01 
       4.439346751288e-05       6.265032285769e+01 
       4.490751963938e-05       6.335279875769e+01 
       4.542752420897e-05       6.406318228576e+01 
       4.595355014769e-05       6.478154908036e+01 
       4.648566717970e-05       6.550799678253e+01 
       4.702394583655e-05       6.624262020989e+01 
       4.756845746649e-05       6.698550907969e+01 
       4.811927424393e-05       6.773676484096e+01 
       4.867646917906e-05       6.849647451789e+01 
       4.924011612745e-05       6.926473424170e+01 
       4.981028979990e-05       7.004164426578e+01 
       5.038706577231e-05       7.082730308799e+01 
       5.097052049571e-05       7.162180532034e+01 
       5.156073130640e-05       7.242526523796e+01 
       5.215777643617e-05       7.323777152674e+01 
       5.276173502271e-05       7.405943149727e+01 
       5.337268712007e-05       7.489034846964e+01 
       5.399071370931e-05       7.573063113789e+01 
       5.461589670917e-05       7.658038595650e+01 
       5.524831898697e-05       7.743972056171e+01 
       5.588806436962e-05       7.830874204460e+01 
       5.653521765466e-05       7.918756489101e+01 
       5.718986462157e-05       8.007629671210e+01 
       5.785209204308e-05       8.097505291464e+01 
       5.852198769673e-05       8.188395269404e+01 
       5.919964037647e-05       8.280310898112e+01 
       5.988513990441e-05       8.373263481448e+01 
       6.057857714278e-05       8.467265466673e+01 
       6.128004400593e-05       8.562328443844e+01 
       6.198963347254e-05       8.658465124340e+01 
       6.270743959793e-05       8.755687904008e+01 
       6.343355752651e-05       8.854008653124e+01 
       6.416808350443e-05       8.953440101911e+01 
       6.491111489231e-05       9.053995352081e+01 
       6.566275017817e-05       9.155687078964e+01 
       6.642308899044e-05       9.258528819812e+01 
       6.719223211120e-05       9.362533040870e+01 
       6.797028148955e-05       9.467713683256e+01 
       6.875734025509e-05       9.574084438221e+01 
       6.955351273161e-05       9.681658521171e+01 
       7.035890445090e-05       9.790450449633e+01 
       7.117362216677e-05       9.900473522462e+01 
       7.199777386916e-05       1.001174263631e+02 
       7.283146879849e-05       1.012427200593e+02 
       7.367481746012e-05       1.023807643196e+02 
       7.452793163901e-05       1.035316989156e+02 
       7.539092441451e-05       1.046956858532e+02 
       7.626391017538e-05       1.058728621425e+02 
       7.714700463493e-05       1.070633934525e+02 
       7.804032484639e-05       1.082674263800e+02 
       7.894398921838e-05       1.094851238984e+02 
       7.985811753063e-05       1.107166400588e+02 
       8.078283094986e-05       1.119621414909e+02 
       8.171825204582e-05       1.132217777814e+02 
       8.266450480759e-05       1.144957353529e+02 
       8.362171465992e-05       1.157841595706e+02 
       8.459000847996e-05       1.170872371987e+02 
       8.556951461400e-05       1.184051238441e+02 
       8.656036289452e-05       1.197380068288e+02 
       8.756268465737e-05       1.210860471991e+02 
       8.857661275924e-05       1.224494444444e+02 
       8.960228159518e-05       1.238283463042e+02 
       9.063982711649e-05       1.252229702379e+02 
       9.168938684871e-05       1.266334675913e+02 
       9.275109990985e-05       1.280600487851e+02 
       9.382510702881e-05       1.295028958968e+02 
       9.491155056408e-05       1.309621966156e+02 
       9.601057452257e-05       1.324381495870e+02 
       9.712232457872e-05       1.339309481509e+02 
       9.824694809380e-05       1.354407924787e+02 
       9.938459413542e-05       1.369678837426e+02 
       1.005354134974e-04       1.385124252405e+02 
       1.016995587194e-04       1.400746247126e+02 
       1.028771841079e-04       1.416546897290e+02 
       1.040684457557e-04       1.432528321528e+02 
       1.052735015632e-04       1.448692689593e+02 
       1.064925112593e-04       1.465042150339e+02 
       1.077256364225e-04       1.481578926415e+02 
       1.089730405020e-04       1.498305207504e+02 
       1.102348888401e-04       1.515223260086e+02 
       1.115113486933e-04       1.532335397223e+02 
       1.128025892549e-04       1.549643922861e+02 
       1.141087816776e-04       1.567151165511e+02 
       1.154300990957e-04       1.584859508073e+02 
       1.167667166484e-04       1.602771392907e+02 
       1.181188115029e-04       1.620889203077e+02 
       1.194865628779e-04       1.639215446908e+02 
       1.208701520674e-04       1.657752602372e+02 
       1.222697624647e-04       1.676503213143e+02 
       1.236855795865e-04       1.695469840579e+02 
       1.251177910979e-04       1.714655085445e+02 
       1.265665868371e-04       1.734061573599e+02 
       1.280321588402e-04       1.753692010396e+02 
       1.295147013672e-04       1.773549045404e+02 
       1.310144109277e-04       1.793635432563e+02 
       1.325314863064e-04       1.813953949233e+02 
       1.340661285901e-04       1.834507394090e+02 
       1.356185411939e-04       1.855298625057e+02 
       1.371889298885e-04       1.876330532718e+02 
       1.387775028271e-04       1.897606003206e+02 
       1.403844705734e-04       1.919128016989e+02 
       1.420100461292e-04       1.940899554815e+02 
       1.436544449628e-04       1.962923664670e+02 
       1.453178850375e-04       1.985203407870e+02 
       1.470005868404e-04       2.007741910166e+02 
       1.487027734119e-04       2.030542305780e+02 
       1.504246703749e-04       2.053607786808e+02 
       1.521665059651e-04       2.076941606846e+02 
       1.539285110608e-04       2.100547026109e+02 
       1.557109192139e-04       2.124427365751e+02 
       1.575139666807e-04       2.148585984401e+02 
       1.593378924532e-04       2.173026285572e+02 
       1.611829382907e-04       2.197751716917e+02 
       1.630493487522e-04       2.222765762153e+02 
       1.649373712281e-04       2.248071956188e+02 
       1.668472559740e-04       2.273673881898e+02 
       1.687792561430e-04       2.299575162551e+02 
       1.707336278195e-04       2.325779472772e+02 
       1.727106300535e-04       2.352290510946e+02 
       1.747105248944e-04       2.379112050580e+02 
       1.767335774261e-04       2.406247877800e+02 
       1.787800558021e-04       2.433701880838e+02 
       1.808502312808e-04       2.461477896873e+02 
       1.829443782618e-04       2.489579959932e+02 
       1.850627743220e-04       2.518011978859e+02 
       1.872057002525e-04       2.546778074246e+02 
       1.893734400958e-04       2.575882298098e+02 
       1.915662811834e-04       2.605328780708e+02 
       1.937845141741e-04       2.635121741508e+02 
       1.960284330923e-04       2.665265403784e+02 
       1.982983353669e-04       2.695764039169e+02 
       2.005945218711e-04       2.726622010810e+02 
       2.029172969619e-04       2.757843691825e+02 
       2.052669685206e-04       2.789433525108e+02 
       2.076438479936e-04       2.821395974884e+02 
       2.100482504338e-04       2.853735601803e+02 
       2.124804945421e-04       2.886456973192e+02 
       2.149409027098e-04       2.919564719249e+02 
       2.174298010613e-04       2.953063559115e+02 
       2.199475194974e-04       2.986958158658e+02 
       2.224943917390e-04       3.021253347258e+02 
       2.250707553712e-04       3.055953937516e+02 
       2.276769518883e-04       3.091064797471e+02 
       2.303133267387e-04       3.126590870838e+02 
       2.329802293711e-04       3.162537122928e+02 
       2.356780132806e-04       3.198908571637e+02 
       2.384070360554e-04       3.235710281289e+02 
       2.411676594247e-04       3.272947371464e+02 
       2.439602493060e-04       3.310625000507e+02 
       2.467851758540e-04       3.348748368972e+02 
       2.496428135099e-04       3.387322736306e+02 
       2.525335410502e-04       3.426353379549e+02 
       2.554577416379e-04       3.465845648581e+02 
       2.584158028725e-04       3.505804908621e+02 
       2.614081168419e-04       3.546236573838e+02 
       2.644350801741e-04       3.587146103491e+02 
       2.674970940896e-04       3.628538994186e+02 
       2.705945644553e-04       3.670420788832e+02 
       2.737279018374e-04       3.712797038416e+02 
       2.768975215564e-04       3.755673355184e+02 
       2.801038437419e-04       3.799055372089e+02 
       2.833472933886e-04       3.842948752643e+02 
       2.866283004120e-04       3.887359209068e+02 
       2.899472997062e-04       3.932292464194e+02 
       2.933047312010e-04       3.977754267969e+02 
       2.967010399201e-04       4.023750397515e+02 
       3.001366760407e-04       4.070286647977e+02 
       3.036120949527e-04       4.117368853294e+02 
       3.071277573189e-04       4.165002850544e+02 
       3.106841291367e-04       4.213194494614e+02 
       3.142816817994e-04       4.261949661743e+02 
       3.179208921585e-04       4.311274232007e+02 
       3.216022425875e-04       4.361174100449e+02 
       3.253262210454e-04       4.411655171677e+02 
       3.290933211416e-04       4.462723351375e+02 
       3.329040422009e-04       4.514384545755e+02 
       3.367588893305e-04       4.566644661053e+02 
       3.406583734862e-04       4.619509604028e+02 
       3.446030115402e-04       4.672985279998e+02 
       3.485933263502e-04       4.727077572410e+02 
       3.526298468279e-04       4.781792358346e+02 
       3.567131080099e-04       4.837135502563e+02 
       3.608436511281e-04       4.893112852065e+02 
       3.650220236813e-04       4.949730225977e+02 
       3.692487795083e-04       5.006993428339e+02 
       3.735244788612e-04       5.064908243019e+02 
       3.778496884791e-04       5.123480399061e+02 
       3.822249816640e-04       5.182715613407e+02 
       3.866509383561e-04       5.242619561362e+02 
       3.911281452114e-04       5.303197875085e+02 
       3.956571956786e-04       5.364456150953e+02 
       4.002386900786e-04       5.426399929264e+02 
       4.048732356834e-04       5.489034712535e+02 
       4.095614467970e-04       5.552365942671e+02 
       4.143039448368e-04       5.616399016268e+02 
       4.191013584158e-04       5.681139264321e+02 
       4.239543234258e-04       5.746591955494e+02 
       4.288634831222e-04       5.812762302125e+02 
       4.338294882088e-04       5.879655444536e+02 
       4.388529969241e-04       5.947276461231e+02 
       4.439346751288e-04       6.015630347259e+02 
       4.490751963938e-04       6.084722041434e+02 
       4.542752420897e-04       6.154556382771e+02 
       4.595355014769e-04       6.225138163852e+02 
       4.648566717970e-04       6.296472060443e+02 
       4.702394583655e-04       6.368562694945e+02 
       4.756845746649e-04       6.441414598072e+02 
       4.811927424393e-04       6.515032215385e+02 
       4.867646917906e-04       6.589419889316e+02 
       4.924011612745e-04       6.664581913645e+02 
       4.981028979990e-04       6.740522451450e+02 
       5.038706577231e-04       6.817245609858e+02 
       5.097052049571e-04       6.894755386774e+02 
       5.156073130640e-04       6.973055701884e+02 
       5.215777643617e-04       7.052150381038e+02 
       5.276173502271e-04       7.132043161682e+02 
       5.337268712008e-04       7.212737699151e+02 
       5.399071370931e-04       7.294237564694e+02 
       5.461589670917e-04       7.376546215922e+02 
       5.524831898697e-04       7.459667066485e+02 
       5.588806436962e-04       7.543603428836e+02 
       5.653521765466e-04       7.628358541782e+02 
       5.718986462157e-04       7.713935547184e+02 
       5.785209204308e-04       7.800337547887e+02 
       5.852198769673e-04       7.887567540189e+02 
       5.919964037647e-04       7.975628478059e+02 
       5.988513990441e-04       8.064523249169e+02 
       6.057857714278e-04       8.154254672359e+02 
       6.128004400593e-04       8.244825509721e+02 
       6.198963347255e-04       8.336238494126e+02 
       6.270743959793e-04       8.428496279673e+02 
       6.343355752651e-04       8.521601514284e+02 
       6.416808350443e-04       8.615556801555e+02 
       6.491111489231e-04       8.710364710014e+02 
       6.566275017817e-04       8.806027784262e+02 
       6.642308899044e-04       8.902548576454e+02 
       6.719223211120e-04       8.999929600684e+02 
       6.797028148955e-04       9.098173397495e+02 
       6.875734025509e-04       9.197282507149e+02 
       6.955351273161e-04       9.297259467501e+02 
       7.035890445090e-04       9.398106846131e+02 
       7.117362216677e-04       9.499827274838e+02 
       7.199777386916e-04       9.602423354056e+02 
       7.283146879849e-04       9.705897819585e+02 
       7.367481746013e-04       9.810253381902e+02 
       7.452793163901e-04       9.915492844484e+02 
       7.539092441451e-04       1.002161908154e+03 
       7.626391017538e-04       1.012863509625e+03 
       7.714700463494e-04       1.023654393295e+03 
       7.804032484639e-04       1.034534870809e+03 
       7.894398921838e-04       1.045505269904e+03 
       7.985811753063e-04       1.056565926274e+03 
       8.078283094986e-04       1.067717193772e+03 
       8.171825204583e-04       1.078959433001e+03 
       8.266450480759e-04       1.090293023709e+03 
       8.362171465993e-04       1.101718356447e+03 
       8.459000847996e-04       1.113235844564e+03 
       8.556951461400e-04       1.124845908252e+03 
       8.656036289452e-04       1.136548995680e+03 
       8.756268465737e-04       1.148345567846e+03 
       8.857661275924e-04       1.160236101977e+03 
       8.960228159518e-04       1.172221103685e+03 
       9.063982711649e-04       1.184301095769e+03 
       9.168938684872e-04       1.196476614328e+03 
       9.275109990985e-04       1.208748229150e+03 
       9.382510702881e-04       1.221116526217e+03 
       9.491155056408e-04       1.233582116451e+03 
       9.601057452257e-04       1.246145633218e+03 
       9.712232457872e-04       1.258807733511e+03 
       9.824694809380e-04       1.271569099540e+03 
       9.938459413542e-04       1.284430439505e+03 
       1.005354134974e-03       1.297392483697e+03 
       1.016995587194e-03       1.310455989452e+03 
       1.028771841079e-03       1.323621743120e+03 
       1.040684457557e-03       1.336890552622e+03 
       1.052735015632e-03       1.350263250822e+03 
       1.064925112593e-03       1.363740701416e+03 
       1.077256364225e-03       1.377323786979e+03 
       1.089730405020e-03       1.391013425810e+03 
       1.102348888401e-03       1.404810551263e+03 
       1.115113486933e-03       1.418716130762e+03 
       1.128025892549e-03       1.432731153310e+03 
       1.141087816776e-03       1.446856638487e+03 
       1.154300990957e-03       1.461093618918e+03 
       1.167667166484e-03       1.475443162937e+03 
       1.181188115029e-03       1.489906354495e+03 
       1.194865628779e-03       1.504484307755e+03 
       1.208701520674e-03       1.519178160855e+03 
       1.222697624647e-03       1.533989065265e+03 
       1.236855795865e-03       1.548918198902e+03 
       1.251177910979e-03       1.563966769107e+03 
       1.265665868371e-03       1.579135988928e+03 
       1.280321588402e-03       1.594427091226e+03 
       1.295147013673e-03       1.609841338238e+03 
       1.310144109277e-03       1.625380016021e+03 
       1.325314863064e-03       1.641044395968e+03 
       1.340661285901e-03       1.656835803173e+03 
       1.356185411939e-03       1.672755540075e+03 
       1.371889298885e-03       1.688804956605e+03 
       1.387775028271e-03       1.704985393450e+03 
       1.403844705734e-03       1.721298200704e+03 
       1.420100461292e-03       1.737744760537e+03 
       1.436544449628e-03       1.754326452960e+03 
       1.453178850375e-03       1.771044653957e+03 
       1.470005868404e-03       1.787900766949e+03 
       1.487027734119e-03       1.804896166816e+03 
       1.504246703749e-03       1.822032282546e+03 
       1.521665059651e-03       1.839310492243e+03 
       1.539285110608e-03       1.856731258834e+03 
       1.557109192139e-03       1.874296157630e+03 
       1.575139666807e-03       1.892007343186e+03 
       1.593378924532e-03       1.909866241588e+03 
       1.611829382908e-03       1.927874227007e+03 
       1.630493487522e-03       1.946032701339e+03 
       1.649373712281e-03       1.964343077467e+03 
       1.668472559740e-03       1.982806714132e+03 
       1.687792561430e-03       2.001424983986e+03 
       1.707336278195e-03       2.020199263995e+03 
       1.727106300535e-03       2.039130905196e+03 
       1.747105248944e-03       2.058221247303e+03 
       1.767335774261e-03       2.077471615055e+03 
       1.787800558021e-03       2.096883337989e+03 
       1.808502312808e-03       2.116457714936e+03 
       1.829443782618e-03       2.136196018542e+03 
       1.850627743220e-03       2.156099522530e+03 
       1.872057002525e-03       2.176169494393e+03 
       1.893734400958e-03       2.196407147403e+03 
       1.915662811834e-03       2.216813691691e+03 
       1.937845141741e-03       2.237390326620e+03 
       1.960284330923e-03       2.258138221658e+03 
       1.982983353669e-03       2.279058509784e+03 
       2.005945218711e-03       2.300152314675e+03 
       2.029172969619e-03       2.321420721180e+03 
       2.052669685206e-03       2.342864810219e+03 
       2.076438479936e-03       2.364485618280e+03 
       2.100482504338e-03       2.386284152288e+03 
       2.124804945421e-03       2.408261398012e+03 
       2.149409027098e-03       2.430418318068e+03 
       2.174298010613e-03       2.452755816839e+03 
       2.199475194974e-03       2.475274791992e+03 
       2.224943917390e-03       2.497976097449e+03 
       2.250707553712e-03       2.520860532688e+03 
       2.276769518883e-03       2.543928930856e+03 
       2.303133267387e-03       2.567182057285e+03 
       2.329802293711e-03       2.590620543056e+03 
       2.356780132806e-03       2.614245143819e+03 
       2.384070360554e-03       2.638056455562e+03 
       2.411676594247e-03       2.662055109136e+03 
       2.439602493060e-03       2.686241595840e+03 
       2.467851758540e-03       2.710616543621e+03 
       2.496428135099e-03       2.735180362212e+03 
       2.525335410502e-03       2.759933417712e+03 
       2.554577416379e-03       2.784876237352e+03 
       2.584158028725e-03       2.810009118733e+03 
       2.614081168419e-03       2.835332300149e+03 
       2.644350801741e-03       2.860846117690e+03 
       2.674970940896e-03       2.886550746740e+03 
       2.705945644553e-03       2.912446361385e+03 
       2.737279018374e-03       2.938533062136e+03 
       2.768975215564e-03       2.964810884371e+03 
       2.801038437419e-03       2.991279886690e+03 
       2.833472933886e-03       3.017939993336e+03 
       2.866283004120e-03       3.044791161988e+03 
       2.899472997062e-03       3.071833312638e+03 
       2.933047312010e-03       3.099065926884e+03 
       2.967010399201e-03       3.126489113342e+03 
       3.001366760407e-03       3.154102428309e+03 
       3.036120949527e-03       3.181905376181e+03 
       3.071277573189e-03       3.209897841850e+03 
       3.106841291367e-03       3.238079156743e+03 
       3.142816817994e-03       3.266448786518e+03 
       3.179208921585e-03       3.295006104474e+03 
       3.216022425875e-03       3.323750476107e+03 
       3.253262210454e-03       3.352681124268e+03 
       3.290933211416e-03       3.381797284886e+03 
       3.329040422010e-03       3.411098143961e+03 
       3.367588893306e-03       3.440582969572e+03 
       3.406583734862e-03       3.470249964181e+03 
       3.446030115402e-03       3.500099005200e+03 
       3.485933263502e-03       3.530128490514e+03 
       3.526298468279e-03       3.560337130833e+03 
       3.567131080100e-03       3.590724016218e+03 
       3.608436511281e-03       3.621287595694e+03 
       3.650220236813e-03       3.652026423294e+03 
       3.692487795083e-03       3.682939011582e+03 
       3.735244788612e-03       3.714023602271e+03 
       3.778496884791e-03       3.745278897195e+03 
       3.822249816640e-03       3.776702755258e+03 
       3.866509383561e-03       3.808294173007e+03 
       3.911281452114e-03       3.840049787730e+03 
       3.956571956786e-03       3.871969012790e+03 
       4.002386900786e-03       3.904049286252e+03 
       4.048732356834e-03       3.936288143889e+03 
       4.095614467970e-03       3.968683968987e+03 
       4.143039448368e-03       4.001234122758e+03 
       4.191013584158e-03       4.033936185036e+03 
       4.239543234258e-03       4.066787817107e+03 
       4.288634831222e-03       4.099786090742e+03 
       4.338294882088e-03       4.132928841406e+03 
       4.388529969241e-03       4.166212920004e+03 
       4.439346751288e-03       4.199635656417e+03 
       4.490751963938e-03       4.233194056472e+03 
       4.542752420897e-03       4.266884977788e+03 
       4.595355014769e-03       4.300705240655e+03 
       4.648566717970e-03       4.334651545979e+03 
       4.702394583655e-03       4.368721139515e+03 
       4.756845746649e-03       4.402909939553e+03 
       4.811927424393e-03       4.437214611476e+03 
       4.867646917906e-03       4.471631257631e+03 
       4.924011612745e-03       4.506156567914e+03 
       4.981028979990e-03       4.540786219475e+03 
       5.038706577231e-03       4.575516670073e+03 
       5.097052049571e-03       4.610343815684e+03 
       5.156073130640e-03       4.645262560280e+03 
       5.215777643617e-03       4.680269407113e+03 
       5.276173502271e-03       4.715359825342e+03 
       5.337268712008e-03       4.750529167671e+03 
       5.399071370931e-03       4.785772450392e+03 
       5.461589670917e-03       4.821085496200e+03 
       5.524831898697e-03       4.856462023460e+03 
       5.588806436962e-03       4.891899485104e+03 
       5.653521765466e-03       4.927390811148e+03 
       5.718986462157e-03       4.962932200269e+03 
       5.785209204308e-03       4.998515590230e+03 
       5.852198769674e-03       5.034137523775e+03 
       5.919964037647e-03       5.069791827788e+03 
       5.988513990441e-03       5.105472740571e+03 
       6.057857714278e-03       5.141175706691e+03 
       6.128004400594e-03       5.176894395659e+03 
       6.198963347255e-03       5.212619965292e+03 
       6.270743959793e-03       5.248347859478e+03 
       6.343355752651e-03       5.284071640416e+03 
       6.416808350443e-03       5.319794722257e+03 
       6.491111489232e-03       5.355490933826e+03 
       6.566275017817e-03       5.391162408455e+03 
       6.642308899044e-03       5.426803367540e+03 
       6.719223211120e-03       5.462400823373e+03 
       6.797028148956e-03       5.497955617682e+03 
       6.875734025510e-03       5.533442686465e+03 
       6.955351273161e-03       5.568903433151e+03 
       7.035890445090e-03       5.604271183217e+03 
       7.117362216677e-03       5.639575616929e+03 
       7.199777386916e-03       5.674799517599e+03 
       7.283146879849e-03       5.709923797436e+03 
       7.367481746013e-03       5.744947887159e+03 
       7.452793163901e-03       5.779862994855e+03 
       7.539092441451e-03       5.814660719255e+03 
       7.626391017538e-03       5.849333689983e+03 
       7.714700463494e-03       5.883866720677e+03 
       7.804032484640e-03       5.918259449063e+03 
       7.894398921838e-03       5.952481215136e+03 
       7.985811753063e-03       5.986575790886e+03 
       8.078283094986e-03       6.020481942923e+03 
       8.171825204583e-03       6.054212073754e+03 
       8.266450480759e-03       6.087743050214e+03 
       8.362171465993e-03       6.121071246189e+03 
       8.459000847997e-03       6.154192711638e+03 
       8.556951461400e-03       6.187091986861e+03 
       8.656036289452e-03       6.219759689521e+03 
       8.756268465738e-03       6.252183428828e+03 
       8.857661275924e-03       6.284354736601e+03 
       8.960228159518e-03       6.316262336206e+03 
       9.063982711650e-03       6.347896930325e+03 
       9.168938684872e-03       6.379243830912e+03 
       9.275109990985e-03       6.410294564980e+03 
       9.382510702881e-03       6.441035949486e+03 
       9.491155056408e-03       6.471456940391e+03 
       9.601057452257e-03       6.501544927035e+03 
       9.712232457872e-03       6.531287964907e+03 
       9.824694809380e-03       6.560676549752e+03 
       9.938459413543e-03       6.589698157875e+03 
       1.005354134974e-02       6.618336790867e+03 
       1.016995587194e-02       6.646585890127e+03 
       1.028771841079e-02       6.674426307753e+03 
       1.040684457557e-02       6.701850209406e+03 
       1.052735015632e-02       6.728844488682e+03 
       1.064925112593e-02       6.755391231874e+03 
       1.077256364225e-02       6.781480573905e+03 
       1.089730405020e-02       6.807108240285e+03 
       1.102348888401e-02       6.832245647735e+03 
       1.115113486933e-02       6.856888833276e+03 
       1.128025892549e-02       6.881018020201e+03 
       1.141087816776e-02       6.904624676357e+03 
       1.154300990957e-02       6.927695168205e+03 
       1.167667166484e-02       6.950214001607e+03 
       1.181188115029e-02       6.972165597796e+03 
       1.194865628779e-02       6.993543503256e+03 
       1.208701520674e-02       7.014323088039e+03 
       1.222697624647e-02       7.034494557920e+03 
       1.236855795865e-02       7.054044286770e+03 
       1.251177910979e-02       7.072958871220e+03 
       1.265665868371e-02       7.091222481906e+03 
       1.280321588402e-02       7.108826675882e+03 
       1.295147013673e-02       7.125746553812e+03 
       1.310144109277e-02       7.141976415158e+03 
       1.325314863064e-02       7.157499261161e+03 
       1.340661285901e-02       7.172294058119e+03 
       1.356185411940e-02       7.186361983709e+03 
       1.371889298885e-02       7.199678952331e+03 
       1.387775028271e-02       7.212217855127e+03 
       1.403844705735e-02       7.223985196824e+03 
       1.420100461293e-02       7.234963077492e+03 
       1.436544449630e-02       7.245130575459e+03 
       1.453178850377e-02       7.254476063352e+03 
       1.470005868408e-02       7.262990465819e+03 
       1.487027734125e-02       7.270659887291e+03 
       1.504246703759e-02       7.277457362541e+03 
       1.521665059666e-02       7.283390898896e+03 
       1.539285110631e-02       7.288420904375e+03 
       1.557109192175e-02       7.292558207708e+03 
       1.575139666861e-02       7.295778279878e+03 
       1.593378924612e-02       7.298072338147e+03 
       1.611829383027e-02       7.299423783366e+03 
       1.630493487699e-02       7.299830622783e+03 
       1.649373712544e-02       7.299268033042e+03 
       1.668472560127e-02       7.297732632888e+03 
       1.687792561996e-02       7.295210231793e+03 
       1.707336279021e-02       7.291686586716e+03 
       1.727106301732e-02       7.287167069862e+03 
       1.747105250672e-02       7.281609077870e+03 
       1.767335776743e-02       7.275059121152e+03 
       1.787800561568e-02       7.267452316581e+03 
       1.808502317855e-02       7.258792168253e+03 
       1.829443789763e-02       7.249107024826e+03 
       1.850627753289e-02       7.238354424291e+03 
       1.872057016649e-02       7.226512172636e+03 
       1.893734420680e-02       7.213631494094e+03 
       1.915662839248e-02       7.199660024730e+03 
       1.937845179677e-02       7.184619337008e+03 
       1.960284383187e-02       7.168468404377e+03 
       1.982983425359e-02       7.151250444861e+03 
       2.005945316618e-02       7.132921930252e+03 
       2.029173102759e-02       7.113521658427e+03 
       2.052669865489e-02       7.093009747600e+03 
       2.076438723029e-02       7.071409544885e+03 
       2.100482830760e-02       7.048710464143e+03 
       2.124805381933e-02       7.024921972370e+03 
       2.149409608454e-02       7.000063623773e+03 
       2.174298781759e-02       6.974101003223e+03 
       2.199476213795e-02       6.947043660020e+03 
       2.224945258130e-02       6.918945399556e+03 
       2.250709311214e-02       6.889766353928e+03 
       2.276771813815e-02       6.859518774368e+03 
       2.303136252668e-02       6.828220507728e+03 
       2.329806162370e-02       6.795889501617e+03 
       2.356785127556e-02       6.762543172409e+03 
       2.384076785412e-02       6.728179673324e+03 
       2.411684828565e-02       6.692800003860e+03 
       2.439613008426e-02       6.656435135029e+03 
       2.467865139021e-02       6.619096422971e+03 
       2.496445101411e-02       6.580900468748e+03 
       2.525356848760e-02       6.541660874729e+03 
       2.554604412142e-02       6.501447493632e+03 
       2.584191907173e-02       6.460450433629e+03 
       2.614123541577e-02       6.418540204026e+03 
       2.644403623784e-02       6.375781211580e+03 
       2.675036572671e-02       6.332217320267e+03 
       2.706026928578e-02       6.287905809798e+03 
       2.737379365708e-02       6.242722229713e+03 
       2.769098706053e-02       6.196886947043e+03 
       2.801189934985e-02       6.150323464033e+03 
       2.833658218641e-02       6.103086279638e+03 
       2.866508923265e-02       6.055181555296e+03 
       2.899747636634e-02       6.006649091119e+03 
       2.933380191744e-02       5.957553864788e+03 
       2.967412692890e-02       5.907925644910e+03 
       3.001851544300e-02       5.857755253756e+03 
       3.036703481494e-02       5.807191839416e+03 
       3.071975605497e-02       5.756125362748e+03 
       3.107675420095e-02       5.704691547442e+03 
       3.143810872272e-02       5.652885784908e+03 
       3.180390396001e-02       5.600699955670e+03 
       3.217422959557e-02       5.548304652057e+03 
       3.254918116504e-02       5.495660261396e+03 
       3.292886060560e-02       5.442765889905e+03 
       3.331337684501e-02       5.389740402632e+03 
       3.370284643311e-02       5.336583949098e+03 
       3.409739421789e-02       5.283291288302e+03 
       3.449715406841e-02       5.229981997512e+03 
       3.490226964709e-02       5.176668974119e+03 
       3.531289523418e-02       5.123342740896e+03 
       3.572919660751e-02       5.070143080526e+03 
       3.615135198105e-02       5.017011263069e+03 
       3.657955300625e-02       4.964006475340e+03 
       3.701400584046e-02       4.911231399323e+03 
       3.745493228774e-02       4.858618279679e+03 
       3.790257101744e-02       4.806190761073e+03 
       3.835717886709e-02       4.754136431020e+03 
       3.881903223682e-02       4.702340939525e+03 
       3.928842858323e-02       4.650930804860e+03 
       3.976568802188e-02       4.599827343268e+03 
       4.025115504842e-02       4.549132979891e+03 
       4.074520038942e-02       4.498884545522e+03 
       4.124822299561e-02       4.449100217823e+03 
       4.176065219089e-02       4.399793873113e+03 
       4.228294999248e-02       4.350990600558e+03 
       4.281561361856e-02       4.302689500831e+03 
       4.335917820161e-02       4.254952809398e+03 
       4.391421972698e-02       4.207751573638e+03 
       4.448135821808e-02       4.161146344173e+03 
       4.506126119095e-02       4.115127363995e+03 
       4.565464740276e-02       4.069708591922e+03 
       4.626229092012e-02       4.024894556919e+03 
       4.688502553455e-02       3.980680842801e+03 
       4.752374955343e-02       3.937065948786e+03 
       4.817943099530e-02       3.894033180052e+03 
       4.885311321885e-02       3.851605375526e+03 
       4.954592101374e-02       3.809721187819e+03 
       5.025906718005e-02       3.768364615470e+03 
       5.099385961975e-02       3.727490008221e+03 
       5.175170895862e-02       3.687021779435e+03 
       5.253413670959e-02       3.646931884147e+03 
       5.334278397789e-02       3.607112019374e+03 
       5.417942069410e-02       3.567455246002e+03 
       5.504595534199e-02       3.527820156306e+03 
       5.594444512280e-02       3.488066024330e+03 
       5.687710646567e-02       3.447997354045e+03 
       5.784632575335e-02       3.407411434659e+03 
       5.885467008189e-02       3.366038561327e+03 
       5.990489781253e-02       3.323584036784e+03 
       6.099996860103e-02       3.279701225698e+03 
       6.214305250555e-02       3.234021914356e+03 
       6.333753767928e-02       3.186109575628e+03 
       6.458703605061e-02       3.135488521442e+03 
       6.589538628722e-02       3.081660621213e+03 
       6.726665323885e-02       3.024120549185e+03 
       6.870512296875e-02       2.962343532472e+03 
       7.021529243220e-02       2.895850060169e+03 
       7.180185286359e-02       2.824209896265e+03 
       7.346966601632e-02       2.747116848148e+03 
       7.522373258915e-02       2.664451695832e+03 
       7.706915249449e-02       2.576289320668e+03 
       7.901107709537e-02       2.483004531291e+03 
       8.105465416113e-02       2.385306216184e+03 
       8.320496704534e-02       2.284314223024e+03 
       8.546697041986e-02       2.181426058934e+03 
       8.784542571783e-02       2.078513535758e+03 
       9.034484012821e-02       1.977536481899e+03 
       9.296941340947e-02       1.880619901337e+03 
       9.572299682443e-02       1.789783842100e+03 
       9.860906805612e-02       1.706695000350e+03 
       1.016307250289e-01       1.632465059057e+03 
       1.047907002026e-01       1.567418934202e+03 
       1.080913952906e-01       1.510948850510e+03 
       1.115349346893e-01       1.461435367924e+03 
       1.151232344443e-01       1.416348391067e+03 
       1.188580824965e-01       1.372536842180e+03 
       1.227412253938e-01       1.326603075685e+03 
       1.267744566225e-01       1.275625051562e+03 
       1.309597021501e-01       1.217822365500e+03 
       1.352990995372e-01       1.153145648974e+03 
       1.397950679059e-01       1.083412509432e+03 
       1.444503669922e-01       1.012007314373e+03 
       1.492681443351e-01       9.431090901080e+02 
       1.542519702887e-01       8.805982505503e+02 
       1.594058609537e-01       8.271362626337e+02 
       1.647342893067e-01       7.834883716500e+02 
       1.702421847978e-01       7.482507962436e+02 
       1.759349215100e-01       7.182552447299e+02 
       1.818182946952e-01       6.894460324751e+02 
       1.878984851336e-01       6.584275566455e+02 
       1.941820103751e-01       6.229569582663e+02 
       2.006756615254e-01       5.835302017111e+02 
       2.073864238937e-01       5.430372985020e+02 
       2.143213795500e-01       5.051935999271e+02 
       2.214875897100e-01       4.725742544567e+02 
       2.288919549279e-01       4.456882372614e+02 
       2.365410514016e-01       4.232313361303e+02 
       2.444409423670e-01       4.025881715112e+02 
       2.525969646529e-01       3.810854939252e+02 
       2.610134920621e-01       3.577512557915e+02 
       2.696936793787e-01       3.337053733480e+02 
       2.786391934560e-01       3.110012263117e+02 
       2.878499409231e-01       2.913003480186e+02 
       2.973238053201e-01       2.746282503430e+02 
       3.070564095821e-01       2.594967603922e+02 
       3.170409222281e-01       2.445153695838e+02 
       3.272679267763e-01       2.292687549170e+02 
       3.377253731999e-01       2.144330212461e+02 
       3.483986271845e-01       2.009966536853e+02 
       3.592706273794e-01       1.891651405895e+02 
       3.703221530072e-01       1.784488584449e+02 
       3.815321948852e-01       1.681951851526e+02 
       3.928784133096e-01       1.582633584713e+02 
       4.043376578090e-01       1.489523422068e+02 
       4.158865178581e-01       1.404641522235e+02 
       4.275018712168e-01       1.327784760062e+02 
       4.391613979705e-01       1.256635477135e+02 
       4.508440332078e-01       1.190001468382e+02 
       4.625303386265e-01       1.127243808855e+02 
       4.742027819158e-01       1.069091723431e+02 
       4.858459212085e-01       1.015628279781e+02 
       4.974464991845e-01       9.665472641626e+01 
       5.089934568575e-01       9.208075660350e+01 
       5.204778804749e-01       8.779473874115e+01 
       5.318928964067e-01       8.379346916643e+01 
       5.432335287626e-01       8.007590497443e+01 
       5.544965332037e-01       7.662694186960e+01 
       5.656802184657e-01       7.340257142846e+01 
       5.767842648734e-01       7.038719748471e+01 
       5.878095468893e-01       6.755148997454e+01 
       5.987579646982e-01       6.489258616868e+01 
       6.096322880806e-01       6.239336603179e+01 
       6.204360144137e-01       6.004658732452e+01 
       6.311732415506e-01       5.783798711903e+01 
       6.418485555305e-01       5.574878794836e+01 
       6.524669325232e-01       5.377586151731e+01 
       6.630336540590e-01       5.190472877630e+01 
       6.735542343930e-01       5.013357277406e+01 
       6.840343587661e-01       4.845265811015e+01 
       6.944798313146e-01       4.685403851487e+01 
       7.048965314244e-01       4.533443759521e+01 
       7.152903774031e-01       4.388309545265e+01 
       7.256672964387e-01       4.249995309912e+01 
       7.360331999175e-01       4.117756621509e+01 
       7.463939632805e-01       3.991261814614e+01 
       7.567554096947e-01       3.870266908013e+01 
       7.671232969175e-01       3.754071173835e+01 
       7.775033068114e-01       3.642735228635e+01 
       7.879010370531e-01       3.535655514110e+01 
       7.983219946439e-01       3.432723981936e+01 
       8.087715908940e-01       3.333723005274e+01 
       8.192551376070e-01       3.238237873551e+01 
       8.297778442356e-01       3.146341826769e+01 
       8.403448158217e-01       3.057550994317e+01 
       8.509610515690e-01       2.971900263905e+01 
       8.616314439252e-01       2.889137263524e+01 
       8.723607780757e-01       2.809072273149e+01 
       8.831537317750e-01       2.731724068120e+01 
       8.940148754559e-01       2.656742961213e+01 
       9.049486725751e-01       2.584235995216e+01 
       9.159594801661e-01       2.513899441087e+01 
       9.270515495769e-01       2.445760692581e+01 
       9.382290273834e-01       2.379672956040e+01 
       9.494959564713e-01       2.315522037248e+01 
       9.608562772871e-01       2.253314684351e+01 
       9.723138292600e-01       2.192837497817e+01 
       9.838723524003e-01       2.134176699355e+01 
       9.955354890791e-01       2.077098628751e+01 
       1.007306785997e+00       2.021699985068e+01 
       1.019189696344e+00       1.967776733755e+01 
       1.031187582162e+00       1.915396460556e+01 
       1.043303716897e+00       1.864404813645e+01 
       1.055541288160e+00       1.814833292703e+01 
       1.067903400675e+00       1.766574303974e+01 
       1.080393079425e+00       1.719633547292e+01 
       1.093013272975e+00       1.673928827953e+01 
       1.105766856960e+00       1.629457417253e+01 
       1.118656637739e+00       1.586148386337e+01 
       1.131685356177e+00       1.544004040482e+01 
       1.144855691556e+00       1.502949720684e+01 
       1.158170265572e+00       1.462999833913e+01 
       1.171631646425e+00       1.424068413334e+01 
       1.185242352943e+00       1.386190780645e+01 
       1.199004858752e+00       1.349264445574e+01 
       1.212921596437e+00       1.313340903464e+01 
       1.226994961692e+00       1.278315410647e+01 
       1.241227317422e+00       1.244233076495e+01 
       1.255620997787e+00       1.211012803549e+01 
       1.270178312154e+00       1.178665286277e+01 
       1.284901548952e+00       1.147161559319e+01 
       1.299792979397e+00       1.116458138807e+01 
       1.314854861095e+00       1.086577522943e+01 
       1.330089441485e+00       1.057447599737e+01 
       1.345498961135e+00       1.029092008119e+01 
       1.361085656863e+00       1.001472668181e+01 
       1.376851764698e+00       9.745602143700e+00 
       1.392799522662e+00       9.483700593214e+00 
       1.408931173379e+00       9.228473058693e+00 
       1.425248966512e+00       8.979931361108e+00 
       1.441755161034e+00       8.738012221361e+00 
       1.458452027325e+00       8.502258322235e+00 
       1.475341849121e+00       8.272717539533e+00 
       1.492426925296e+00       8.049274188575e+00 
       1.509709571519e+00       7.831550300142e+00 
       1.527192121752e+00       7.619554997328e+00 
       1.544876929643e+00       7.413214604122e+00 
       1.562766369782e+00       7.212202656297e+00 
       1.580862838863e+00       7.016449904236e+00 
       1.599168756741e+00       6.825946792341e+00 
       1.617686567398e+00       6.640454080426e+00 
       1.636418739827e+00       6.459888421190e+00 
       1.655367768856e+00       6.284024354437e+00 
       1.674536175886e+00       6.112865936143e+00 
       1.693926509597e+00       5.946221957029e+00 
       1.713541346583e+00       5.783940273573e+00 
       1.733383291961e+00       5.625963138806e+00 
       1.753454979931e+00       5.472216583457e+00 
       1.773759074312e+00       5.322559831959e+00 
       1.794298269053e+00       5.176859001701e+00 
       1.815075288711e+00       5.035007562963e+00 
       1.836092888924e+00       4.896944402680e+00 
       1.857353856861e+00       4.762586340125e+00 
       1.878861011666e+00       4.631826816121e+00 
       1.900617204887e+00       4.504569787134e+00 
       1.922625320901e+00       4.380701507714e+00 
       1.944888277336e+00       4.260135847259e+00 
       1.967409025491e+00       4.142803137819e+00 
       1.990190550745e+00       4.028606698858e+00 
       2.013235872978e+00       3.917489763940e+00 
       2.036548046982e+00       3.809353499409e+00 
       2.060130162881e+00       3.704125501554e+00 
       2.083985346551e+00       3.601679980905e+00 
       2.108116760038e+00       3.502056489402e+00 
       2.132527601984e+00       3.405119951348e+00 
       2.157221108057e+00       3.310882977038e+00 
       2.182200551382e+00       3.219105203780e+00 
       2.207469242976e+00       3.129778603597e+00 
       2.233030532192e+00       3.042888982552e+00 
       2.258887807161e+00       2.958390363827e+00 
       2.285044495244e+00       2.876148714462e+00 
       2.311504063487e+00       2.796135203682e+00 
       2.338270019081e+00       2.718295482993e+00 
       2.365345909828e+00       2.642570005384e+00 
       2.392735324609e+00       2.568912007493e+00 
       2.420441893862e+00       2.497260602050e+00 
       2.448469290065e+00       2.427558271425e+00 
       2.476821228219e+00       2.359758633309e+00 
       2.505501466343e+00       2.293809920253e+00 
       2.534513805972e+00       2.229653841921e+00 
       2.563862092660e+00       2.167245936691e+00 
       2.593550216491e+00       2.106553040284e+00 
       2.623582112594e+00       2.047523753416e+00 
       2.653961761664e+00       1.990118045053e+00 
       2.684693190491e+00       1.934247356127e+00 
       2.715780472492e+00       1.879971904557e+00 
       2.747227728254e+00       1.827150441507e+00 
       2.779039126074e+00       1.775789888033e+00 
       2.811218882521e+00       1.725844435882e+00 
       2.843771262986e+00       1.677265277101e+00 
       2.876700582251e+00       1.630020277783e+00 
       2.910011205063e+00       1.584090912978e+00 
       2.943707546708e+00       1.539420461895e+00 
       2.977794073599e+00       1.495983728350e+00 
       3.012275303870e+00       1.453753729445e+00 
       3.047155807969e+00       1.412638062647e+00 
       3.082440209271e+00       1.372746851178e+00 
       3.118133184683e+00       1.333924025020e+00 
       3.154239465271e+00       1.296170929863e+00 
       3.190763836884e+00       1.259465189565e+00 
       3.227711140787e+00       1.223771690052e+00 
       3.265086274306e+00       1.189078391489e+00 
       3.302894191474e+00       1.155345589000e+00 
       3.341139903690e+00       1.122567821044e+00 
       3.379828480380e+00       1.090685832235e+00 
       3.418965049675e+00       1.059662963142e+00 
       3.458554799084e+00       1.029566132267e+00 
       3.498602976185e+00       1.000280775348e+00 
       3.539114889322e+00       9.718064303852e-01 
       3.580095908303e+00       9.441304327173e-01 
       3.621551465119e+00       9.172290465475e-01 
       3.663487054660e+00       8.910744680705e-01 
       3.705908235441e+00       8.656561528958e-01 
       3.748820630344e+00       8.409520762664e-01 
       3.792229927362e+00       8.169333688774e-01 
       3.836141880349e+00       7.935901917395e-01 
       3.880562309787e+00       7.709043757725e-01 
       3.925497103556e+00       7.488549820186e-01 
       3.970952217714e+00       7.274195923134e-01 
       4.016933677287e+00       7.065907821193e-01 
       4.063447577068e+00       6.863478932104e-01 
       4.110500082424e+00       6.666753586958e-01 
       4.158097430114e+00       6.475555422653e-01 
       4.206245929114e+00       6.289741325509e-01 
       4.254951961456e+00       6.109163197102e-01 
       4.304221983072e+00       5.933676988624e-01 
       4.354062524650e+00       5.763147672686e-01 
       4.404480192499e+00       5.597437919013e-01 
       4.455481669426e+00       5.436414715738e-01 
       4.507073715623e+00       5.279938395167e-01 
       4.559263169559e+00       5.127895144667e-01 
       4.612056948890e+00       4.980153633178e-01 
       4.665462051374e+00       4.836606981808e-01 
       4.719485555799e+00       4.697117833070e-01 
       4.774134622922e+00       4.561588657314e-01 
       4.829416496419e+00       4.429897384596e-01 
       4.885338503841e+00       4.301955332005e-01 
       4.941908057591e+00       4.177650756537e-01 
       4.999132655900e+00       4.056882909040e-01 
       5.057019883828e+00       3.939524973883e-01 
       5.115577414265e+00       3.825489191899e-01 
       5.174813008946e+00       3.714734905359e-01 
       5.234734519487e+00       3.607179897179e-01 
       5.295349888418e+00       3.502576023824e-01 
       5.356667150241e+00       3.401072526114e-01 
       5.418694432493e+00       3.302418468827e-01 
       5.481439956822e+00       3.206587784706e-01 
       5.544912040080e+00       3.113459583496e-01 
       5.609119095424e+00       3.023055992391e-01 
       5.674069633428e+00       2.935205213593e-01 
       5.739772263215e+00       2.849867332625e-01 
       5.806235693599e+00       2.767028275919e-01 
       5.873468734236e+00       2.686466887246e-01 
       5.941480296791e+00       2.608263913140e-01 
       6.010279396123e+00       2.532308721404e-01 
       6.079875151480e+00       2.458527026801e-01 
       6.150276787703e+00       2.386864064686e-01 
       6.221493636451e+00       2.317250928086e-01 
       6.293535137443e+00       2.249663352600e-01 
       6.366410839700e+00       2.183998215180e-01 
       6.440130402818e+00       2.120222476566e-01 
       6.514703598245e+00       2.058286204139e-01 
       6.590140310578e+00       1.998130963293e-01 
       6.666450538871e+00       1.939710277427e-01 
       6.743644397961e+00       1.882950064783e-01 
       6.821732119813e+00       1.827835379507e-01 
       6.900724054867e+00       1.774325971554e-01 
       6.980630673421e+00       1.722357898526e-01 
       7.061462567009e+00       1.671896743417e-01 
       7.143230449812e+00       1.622899910375e-01 
       7.225945160073e+00       1.575313944529e-01 
       7.309617661539e+00       1.529089475630e-01 
       7.394259044908e+00       1.484219342658e-01 
       7.479880529304e+00       1.440640750565e-01 
       7.566493463763e+00       1.398329187072e-01 
       7.654109328734e+00       1.357251567831e-01 
       7.742739737606e+00       1.317359118774e-01 
       7.832396438244e+00       1.278618404299e-01 
       7.923091314546e+00       1.241001167912e-01 
       8.014836388020e+00       1.204476169676e-01 
       8.107643819376e+00       1.169013227509e-01 
       8.201525910138e+00       1.134580746243e-01 
       8.296495104276e+00       1.101148622433e-01 
       8.392563989853e+00       1.068691321304e-01 
       8.489745300697e+00       1.037177004923e-01 
       8.588051918085e+00       1.006592163974e-01 
       8.687496872452e+00       9.768808084906e-02 
       8.788093345119e+00       9.480406855786e-02 
       8.889854670041e+00       9.200408686292e-02 
       8.992794335570e+00       8.928573528263e-02 
       9.096925986247e+00       8.664662597257e-02 
       9.202263424610e+00       8.408478154413e-02 
       9.308820613023e+00       8.159775780757e-02 
       9.416611675525e+00       7.918329302290e-02 
       9.525650899705e+00       7.683941573589e-02 
       9.635952738594e+00       7.456422372309e-02 
       9.747531812581e+00       7.235562602397e-02 
       9.860402911352e+00       7.021125618251e-02 
       9.974580995848e+00       6.813004230787e-02 
       1.009008120025e+01       6.610959811918e-02 
       1.020691883399e+01       6.414838348125e-02 
       1.032510938376e+01       6.224488879821e-02 
       1.044466851560e+01       6.039704706830e-02 
       1.056561207693e+01       5.860347816362e-02 
       1.068795609871e+01       5.686251992661e-02 
       1.081171679748e+01       5.517278933785e-02 
       1.093691057761e+01       5.353275891072e-02 
       1.106355403339e+01       5.194020640475e-02 
       1.119166395127e+01       5.039557208159e-02 
       1.132125731209e+01       4.889583185267e-02 
       1.145235129330e+01       4.744014926529e-02 
       1.158496327127e+01       4.602736020088e-02 
       1.171911082357e+01       4.465566520585e-02 
       1.185481173132e+01       4.332544800937e-02 
       1.199208398152e+01       4.203392279944e-02 
       1.213094576946e+01       4.078041245752e-02 
       1.227141550113e+01       3.956394418704e-02 
       1.241351179563e+01       3.838335029333e-02 
       1.255725348767e+01       3.723763521379e-02 
       1.270265963006e+01       3.612569726739e-02 
       1.284974949623e+01       3.504658765794e-02 
       1.299854258277e+01       3.399931680351e-02 
       1.314905861205e+01       3.298306884086e-02 
       1.330131753481e+01       3.199649937577e-02 
       1.345533953280e+01       3.103962688278e-02 
       1.361114502147e+01       3.011091189442e-02 
       1.376875465268e+01       2.920994616888e-02 
       1.392818931739e+01       2.833538961412e-02 
       1.408947014852e+01       2.748679143499e-02 
       1.425261852365e+01       2.666326275323e-02 
       1.441765606793e+01       2.586437156765e-02 
       1.458460465690e+01       2.508888251880e-02 
       1.475348641942e+01       2.433658933100e-02 
       1.492432374059e+01       2.360660477481e-02 
       1.509713926470e+01       2.289837336008e-02 
       1.527195589828e+01       2.221101239765e-02 
       1.544879681306e+01       2.154406137890e-02 
       1.562768544913e+01       2.089678755191e-02 
       1.580864551797e+01       2.026924430324e-02 
       1.599170100566e+01       1.966006194330e-02 
       1.617687617599e+01       1.906906822503e-02 
       1.636419557374e+01       1.849564423810e-02 
       1.655368402789e+01       1.793927622124e-02 
       1.674536665492e+01       1.739946436434e-02 
       1.693926886216e+01       1.687576496478e-02 
       1.713541635115e+01       1.636770572684e-02 
       1.733383512101e+01       1.587479460168e-02 
       1.753455147195e+01       1.539641724322e-02 
       1.773759200868e+01       1.493251977094e-02 
       1.794298364403e+01       1.448243859418e-02 
       1.815075360242e+01       1.404572039622e-02 
       1.836092942354e+01       1.362208406635e-02 
       1.857353896597e+01       1.321111265189e-02 
       1.878861041087e+01       1.281238042003e-02 
       1.900617226573e+01       1.242560356005e-02 
       1.922625336814e+01       1.205038334006e-02 
       1.944888288960e+01       1.168637660840e-02 
       1.967409033943e+01       1.133327752578e-02 
       1.990190556862e+01       1.099075271039e-02 
       2.013235877384e+01       1.065847457359e-02 
       2.036548050140e+01       1.033612978267e-02 
       2.060130165135e+01       1.002346938027e-02 
       2.083985348152e+01       9.720151634671e-03 
       2.108116761169e+01       9.425972080565e-03 
       2.132527602779e+01       9.140585126145e-03 
       2.157221108614e+01       8.863773251305e-03 
       2.182200551769e+01       8.595261672453e-03 
       2.207469243244e+01       8.334811134699e-03 
       2.233030532377e+01       8.082182798349e-03 
       2.258887807287e+01       7.837140359787e-03 
       2.285044495330e+01       7.599450763808e-03 
       2.311504063546e+01       7.368919477732e-03 
       2.338270019121e+01       7.145307547505e-03 
       2.365345909855e+01       6.928369906744e-03 
       2.392735324627e+01       6.718081412164e-03 
       2.420441893874e+01       6.514062629350e-03 
       2.448469290073e+01       6.316175252518e-03 
       2.476821228224e+01       6.124249577091e-03 
       2.505501466346e+01       5.938105114845e-03 
       2.534513805974e+01       5.757562841730e-03 
       2.563862092661e+01       5.582462817823e-03 
       2.593550216492e+01       5.412662526187e-03 
       2.623582112595e+01       5.247953008638e-03 
       2.653961761665e+01       5.088219448450e-03 
       2.684693190491e+01       4.933321282398e-03 
       2.715780472493e+01       4.783071569322e-03 
       2.747227728254e+01       4.637379090600e-03 
       2.779039126075e+01       4.496083781339e-03 
       2.811218882521e+01       4.359060228051e-03 
       2.843771262986e+01       4.226156261387e-03 
       2.876700582251e+01       4.097294969678e-03 
       2.910011205063e+01       3.972310708174e-03 
       2.943707546708e+01       3.851117056861e-03 
       2.977794073599e+01       3.733589548816e-03 
       3.012275303870e+01       3.619608536833e-03 
