# Matter power spectrum P(k) at redshift z=0
# for k=1.07085e-05 to 30.2902 h/Mpc,
# number of wavenumbers equal to 1159
#    1:k (h/Mpc)              2:P (Mpc/h)^3        
       1.070845749124e-05       4.224947366206e+01 
       1.083245558496e-05       4.272242666890e+01 
       1.095788950893e-05       4.320076085108e+01 
       1.108477588928e-05       4.368432770244e+01 
       1.121313154467e-05       4.417340109703e+01 
       1.134297348850e-05       4.466792962153e+01 
       1.147431893118e-05       4.516795231367e+01 
       1.160718528241e-05       4.567360560156e+01 
       1.174159015348e-05       4.618497879369e+01 
       1.187755135960e-05       4.670202345181e+01 
       1.201508692228e-05       4.722487340602e+01 
       1.215421507173e-05       4.775353401178e+01 
       1.229495424922e-05       4.828814971089e+01 
       1.243732310957e-05       4.882880532602e+01 
       1.258134052364e-05       4.937535141828e+01 
       1.272702558076e-05       4.992809015348e+01 
       1.287439759134e-05       5.048704121565e+01 
       1.302347608937e-05       5.105230751903e+01 
       1.317428083505e-05       5.162381770272e+01 
       1.332683181739e-05       5.220183670787e+01 
       1.348114925684e-05       5.278623453785e+01 
       1.363725360804e-05       5.337712953016e+01 
       1.379516556242e-05       5.397490098932e+01 
       1.395490605106e-05       5.457892752769e+01 
       1.411649624738e-05       5.519002242828e+01 
       1.427995756998e-05       5.580779772955e+01 
       1.444531168550e-05       5.643264982084e+01 
       1.461258051143e-05       5.706426886932e+01 
       1.478178621908e-05       5.770327062817e+01 
       1.495295123649e-05       5.834917570988e+01 
       1.512609825138e-05       5.900233200719e+01 
       1.530125021421e-05       5.966296779685e+01 
       1.547843034119e-05       6.033091590190e+01 
       1.565766211734e-05       6.100625989433e+01 
       1.583896929964e-05       6.168923564840e+01 
       1.602237592017e-05       6.237981285075e+01 
       1.620790628927e-05       6.307825597558e+01 
       1.639558499880e-05       6.378437648842e+01 
       1.658543692536e-05       6.449838280110e+01 
       1.677748723361e-05       6.522057976612e+01 
       1.697176137963e-05       6.595062144912e+01 
       1.716828511424e-05       6.668892236390e+01 
       1.736708448644e-05       6.743540189385e+01 
       1.756818584688e-05       6.819055828443e+01 
       1.777161585132e-05       6.895405432169e+01 
       1.797740146420e-05       6.972582133443e+01 
       1.818556996216e-05       7.050640871710e+01 
       1.839614893773e-05       7.129573799136e+01 
       1.860916630291e-05       7.209388391213e+01 
       1.882465029293e-05       7.290088306381e+01 
       1.904262946996e-05       7.371698747952e+01 
       1.926313272689e-05       7.454228299953e+01 
       1.948618929121e-05       7.537676050183e+01 
       1.971182872880e-05       7.622058252855e+01 
       1.994008094795e-05       7.707399512917e+01 
       2.017097620322e-05       7.793666554433e+01 
       2.040454509955e-05       7.880905386548e+01 
       2.064081859622e-05       7.969157023856e+01 
       2.087982801104e-05       8.058385245363e+01 
       2.112160502445e-05       8.148574769812e+01 
       2.136618168373e-05       8.239803629688e+01 
       2.161359040724e-05       8.332039871943e+01 
       2.186386398875e-05       8.425329184937e+01 
       2.211703560176e-05       8.519641236101e+01 
       2.237313880387e-05       8.614997286359e+01 
       2.263220754130e-05       8.711444007174e+01 
       2.289427615333e-05       8.808978568772e+01 
       2.315937937686e-05       8.907603557308e+01 
       2.342755235104e-05       9.007305261082e+01 
       2.369883062191e-05       9.108141088068e+01 
       2.397325014711e-05       9.210114073164e+01 
       2.425084730065e-05       9.313190886865e+01 
       2.453165887773e-05       9.417455698069e+01 
       2.481572209962e-05       9.522886803332e+01 
       2.510307461860e-05       9.629502489162e+01 
       2.539375452293e-05       9.737305280996e+01 
       2.568780034192e-05       9.846355246409e+01 
       2.598525105101e-05       9.956560250214e+01 
       2.628614607699e-05       1.006801171117e+02 
       2.659052530316e-05       1.018070843452e+02 
       2.689842907465e-05       1.029472727152e+02 
       2.720989820379e-05       1.040994779739e+02 
       2.752497397545e-05       1.052646171054e+02 
       2.784369815261e-05       1.064432710316e+02 
       2.816611298179e-05       1.076346613106e+02 
       2.849226119874e-05       1.088398171068e+02 
       2.882218603406e-05       1.100582401507e+02 
       2.915593121891e-05       1.112903060749e+02 
       2.949354099086e-05       1.125361630479e+02 
       2.983506009973e-05       1.137965121163e+02 
       3.018053381349e-05       1.150704222859e+02 
       3.053000792433e-05       1.163579164582e+02 
       3.088352875464e-05       1.176603049552e+02 
       3.124114316324e-05       1.189776965055e+02 
       3.160289855152e-05       1.203101507315e+02 
       3.196884286978e-05       1.216561229919e+02 
       3.233902462353e-05       1.230183480491e+02 
       3.271349287997e-05       1.243953340907e+02 
       3.309229727446e-05       1.257879424340e+02 
       3.347548801710e-05       1.271960139778e+02 
       3.386311589942e-05       1.286198451064e+02 
       3.425523230108e-05       1.300597208745e+02 
       3.465188919667e-05       1.315155628409e+02 
       3.505313916264e-05       1.329879038062e+02 
       3.545903538424e-05       1.344766544773e+02 
       3.586963166258e-05       1.359817498017e+02 
       3.628498242173e-05       1.375048501955e+02 
       3.670514271601e-05       1.390434682406e+02 
       3.713016823719e-05       1.405999819725e+02 
       3.756011532195e-05       1.421740408650e+02 
       3.799504095932e-05       1.437654794004e+02 
       3.843500279821e-05       1.453750088343e+02 
       3.888005915509e-05       1.470024576758e+02 
       3.933026902170e-05       1.486475023484e+02 
       3.978569207287e-05       1.503118564527e+02 
       4.024638867442e-05       1.519946132661e+02 
       4.071241989121e-05       1.536963640158e+02 
       4.118384749515e-05       1.554168627356e+02 
       4.166073397346e-05       1.571566169264e+02 
       4.214314253694e-05       1.589159382254e+02 
       4.263113712832e-05       1.606947719615e+02 
       4.312478243074e-05       1.624931070291e+02 
       4.362414387637e-05       1.643116564937e+02 
       4.412928765501e-05       1.661513509796e+02 
       4.464028072293e-05       1.680108470143e+02 
       4.515719081171e-05       1.698921220852e+02 
       4.568008643722e-05       1.717935101499e+02 
       4.620903690871e-05       1.737167163259e+02 
       4.674411233799e-05       1.756616844551e+02 
       4.728538364873e-05       1.776277975460e+02 
       4.783292258585e-05       1.796157776272e+02 
       4.838680172505e-05       1.816264567038e+02 
       4.894709448241e-05       1.836603513945e+02 
       4.951387512412e-05       1.857152258896e+02 
       5.008721877635e-05       1.877941143848e+02 
       5.066720143518e-05       1.898967457333e+02 
       5.125389997667e-05       1.920220674798e+02 
       5.184739216709e-05       1.941714470393e+02 
       5.244775667319e-05       1.963457394795e+02 
       5.305507307262e-05       1.985423905710e+02 
       5.366942186452e-05       2.007651042814e+02 
       5.429088448015e-05       2.030119478153e+02 
       5.491954329372e-05       2.052840765976e+02 
       5.555548163327e-05       2.075821695962e+02 
       5.619878379173e-05       2.099058581710e+02 
       5.684953503810e-05       2.122552546107e+02 
       5.750782162877e-05       2.146312048574e+02 
       5.817373081891e-05       2.170344599037e+02 
       5.884735087406e-05       2.194629804367e+02 
       5.952877108182e-05       2.219197101672e+02 
       6.021808176371e-05       2.244036783938e+02 
       6.091537428711e-05       2.269155495934e+02 
       6.162074107739e-05       2.294551080176e+02 
       6.233427563016e-05       2.320233841310e+02 
       6.305607252364e-05       2.346205465199e+02 
       6.378622743124e-05       2.372464167760e+02 
       6.452483713419e-05       2.399020045435e+02 
       6.527199953441e-05       2.425870764705e+02 
       6.602781366747e-05       2.453021843005e+02 
       6.679237971572e-05       2.480478239906e+02 
       6.756579902155e-05       2.508236342017e+02 
       6.834817410085e-05       2.536310723661e+02 
       6.913960865660e-05       2.564699449021e+02 
       6.994020759258e-05       2.593398090740e+02 
       7.075007702733e-05       2.622428318113e+02 
       7.156932430815e-05       2.651772339483e+02 
       7.239805802539e-05       2.681456708455e+02 
       7.323638802680e-05       2.711468171706e+02 
       7.408442543212e-05       2.741808441918e+02 
       7.494228264778e-05       2.772498041518e+02 
       7.581007338183e-05       2.803527896461e+02 
       7.668791265900e-05       2.834902211361e+02 
       7.757591683592e-05       2.866629517022e+02 
       7.847420361659e-05       2.898713576627e+02 
       7.938289206795e-05       2.931154319037e+02 
       8.030210263567e-05       2.963955138914e+02 
       8.123195716011e-05       2.997119584629e+02 
       8.217257889249e-05       3.030667468559e+02 
       8.312409251119e-05       3.064581577212e+02 
       8.408662413832e-05       3.098878329817e+02 
       8.506030135640e-05       3.133556528276e+02 
       8.604525322529e-05       3.168619816829e+02 
       8.704161029929e-05       3.204080281437e+02 
       8.804950464446e-05       3.239942410088e+02 
       8.906906985610e-05       3.276191412817e+02 
       9.010044107647e-05       3.312851351046e+02 
       9.114375501271e-05       3.349920123103e+02 
       9.219914995496e-05       3.387408580052e+02 
       9.326676579466e-05       3.425311644341e+02 
       9.434674404315e-05       3.463644799018e+02 
       9.543922785037e-05       3.502399136651e+02 
       9.654436202386e-05       3.541584917380e+02 
       9.766229304797e-05       3.581211874261e+02 
       9.879316910323e-05       3.621299241793e+02 
       9.993714008606e-05       3.661800668224e+02 
       1.010943576285e-04       3.702774595179e+02 
       1.022649751186e-04       3.744205966572e+02 
       1.034491477204e-04       3.786090849056e+02 
       1.046470323947e-04       3.828453553347e+02 
       1.058587879197e-04       3.871287166260e+02 
       1.070845749124e-04       3.914598443481e+02 
       1.083245558496e-04       3.958395669902e+02 
       1.095788950893e-04       4.002683428297e+02 
       1.108477588928e-04       4.047463848168e+02 
       1.121313154467e-04       4.092740368271e+02 
       1.134297348850e-04       4.138530288336e+02 
       1.147431893118e-04       4.184825391302e+02 
       1.160718528241e-04       4.231639940469e+02 
       1.174159015348e-04       4.278983877780e+02 
       1.187755135960e-04       4.326845599199e+02 
       1.201508692228e-04       4.375245187050e+02 
       1.215421507173e-04       4.424185950081e+02 
       1.229495424922e-04       4.473676137216e+02 
       1.243732310957e-04       4.523714935934e+02 
       1.258134052364e-04       4.574313865398e+02 
       1.272702558076e-04       4.625478681787e+02 
       1.287439759134e-04       4.677214635504e+02 
       1.302347608937e-04       4.729532507115e+02 
       1.317428083505e-04       4.782423868106e+02 
       1.332683181739e-04       4.835912212989e+02 
       1.348114925685e-04       4.889996372394e+02 
       1.363725360804e-04       4.944694664963e+02 
       1.379516556242e-04       4.999987794265e+02 
       1.395490605106e-04       5.055896402419e+02 
       1.411649624738e-04       5.112447673122e+02 
       1.427995756998e-04       5.169606241899e+02 
       1.444531168550e-04       5.227420428692e+02 
       1.461258051143e-04       5.285864818849e+02 
       1.478178621908e-04       5.344976557470e+02 
       1.495295123649e-04       5.404743236324e+02 
       1.512609825138e-04       5.465165097839e+02 
       1.530125021421e-04       5.526269915171e+02 
       1.547843034119e-04       5.588057341836e+02 
       1.565766211734e-04       5.650537108463e+02 
       1.583896929964e-04       5.713701475704e+02 
       1.602237592017e-04       5.777587890270e+02 
       1.620790628927e-04       5.842166326780e+02 
       1.639558499880e-04       5.907471200023e+02 
       1.658543692536e-04       5.973517960191e+02 
       1.677748723361e-04       6.040276911431e+02 
       1.697176137963e-04       6.107799641671e+02 
       1.716828511424e-04       6.176065639878e+02 
       1.736708448644e-04       6.245095195321e+02 
       1.756818584688e-04       6.314886843848e+02 
       1.777161585132e-04       6.385465171317e+02 
       1.797740146420e-04       6.456824413044e+02 
       1.818556996216e-04       6.528973858372e+02 
       1.839614893773e-04       6.601926243543e+02 
       1.860916630291e-04       6.675704796093e+02 
       1.882465029293e-04       6.750293572119e+02 
       1.904262946996e-04       6.825714702827e+02 
       1.926313272689e-04       6.901971901505e+02 
       1.948618929121e-04       6.979075627592e+02 
       1.971182872880e-04       7.057047758958e+02 
       1.994008094795e-04       7.135881789240e+02 
       2.017097620322e-04       7.215590064973e+02 
       2.040454509955e-04       7.296187078879e+02 
       2.064081859622e-04       7.377673707165e+02 
       2.087982801104e-04       7.460065282017e+02 
       2.112160502445e-04       7.543384800700e+02 
       2.136618168373e-04       7.627629411735e+02 
       2.161359040724e-04       7.712805213283e+02 
       2.186386398875e-04       7.798920239282e+02 
       2.211703560176e-04       7.886002488127e+02 
       2.237313880387e-04       7.974044701340e+02 
       2.263220754130e-04       8.063066450062e+02 
       2.289427615333e-04       8.153080875197e+02 
       2.315937937686e-04       8.244077268469e+02 
       2.342755235104e-04       8.336092587322e+02 
       2.369883062191e-04       8.429132677233e+02 
       2.397325014711e-04       8.523219956249e+02 
       2.425084730065e-04       8.618329295578e+02 
       2.453165887773e-04       8.714502557115e+02 
       2.481572209962e-04       8.811721649291e+02 
       2.510307461860e-04       8.910048907149e+02 
       2.539375452293e-04       9.009449388881e+02 
       2.568780034192e-04       9.109939805646e+02 
       2.598525105101e-04       9.211569238913e+02 
       2.628614607699e-04       9.314294505291e+02 
       2.659052530316e-04       9.418171605749e+02 
       2.689842907465e-04       9.523216203276e+02 
       2.720989820379e-04       9.629392578301e+02 
       2.752497397545e-04       9.736757622799e+02 
       2.784369815261e-04       9.845302759645e+02 
       2.816611298179e-04       9.955054600979e+02 
       2.849226119874e-04       1.006602706225e+03 
       2.882218603406e-04       1.017821405285e+03 
       2.915593121891e-04       1.029165618033e+03 
       2.949354099086e-04       1.040632597982e+03 
       2.983506009973e-04       1.052228649762e+03 
       3.018053381349e-04       1.063949336096e+03 
       3.053000792433e-04       1.075803414509e+03 
       3.088352875464e-04       1.087786246516e+03 
       3.124114316324e-04       1.099899725220e+03 
       3.160289855153e-04       1.112148125006e+03 
       3.196884286978e-04       1.124532900327e+03 
       3.233902462354e-04       1.137050498099e+03 
       3.271349287997e-04       1.149708729896e+03 
       3.309229727446e-04       1.162507099994e+03 
       3.347548801710e-04       1.175443355128e+03 
       3.386311589942e-04       1.188522667249e+03 
       3.425523230108e-04       1.201747225206e+03 
       3.465188919667e-04       1.215115783845e+03 
       3.505313916264e-04       1.228631818530e+03 
       3.545903538424e-04       1.242296753206e+03 
       3.586963166258e-04       1.256111039078e+03 
       3.628498242173e-04       1.270077122684e+03 
       3.670514271601e-04       1.284196052673e+03 
       3.713016823719e-04       1.298469407697e+03 
       3.756011532195e-04       1.312899298378e+03 
       3.799504095932e-04       1.327488153566e+03 
       3.843500279821e-04       1.342235271747e+03 
       3.888005915509e-04       1.357145815783e+03 
       3.933026902170e-04       1.372218185409e+03 
       3.978569207287e-04       1.387455211480e+03 
       4.024638867442e-04       1.402861697535e+03 
       4.071241989121e-04       1.418431567966e+03 
       4.118384749515e-04       1.434173332901e+03 
       4.166073397346e-04       1.450087533272e+03 
       4.214314253694e-04       1.466177138057e+03 
       4.263113712832e-04       1.482437705940e+03 
       4.312478243074e-04       1.498877066811e+03 
       4.362414387637e-04       1.515496815287e+03 
       4.412928765501e-04       1.532295542204e+03 
       4.464028072293e-04       1.549277582597e+03 
       4.515719081171e-04       1.566444382110e+03 
       4.568008643722e-04       1.583798127646e+03 
       4.620903690871e-04       1.601340342216e+03 
       4.674411233799e-04       1.619075820385e+03 
       4.728538364873e-04       1.636996502579e+03 
       4.783292258585e-04       1.655116607812e+03 
       4.838680172505e-04       1.673430519497e+03 
       4.894709448241e-04       1.691945087897e+03 
       4.951387512412e-04       1.710657958952e+03 
       5.008721877635e-04       1.729573645630e+03 
       5.066720143518e-04       1.748692873761e+03 
       5.125389997667e-04       1.768020015342e+03 
       5.184739216709e-04       1.787557206008e+03 
       5.244775667319e-04       1.807299995202e+03 
       5.305507307262e-04       1.827258362429e+03 
       5.366942186452e-04       1.847429495425e+03 
       5.429088448016e-04       1.867818969472e+03 
       5.491954329372e-04       1.888428881059e+03 
       5.555548163327e-04       1.909261536897e+03 
       5.619878379173e-04       1.930311139591e+03 
       5.684953503810e-04       1.951590758355e+03 
       5.750782162877e-04       1.973098068256e+03 
       5.817373081891e-04       1.994836784886e+03 
       5.884735087406e-04       2.016806812468e+03 
       5.952877108182e-04       2.039010989825e+03 
       6.021808176371e-04       2.061452470433e+03 
       6.091537428711e-04       2.084134353925e+03 
       6.162074107739e-04       2.107056866534e+03 
       6.233427563016e-04       2.130223816589e+03 
       6.305607252364e-04       2.153637391912e+03 
       6.378622743124e-04       2.177299846611e+03 
       6.452483713419e-04       2.201212203627e+03 
       6.527199953441e-04       2.225383473104e+03 
       6.602781366747e-04       2.249807050389e+03 
       6.679237971572e-04       2.274489104922e+03 
       6.756579902155e-04       2.299432380073e+03 
       6.834817410085e-04       2.324635482604e+03 
       6.913960865660e-04       2.350111755781e+03 
       6.994020759258e-04       2.375849741831e+03 
       7.075007702733e-04       2.401864837285e+03 
       7.156932430815e-04       2.428149226960e+03 
       7.239805802539e-04       2.454714064943e+03 
       7.323638802680e-04       2.481555607219e+03 
       7.408442543212e-04       2.508678978329e+03 
       7.494228264778e-04       2.536085630814e+03 
       7.581007338183e-04       2.563780809318e+03 
       7.668791265900e-04       2.591760755169e+03 
       7.757591683592e-04       2.620038008683e+03 
       7.847420361659e-04       2.648608499615e+03 
       7.938289206795e-04       2.677480149688e+03 
       8.030210263567e-04       2.706649260332e+03 
       8.123195716011e-04       2.736117606604e+03 
       8.217257889249e-04       2.765895518820e+03 
       8.312409251119e-04       2.795985724763e+03 
       8.408662413832e-04       2.826383616450e+03 
       8.506030135640e-04       2.857095706604e+03 
       8.604525322529e-04       2.888124771001e+03 
       8.704161029930e-04       2.919473938824e+03 
       8.804950464446e-04       2.951144756078e+03 
       8.906906985610e-04       2.983143344963e+03 
       9.010044107647e-04       3.015467919132e+03 
       9.114375501271e-04       3.048126108557e+03 
       9.219914995496e-04       3.081116262258e+03 
       9.326676579466e-04       3.114444695519e+03 
       9.434674404315e-04       3.148113700149e+03 
       9.543922785037e-04       3.182124993602e+03 
       9.654436202386e-04       3.216482982803e+03 
       9.766229304797e-04       3.251189387517e+03 
       9.879316910324e-04       3.286248257566e+03 
       9.993714008606e-04       3.321660813164e+03 
       1.010943576285e-03       3.357432089325e+03 
       1.022649751186e-03       3.393561102664e+03 
       1.034491477204e-03       3.430060756816e+03 
       1.046470323947e-03       3.466924395696e+03 
       1.058587879197e-03       3.504156875748e+03 
       1.070845749124e-03       3.541763281687e+03 
       1.083245558496e-03       3.579739351776e+03 
       1.095788950893e-03       3.618106589430e+03 
       1.108477588928e-03       3.656847771990e+03 
       1.121313154467e-03       3.695969023122e+03 
       1.134297348850e-03       3.735484136957e+03 
       1.147431893118e-03       3.775396157052e+03 
       1.160718528241e-03       3.815692476377e+03 
       1.174159015348e-03       3.856394765231e+03 
       1.187755135960e-03       3.897487792629e+03 
       1.201508692228e-03       3.938998546541e+03 
       1.215421507173e-03       3.980899299873e+03 
       1.229495424922e-03       4.023219937131e+03 
       1.243732310957e-03       4.065953446723e+03 
       1.258134052364e-03       4.109088993517e+03 
       1.272702558076e-03       4.152653581198e+03 
       1.287439759134e-03       4.196640663051e+03 
       1.302347608937e-03       4.241059348301e+03 
       1.317428083505e-03       4.285896333495e+03 
       1.332683181739e-03       4.331163473477e+03 
       1.348114925685e-03       4.376865569108e+03 
       1.363725360804e-03       4.422998481631e+03 
       1.379516556242e-03       4.469579585655e+03 
       1.395490605106e-03       4.516596719729e+03 
       1.411649624738e-03       4.564061970241e+03 
       1.427995756998e-03       4.611978363663e+03 
       1.444531168550e-03       4.660350448811e+03 
       1.461258051143e-03       4.709165794488e+03 
       1.478178621908e-03       4.758452518786e+03 
       1.495295123649e-03       4.808183854739e+03 
       1.512609825138e-03       4.858386417130e+03 
       1.530125021421e-03       4.909055256476e+03 
       1.547843034119e-03       4.960179729649e+03 
       1.565766211734e-03       5.011784015452e+03 
       1.583896929964e-03       5.063860769199e+03 
       1.602237592017e-03       5.116414358043e+03 
       1.620790628927e-03       5.169448767601e+03 
       1.639558499880e-03       5.222969553126e+03 
       1.658543692536e-03       5.276972214859e+03 
       1.677748723361e-03       5.331463204635e+03 
       1.697176137963e-03       5.386437295802e+03 
       1.716828511424e-03       5.441907627607e+03 
       1.736708448644e-03       5.497876579790e+03 
       1.756818584688e-03       5.554343476822e+03 
       1.777161585132e-03       5.611310214407e+03 
       1.797740146420e-03       5.668782254203e+03 
       1.818556996216e-03       5.726760316005e+03 
       1.839614893773e-03       5.785244020239e+03 
       1.860916630291e-03       5.844240952561e+03 
       1.882465029293e-03       5.903740875848e+03 
       1.904262946996e-03       5.963759443530e+03 
       1.926313272689e-03       6.024298861047e+03 
       1.948618929121e-03       6.085348003132e+03 
       1.971182872880e-03       6.146927865170e+03 
       1.994008094795e-03       6.209024878195e+03 
       2.017097620322e-03       6.271654431950e+03 
       2.040454509955e-03       6.334804231236e+03 
       2.064081859622e-03       6.398485480999e+03 
       2.087982801104e-03       6.462695714238e+03 
       2.112160502445e-03       6.527436499414e+03 
       2.136618168373e-03       6.592711348444e+03 
       2.161359040724e-03       6.658523482973e+03 
       2.186386398875e-03       6.724870575907e+03 
       2.211703560176e-03       6.791756608683e+03 
       2.237313880387e-03       6.859179235556e+03 
       2.263220754130e-03       6.927143064053e+03 
       2.289427615333e-03       6.995650266606e+03 
       2.315937937686e-03       7.064703406953e+03 
       2.342755235104e-03       7.134298902531e+03 
       2.369883062191e-03       7.204443113479e+03 
       2.397325014711e-03       7.275127342831e+03 
       2.425084730065e-03       7.346356903968e+03 
       2.453165887773e-03       7.418137224729e+03 
       2.481572209962e-03       7.490463523923e+03 
       2.510307461860e-03       7.563341296449e+03 
       2.539375452293e-03       7.636767621178e+03 
       2.568780034192e-03       7.710740837006e+03 
       2.598525105101e-03       7.785264558860e+03 
       2.628614607699e-03       7.860338447267e+03 
       2.659052530316e-03       7.935959045008e+03 
       2.689842907465e-03       8.012129002353e+03 
       2.720989820379e-03       8.088847936697e+03 
       2.752497397545e-03       8.166115081789e+03 
       2.784369815261e-03       8.243930328023e+03 
       2.816611298179e-03       8.322292637521e+03 
       2.849226119874e-03       8.401201189991e+03 
       2.882218603406e-03       8.480654792593e+03 
       2.915593121891e-03       8.560651429118e+03 
       2.949354099086e-03       8.641191928506e+03 
       2.983506009973e-03       8.722275908997e+03 
       3.018053381349e-03       8.803897897916e+03 
       3.053000792433e-03       8.886060665766e+03 
       3.088352875464e-03       8.968758439889e+03 
       3.124114316324e-03       9.051991459113e+03 
       3.160289855153e-03       9.135758070720e+03 
       3.196884286978e-03       9.220054415158e+03 
       3.233902462354e-03       9.304879109835e+03 
       3.271349287997e-03       9.390228767819e+03 
       3.309229727446e-03       9.476101588954e+03 
       3.347548801710e-03       9.562493861136e+03 
       3.386311589943e-03       9.649402683196e+03 
       3.425523230108e-03       9.736825177857e+03 
       3.465188919667e-03       9.824757248862e+03 
       3.505313916264e-03       9.913194787233e+03 
       3.545903538424e-03       1.000213575240e+04 
       3.586963166258e-03       1.009157438522e+04 
       3.628498242173e-03       1.018150724393e+04 
       3.670514271601e-03       1.027192913248e+04 
       3.713016823719e-03       1.036283577099e+04 
       3.756011532195e-03       1.045422208477e+04 
       3.799504095932e-03       1.054608297143e+04 
       3.843500279821e-03       1.063841375185e+04 
       3.888005915509e-03       1.073120974691e+04 
       3.933026902170e-03       1.082446158322e+04 
       3.978569207287e-03       1.091816668027e+04 
       4.024638867442e-03       1.101231731057e+04 
       4.071241989121e-03       1.110690760484e+04 
       4.118384749515e-03       1.120193044946e+04 
       4.166073397346e-03       1.129738010257e+04 
       4.214314253694e-03       1.139324797397e+04 
       4.263113712832e-03       1.148952657891e+04 
       4.312478243074e-03       1.158620978981e+04 
       4.362414387637e-03       1.168328829372e+04 
       4.412928765501e-03       1.178075408001e+04 
       4.464028072293e-03       1.187859773311e+04 
       4.515719081171e-03       1.197681547149e+04 
       4.568008643722e-03       1.207539252692e+04 
       4.620903690871e-03       1.217432167454e+04 
       4.674411233799e-03       1.227359257072e+04 
       4.728538364873e-03       1.237319814031e+04 
       4.783292258585e-03       1.247312594321e+04 
       4.838680172505e-03       1.257336460646e+04 
       4.894709448241e-03       1.267390455746e+04 
       4.951387512412e-03       1.277473550141e+04 
       5.008721877635e-03       1.287583892135e+04 
       5.066720143518e-03       1.297723416133e+04 
       5.125389997667e-03       1.307889714812e+04 
       5.184739216710e-03       1.318080501131e+04 
       5.244775667319e-03       1.328289857147e+04 
       5.305507307262e-03       1.338520585060e+04 
       5.366942186452e-03       1.348772374458e+04 
       5.429088448016e-03       1.359043229997e+04 
       5.491954329372e-03       1.369335991335e+04 
       5.555548163327e-03       1.379639805041e+04 
       5.619878379173e-03       1.389959453463e+04 
       5.684953503811e-03       1.400294385173e+04 
       5.750782162878e-03       1.410642499410e+04 
       5.817373081891e-03       1.421003449738e+04 
       5.884735087406e-03       1.431370342360e+04 
       5.952877108182e-03       1.441743536307e+04 
       6.021808176371e-03       1.452120205441e+04 
       6.091537428711e-03       1.462511026950e+04 
       6.162074107739e-03       1.472897270501e+04 
       6.233427563016e-03       1.483279797819e+04 
       6.305607252364e-03       1.493664401704e+04 
       6.378622743124e-03       1.504045504714e+04 
       6.452483713419e-03       1.514422029852e+04 
       6.527199953441e-03       1.524793324616e+04 
       6.602781366748e-03       1.535148673437e+04 
       6.679237971572e-03       1.545488666939e+04 
       6.756579902155e-03       1.555830734214e+04 
       6.834817410085e-03       1.566143658834e+04 
       6.913960865660e-03       1.576444099743e+04 
       6.994020759259e-03       1.586722957670e+04 
       7.075007702733e-03       1.596982705442e+04 
       7.156932430815e-03       1.607217702874e+04 
       7.239805802539e-03       1.617426581827e+04 
       7.323638802680e-03       1.627606535414e+04 
       7.408442543212e-03       1.637754125285e+04 
       7.494228264778e-03       1.647869687557e+04 
       7.581007338183e-03       1.657943245393e+04 
       7.668791265900e-03       1.667985589437e+04 
       7.757591683592e-03       1.677982357481e+04 
       7.847420361659e-03       1.687937586932e+04 
       7.938289206795e-03       1.697841137274e+04 
       8.030210263567e-03       1.707703917353e+04 
       8.123195716011e-03       1.717515599575e+04 
       8.217257889249e-03       1.727268824049e+04 
       8.312409251120e-03       1.736954650409e+04 
       8.408662413832e-03       1.746600146182e+04 
       8.506030135640e-03       1.756176479579e+04 
       8.604525322529e-03       1.765671691364e+04 
       8.704161029930e-03       1.775119204265e+04 
       8.804950464447e-03       1.784485237577e+04 
       8.906906985610e-03       1.793775320466e+04 
       9.010044107647e-03       1.802987958646e+04 
       9.114375501271e-03       1.812118842235e+04 
       9.219914995496e-03       1.821167110679e+04 
       9.326676579466e-03       1.830125057575e+04 
       9.434674404315e-03       1.838993294834e+04 
       9.543922785037e-03       1.847767855787e+04 
       9.654436202386e-03       1.856441958750e+04 
       9.766229304797e-03       1.865016936108e+04 
       9.879316910324e-03       1.873480070280e+04 
       9.993714008606e-03       1.881837010103e+04 
       1.010943576285e-02       1.890092815082e+04 
       1.022649751186e-02       1.898236153735e+04 
       1.034491477204e-02       1.906253071319e+04 
       1.046470323947e-02       1.914144743629e+04 
       1.058587879197e-02       1.921918883781e+04 
       1.070845749124e-02       1.929551753072e+04 
       1.083245558496e-02       1.937058089112e+04 
       1.095788950893e-02       1.944413179542e+04 
       1.108477588928e-02       1.951648844677e+04 
       1.121313154467e-02       1.958728939268e+04 
       1.134297348850e-02       1.965659155445e+04 
       1.147431893118e-02       1.972439107087e+04 
       1.160718528241e-02       1.979060737866e+04 
       1.174159015348e-02       1.985523213371e+04 
       1.187755135960e-02       1.991815801301e+04 
       1.201508692228e-02       1.997944894082e+04 
       1.215421507173e-02       2.003893910189e+04 
       1.229495424922e-02       2.009678694039e+04 
       1.243732310957e-02       2.015282198502e+04 
       1.258134052364e-02       2.020686515884e+04 
       1.272702558076e-02       2.025910436761e+04 
       1.287439759134e-02       2.030946602538e+04 
       1.302347608937e-02       2.035773933339e+04 
       1.317428083505e-02       2.040399668216e+04 
       1.332683181739e-02       2.044835611189e+04 
       1.348114925685e-02       2.049053140102e+04 
       1.363725360804e-02       2.053058137507e+04 
       1.379516556242e-02       2.056834262520e+04 
       1.395490605106e-02       2.060404674989e+04 
       1.411649624739e-02       2.063746333138e+04 
       1.427995757000e-02       2.066854516439e+04 
       1.444531168552e-02       2.069731114514e+04 
       1.461258051146e-02       2.072368207470e+04 
       1.478178621913e-02       2.074760581105e+04 
       1.495295123657e-02       2.076902820164e+04 
       1.512609825150e-02       2.078814572056e+04 
       1.530125021440e-02       2.080456873417e+04 
       1.547843034147e-02       2.081852096551e+04 
       1.565766211777e-02       2.082980531455e+04 
       1.583896930029e-02       2.083848391871e+04 
       1.602237592114e-02       2.084431710980e+04 
       1.620790629072e-02       2.084761933857e+04 
       1.639558500094e-02       2.084820291159e+04 
       1.658543692852e-02       2.084590879650e+04 
       1.677748723827e-02       2.084087954620e+04 
       1.697176138643e-02       2.083288928666e+04 
       1.716828512412e-02       2.082207998869e+04 
       1.736708450073e-02       2.080841743213e+04 
       1.756818586746e-02       2.079176082649e+04 
       1.777161588081e-02       2.077227252185e+04 
       1.797740150625e-02       2.074962581648e+04 
       1.818557002185e-02       2.072405780555e+04 
       1.839614902205e-02       2.069552094591e+04 
       1.860916642148e-02       2.066385385179e+04 
       1.882465045888e-02       2.062900999941e+04 
       1.904262970118e-02       2.059138953106e+04 
       1.926313304760e-02       2.055040483569e+04 
       1.948618973406e-02       2.050649342878e+04 
       1.971182933763e-02       2.045939721834e+04 
       1.994008178131e-02       2.040915278731e+04 
       2.017097733900e-02       2.035577070416e+04 
       2.040454664087e-02       2.029918057834e+04 
       2.064082067906e-02       2.023960783645e+04 
       2.087983081389e-02       2.017674106652e+04 
       2.112160878060e-02       2.011086676417e+04 
       2.136618669681e-02       2.004171587588e+04 
       2.161359707080e-02       1.996958350446e+04 
       2.186387281070e-02       1.989437083294e+04 
       2.211704723493e-02       1.981586096643e+04 
       2.237315408398e-02       1.973452171197e+04 
       2.263222753385e-02       1.965010828687e+04 
       2.289430221137e-02       1.956267649735e+04 
       2.315941321181e-02       1.947205319215e+04 
       2.342759611917e-02       1.937834826084e+04 
       2.369888702948e-02       1.928212600685e+04 
       2.397332257766e-02       1.918274932488e+04 
       2.425093996857e-02       1.908072195240e+04 
       2.453177701265e-02       1.897565424915e+04 
       2.481587216700e-02       1.886806584971e+04 
       2.510326458264e-02       1.875752880487e+04 
       2.539399415852e-02       1.864455882793e+04 
       2.568810160357e-02       1.852879387835e+04 
       2.598562850731e-02       1.841080653112e+04 
       2.628661742036e-02       1.829008795297e+04 
       2.659111194579e-02       1.816690839549e+04 
       2.689915684249e-02       1.804150770757e+04 
       2.721079814184e-02       1.791404024133e+04 
       2.752608327889e-02       1.778427038622e+04 
       2.784506123946e-02       1.765233326592e+04 
       2.816778272450e-02       1.751843388482e+04 
       2.849430033316e-02       1.738258497353e+04 
       2.882466876610e-02       1.724508007847e+04 
       2.915894505037e-02       1.710593492440e+04 
       2.949718878765e-02       1.696494977035e+04 
       2.983946242714e-02       1.682256816400e+04 
       3.018583156479e-02       1.667874073756e+04 
       3.053636527046e-02       1.653359877245e+04 
       3.089113644448e-02       1.638722024550e+04 
       3.125022220533e-02       1.623982942931e+04 
       3.161370430993e-02       1.609135285645e+04 
       3.198166960830e-02       1.594207809949e+04 
       3.235421053417e-02       1.579194042173e+04 
       3.273142563328e-02       1.564119969351e+04 
       3.311342013123e-02       1.548994278576e+04 
       3.350030654268e-02       1.533826056936e+04 
       3.389220532409e-02       1.518627958759e+04 
       3.428924557197e-02       1.503396036813e+04 
       3.469156576928e-02       1.488171574675e+04 
       3.509931458242e-02       1.472934764071e+04 
       3.551265171195e-02       1.457722130558e+04 
       3.593174880014e-02       1.442519780458e+04 
       3.635679039922e-02       1.427360812475e+04 
       3.678797500444e-02       1.412246862070e+04 
       3.722551615668e-02       1.397188442904e+04 
       3.766964361989e-02       1.382184422334e+04 
       3.812060463942e-02       1.367254417368e+04 
       3.857866528806e-02       1.352410503517e+04 
       3.904411190718e-02       1.337656651113e+04 
       3.951725265177e-02       1.323008086040e+04 
       3.999841914864e-02       1.308463863903e+04 
       4.048796827854e-02       1.294035932698e+04 
       4.098628409390e-02       1.279749396356e+04 
       4.149377988523e-02       1.265582191908e+04 
       4.201090041055e-02       1.251550473845e+04 
       4.253812430357e-02       1.237677465964e+04 
       4.307596667805e-02       1.223943652382e+04 
       4.362498194693e-02       1.210379060997e+04 
       4.418576687685e-02       1.196971294275e+04 
       4.475896390007e-02       1.183733241061e+04 
       4.534526470729e-02       1.170665835221e+04 
       4.594541414680e-02       1.157765339384e+04 
       4.656021445637e-02       1.145035327276e+04 
       4.719052985586e-02       1.132478294170e+04 
       4.783729152909e-02       1.120096968851e+04 
       4.850150302431e-02       1.107888266401e+04 
       4.918424610197e-02       1.095832853177e+04 
       4.988668705755e-02       1.083929948490e+04 
       5.061008354477e-02       1.072183226028e+04 
       5.135579192047e-02       1.060562091152e+04 
       5.212527512628e-02       1.049033332439e+04 
       5.292011111347e-02       1.037614568285e+04 
       5.374200180503e-02       1.026252236999e+04 
       5.459278257231e-02       1.014934466926e+04 
       5.547443218206e-02       1.003601167476e+04 
       5.638908314091e-02       9.922049021760e+03 
       5.733903232858e-02       9.806892742805e+03 
       5.832675176611e-02       9.689852701203e+03 
       5.935489931001e-02       9.570206894517e+03 
       6.042632899690e-02       9.446967966471e+03 
       6.154410068485e-02       9.319183794003e+03 
       6.271148854808e-02       9.185710418211e+03 
       6.393198788232e-02       9.045204862667e+03 
       6.520931957214e-02       8.896220070620e+03 
       6.654743146687e-02       8.737353988078e+03 
       6.795049581570e-02       8.567224944644e+03 
       6.942290184199e-02       8.384233824424e+03 
       7.096924250831e-02       8.187110744659e+03 
       7.259429456195e-02       7.974829429205e+03 
       7.430299108124e-02       7.746680749667e+03 
       7.610038599340e-02       7.502611022232e+03 
       7.799161042695e-02       7.243197465159e+03 
       7.998182130697e-02       6.970039379779e+03 
       8.207614329223e-02       6.685592999935e+03 
       8.427960595226e-02       6.393523307852e+03 
       8.659707892041e-02       6.098544902777e+03 
       8.903320853218e-02       5.806084269034e+03 
       9.159236003711e-02       5.522032179074e+03 
       9.427856972390e-02       5.252498665061e+03 
       9.709551111046e-02       5.002824721791e+03 
       1.000464786677e-01       4.777094386879e+03 
       1.031343913935e-01       4.577436849892e+03 
       1.063618170454e-01       4.403582193355e+03 
       1.097310161750e-01       4.252368521157e+03 
       1.132440035085e-01       4.117892491423e+03 
       1.169026229194e-01       3.991923475762e+03 
       1.207086314019e-01       3.864825002928e+03 
       1.246637871497e-01       3.727378631125e+03 
       1.287699370543e-01       3.572528306270e+03 
       1.330290995530e-01       3.397385873374e+03 
       1.374435396203e-01       3.204429756736e+03 
       1.420158336497e-01       3.001224439279e+03 
       1.467489228714e-01       2.798831168020e+03 
       1.516461546900e-01       2.609302818435e+03 
       1.567113118551e-01       2.442306103019e+03 
       1.619486296748e-01       2.303010755302e+03 
       1.673628015691e-01       2.190567272957e+03 
       1.729589731666e-01       2.098312669040e+03 
       1.787427249149e-01       2.015653823759e+03 
       1.847200428489e-01       1.931276275273e+03 
       1.908972767801e-01       1.836709027936e+03 
       1.972810847707e-01       1.729134093070e+03 
       2.038783623826e-01       1.613513723504e+03 
       2.106961548740e-01       1.500066729939e+03 
       2.177415503105e-01       1.398427708206e+03 
       2.250215515086e-01       1.313146004307e+03 
       2.325429249122e-01       1.243069873814e+03 
       2.403120249797e-01       1.182399880191e+03 
       2.483345935292e-01       1.122911279452e+03 
       2.566155348143e-01       1.058780196139e+03 
       2.651586689542e-01       9.903733524136e+02 
       2.739664687350e-01       9.226684622919e+02 
       2.830397876782e-01       8.614827818142e+02 
       2.923775904838e-01       8.096303876706e+02 
       3.019767002034e-01       7.646771735968e+02 
       3.118315793559e-01       7.219231934310e+02 
       3.219341640984e-01       6.786492225825e+02 
       3.322737709036e-01       6.351913100591e+02 
       3.428370933981e-01       5.944337381411e+02 
       3.536083027546e-01       5.582770709738e+02 
       3.645692583082e-01       5.262004561885e+02 
       3.756998264013e-01       4.963726280722e+02 
       3.869782958379e-01       4.673885058002e+02 
       3.983818691011e-01       4.397291232056e+02 
       4.098872011045e-01       4.141699087277e+02 
       4.214709529277e-01       3.910691968824e+02 
       4.331103274097e-01       3.699267680743e+02 
       4.447835566297e-01       3.502280678872e+02 
       4.564703175173e-01       3.316884410752e+02 
       4.681520599338e-01       3.143414812904e+02 
       4.798122402226e-01       2.983588347054e+02 
       4.914364612282e-01       2.836868979583e+02 
       5.030125262386e-01       2.701435370977e+02 
       5.145304187762e-01       2.574503727818e+02 
       5.259822225872e-01       2.455861556245e+02 
       5.373619968109e-01       2.345250052854e+02 
       5.486656205692e-01       2.242749026215e+02 
       5.598906195608e-01       2.147237800262e+02 
       5.710359851184e-01       2.057948744523e+02 
       5.821019939166e-01       1.974216538808e+02 
       5.930900343590e-01       1.895519478845e+02 
       6.040024437653e-01       1.821745069118e+02 
       6.148423588878e-01       1.752346841411e+02 
       6.256135810331e-01       1.687200700926e+02 
       6.363204561233e-01       1.625668247934e+02 
       6.469677693560e-01       1.567532377079e+02 
       6.575606536760e-01       1.512522176901e+02 
       6.681045109952e-01       1.460359845424e+02 
       6.786049449576e-01       1.410985402176e+02 
       6.890677039971e-01       1.364020006564e+02 
       6.994986334571e-01       1.319408650581e+02 
       7.099036356008e-01       1.276887208128e+02 
       7.202886364314e-01       1.236302394710e+02 
       7.306595583385e-01       1.197601720505e+02 
       7.410222976968e-01       1.160547378781e+02 
       7.513827066415e-01       1.125143948482e+02 
       7.617465783494e-01       1.091191090857e+02 
       7.721196352402e-01       1.058620055460e+02 
       7.825075196008e-01       1.027374663896e+02 
       7.929157862053e-01       9.972994328415e+01 
       8.033498965724e-01       9.684146826850e+01 
       8.138152145588e-01       9.405704541587e+01 
       8.243170030362e-01       9.137540317115e+01 
       8.348604214461e-01       8.879017071730e+01 
       8.454505240612e-01       8.629226963847e+01 
       8.560922588168e-01       8.388338315544e+01 
       8.667904666018e-01       8.155172598670e+01 
       8.775498809232e-01       7.929962886412e+01 
       8.883751278773e-01       7.711930439212e+01 
       8.992707263774e-01       7.500806595023e+01 
       9.102410886020e-01       7.296453136322e+01 
       9.212905206385e-01       7.098156608361e+01 
       9.324232233066e-01       6.906174933863e+01 
       9.436432931535e-01       6.719678512494e+01 
       9.549547236163e-01       6.538922545563e+01 
       9.663614063555e-01       6.363311796753e+01 
       9.778671327603e-01       6.192827761354e+01 
       9.894755956343e-01       6.027139468824e+01 
       1.001190391065e+00       5.866139668796e+01 
       1.013015020485e+00       5.709725084483e+01 
       1.024952892926e+00       5.557530417940e+01 
       1.037007327476e+00       5.409657209362e+01 
       1.049181555930e+00       5.265665172237e+01 
       1.061478725644e+00       5.125719695357e+01 
       1.073901902576e+00       4.989388458051e+01 
       1.086454074520e+00       4.856909544612e+01 
       1.099138154508e+00       4.727749719516e+01 
       1.111956984385e+00       4.602198305958e+01 
       1.124913338523e+00       4.479819910841e+01 
       1.138009927667e+00       4.360816659378e+01 
       1.151249402891e+00       4.244832958971e+01 
       1.164634359644e+00       4.131993987082e+01 
       1.178167341859e+00       4.022016660295e+01 
       1.191850846100e+00       3.914987886058e+01 
       1.205687325732e+00       3.810709960123e+01 
       1.219679195081e+00       3.709159114176e+01 
       1.233828833562e+00       3.610291876294e+01 
       1.248138589756e+00       3.513926690927e+01 
       1.262610785415e+00       3.420143049816e+01 
       1.277247719362e+00       3.328701476788e+01 
       1.292051671296e+00       3.239716541982e+01 
       1.307024905452e+00       3.152990277166e+01 
       1.322169674130e+00       3.068527072980e+01 
       1.337488221070e+00       2.986289915410e+01 
       1.352982784665e+00       2.906137733087e+01 
       1.368655601004e+00       2.828117910601e+01 
       1.384508906745e+00       2.752109880755e+01 
       1.400544941820e+00       2.678072929122e+01 
       1.416765951955e+00       2.606016281798e+01 
       1.433174191029e+00       2.535796085309e+01 
       1.449771923261e+00       2.467425708632e+01 
       1.466561425234e+00       2.400871354629e+01 
       1.483544987764e+00       2.336014857700e+01 
       1.500724917619e+00       2.272870746241e+01 
       1.518103539099e+00       2.211392637058e+01 
       1.535683195484e+00       2.151501183997e+01 
       1.553466250358e+00       2.093183961375e+01 
       1.571455088820e+00       2.036426954224e+01 
       1.589652118593e+00       1.981146378934e+01 
       1.608059771036e+00       1.927314534691e+01 
       1.626680502071e+00       1.874911838376e+01 
       1.645516793035e+00       1.823907520326e+01 
       1.664571151464e+00       1.774228608622e+01 
       1.683846111813e+00       1.725865624420e+01 
       1.703344236128e+00       1.678796027804e+01 
       1.723068114665e+00       1.632979069178e+01 
       1.743020366478e+00       1.588367452318e+01 
       1.763203639969e+00       1.544929042465e+01 
       1.783620613403e+00       1.502650179459e+01 
       1.804273995409e+00       1.461506831798e+01 
       1.825166525456e+00       1.421458547390e+01 
       1.846300974310e+00       1.382471271769e+01 
       1.867680144484e+00       1.344526580886e+01 
       1.889306870673e+00       1.307585308444e+01 
       1.911184020182e+00       1.271640144176e+01 
       1.933314493350e+00       1.236660263208e+01 
       1.955701223966e+00       1.202619147549e+01 
       1.978347179689e+00       1.169488553778e+01 
       2.001255362462e+00       1.137256853837e+01 
       2.024428808925e+00       1.105870872881e+01 
       2.047870590833e+00       1.075338162451e+01 
       2.071583815475e+00       1.045616523605e+01 
       2.095571626092e+00       1.016700940331e+01 
       2.119837202300e+00       9.885659542436e+00 
       2.144383760519e+00       9.611918794920e+00 
       2.169214554400e+00       9.345568956236e+00 
       2.194332875260e+00       9.086415789604e+00 
       2.219742052525e+00       8.834240346970e+00 
       2.245445454163e+00       8.588929914479e+00 
       2.271446487143e+00       8.350251632618e+00 
       2.297748597880e+00       8.118062256837e+00 
       2.324355272694e+00       7.892152446357e+00 
       2.351270038274e+00       7.672401758422e+00 
       2.378496462146e+00       7.458605934400e+00 
       2.406038153145e+00       7.250634345365e+00 
       2.433898761892e+00       7.048375131873e+00 
       2.462081981282e+00       6.851534133641e+00 
       2.490591546970e+00       6.660061494010e+00 
       2.519431237870e+00       6.473857886429e+00 
       2.548604876651e+00       6.292784974002e+00 
       2.578116330247e+00       6.116621379691e+00 
       2.607969510370e+00       5.945280465667e+00 
       2.638168374027e+00       5.778625081852e+00 
       2.668716924044e+00       5.616498617286e+00 
       2.699619209599e+00       5.458924469861e+00 
       2.730879326756e+00       5.305626490433e+00 
       2.762501419009e+00       5.156529736921e+00 
       2.794489677834e+00       5.011497822988e+00 
       2.826848343238e+00       4.870487356107e+00 
       2.859581704328e+00       4.733366679814e+00 
       2.892694099876e+00       4.600010793952e+00 
       2.926189918893e+00       4.470330163420e+00 
       2.960073601215e+00       4.344257774795e+00 
       2.994349638086e+00       4.221639610746e+00 
       3.029022572758e+00       4.102403478232e+00 
       3.064097001092e+00       3.986491390008e+00 
       3.099577572164e+00       3.873741944033e+00 
       3.135468988886e+00       3.764179022156e+00 
       3.171776008626e+00       3.657631422510e+00 
       3.208503443840e+00       3.553983358363e+00 
       3.245656162711e+00       3.453266425887e+00 
       3.283239089791e+00       3.355326833309e+00 
       3.321257206655e+00       3.260133482736e+00 
       3.359715552565e+00       3.167590100636e+00 
       3.398619225132e+00       3.077618707818e+00 
       3.437973380996e+00       2.990123294565e+00 
       3.477783236508e+00       2.905086079658e+00 
       3.518054068421e+00       2.822424745929e+00 
       3.558791214590e+00       2.742053999429e+00 
       3.600000074680e+00       2.663944659141e+00 
       3.641686110881e+00       2.588005790028e+00 
       3.683854848631e+00       2.514207638593e+00 
       3.726511877350e+00       2.442474663451e+00 
       3.769662851183e+00       2.372734334864e+00 
       3.813313489744e+00       2.304961335987e+00 
       3.857469578877e+00       2.239090748095e+00 
       3.902136971424e+00       2.175063559350e+00 
       3.947321588001e+00       2.112840505032e+00 
       3.993029417778e+00       2.052353679730e+00 
       4.039266519280e+00       1.993576484482e+00 
       4.086039021183e+00       1.936429743589e+00 
       4.133353123133e+00       1.880930527627e+00 
       4.181215096563e+00       1.826975155969e+00 
       4.229631285524e+00       1.774535170149e+00 
       4.278608107531e+00       1.723576580739e+00 
       4.328152054408e+00       1.674052964151e+00 
       4.378269693152e+00       1.625931902268e+00 
       4.428967666801e+00       1.579165101751e+00 
       4.480252695318e+00       1.533722113564e+00 
       4.532131576476e+00       1.489571378745e+00 
       4.584611186766e+00       1.446672681823e+00 
       4.637698482302e+00       1.404982528785e+00 
       4.691400499749e+00       1.364473240100e+00 
       4.745724357251e+00       1.325112970001e+00 
       4.800677255376e+00       1.286866770440e+00 
       4.856266478071e+00       1.249708580831e+00 
       4.912499393628e+00       1.213607900026e+00 
       4.969383455658e+00       1.178527849607e+00 
       5.026926204083e+00       1.144445182849e+00 
       5.085135266131e+00       1.111332083153e+00 
       5.144018357350e+00       1.079163430685e+00 
       5.203583282631e+00       1.047920735179e+00 
       5.263837937240e+00       1.017556399624e+00 
       5.324790307866e+00       9.880632673572e-01 
       5.386448473679e+00       9.594045216533e-01 
       5.448820607404e+00       9.315777623693e-01 
       5.511914976397e+00       9.045357316508e-01 
       5.575739943751e+00       8.782704269168e-01 
       5.640303969395e+00       8.527544797680e-01 
       5.705615611220e+00       8.279677166447e-01 
       5.771683526215e+00       8.038917558713e-01 
       5.838516471610e+00       7.805013609478e-01 
       5.906123306038e+00       7.577859465015e-01 
       5.974512990714e+00       7.357236521738e-01 
       6.043694590615e+00       7.142910069900e-01 
       6.113677275688e+00       6.934738245304e-01 
       6.184470322061e+00       6.732581859575e-01 
       6.256083113277e+00       6.536183824476e-01 
       6.328525141534e+00       6.345458966766e-01 
       6.401806008943e+00       6.160182439179e-01 
       6.475935428804e+00       5.980229075156e-01 
       6.550923226892e+00       5.805515776137e-01 
       6.626779342758e+00       5.635809975201e-01 
       6.703513831048e+00       5.470991668283e-01 
       6.781136862835e+00       5.310885975485e-01 
       6.859658726968e+00       5.155470448792e-01 
       6.939089831436e+00       5.004507885855e-01 
       7.019440704744e+00       4.857909987772e-01 
       7.100721997315e+00       4.715544281813e-01 
       7.182944482895e+00       4.577267457355e-01 
       7.266119059986e+00       4.443019637322e-01 
       7.350256753288e+00       4.312648903902e-01 
       7.435368715161e+00       4.186033319423e-01 
       7.521466227104e+00       4.063128769124e-01 
       7.608560701248e+00       3.943747672165e-01 
       7.696663681872e+00       3.827860401988e-01 
       7.785786846930e+00       3.715312476559e-01 
       7.875942009601e+00       3.606035005646e-01 
       7.967141119855e+00       3.499948967690e-01 
       8.059396266035e+00       3.396906384446e-01 
       8.152719676459e+00       3.296865347845e-01 
       8.247123721047e+00       3.199738809930e-01 
       8.342620912950e+00       3.105451195851e-01 
       8.439223910220e+00       3.013888202601e-01 
       8.536945517477e+00       2.924975763029e-01 
       8.635798687616e+00       2.838674327072e-01 
       8.735796523517e+00       2.754901263001e-01 
       8.836952279785e+00       2.673552881973e-01 
       8.939279364505e+00       2.594575276847e-01 
       9.042791341023e+00       2.517921309779e-01 
       9.147501929738e+00       2.443491753895e-01 
       9.253425009926e+00       2.371224671811e-01 
       9.360574621576e+00       2.301095414206e-01 
       9.468964967253e+00       2.232980822123e-01 
       9.578610413980e+00       2.166858554547e-01 
       9.689525495142e+00       2.102684951827e-01 
       9.801724912413e+00       2.040396088712e-01 
       9.915223537704e+00       1.979932041937e-01 
       1.003003641514e+01       1.921215906215e-01 
       1.014617876303e+01       1.864233482713e-01 
       1.026366597593e+01       1.808919986534e-01 
       1.038251362664e+01       1.755234503236e-01 
       1.050273746828e+01       1.703106610436e-01 
       1.062435343640e+01       1.652518318973e-01 
       1.074737765105e+01       1.603421431567e-01 
       1.087182641898e+01       1.555771866760e-01 
       1.099771623572e+01       1.509508412200e-01 
       1.112506378783e+01       1.464606855579e-01 
       1.125388595510e+01       1.421024134351e-01 
       1.138419981277e+01       1.378734564150e-01 
       1.151602263378e+01       1.337678351847e-01 
       1.164937189113e+01       1.297835604220e-01 
       1.178426526010e+01       1.259161179059e-01 
       1.192072062066e+01       1.221634748247e-01 
       1.205875605984e+01       1.185213135741e-01 
       1.219838987406e+01       1.149855802551e-01 
       1.233964057165e+01       1.115550996418e-01 
       1.248252687524e+01       1.082237679402e-01 
       1.262706772424e+01       1.049948259193e-01 
       1.277328227738e+01       1.018587870707e-01 
       1.292118991526e+01       9.881540771426e-02 
       1.307081024287e+01       9.586268528991e-02 
       1.322216309222e+01       9.299609547627e-02 
       1.337526852496e+01       9.021539144667e-02 
       1.353014683506e+01       8.751611641288e-02 
       1.368681855147e+01       8.489772056090e-02 
       1.384530444085e+01       8.235631338641e-02 
       1.400562551033e+01       7.988994891687e-02 
       1.416780301031e+01       7.749742196368e-02 
       1.433185843723e+01       7.517532480114e-02 
       1.449781353647e+01       7.292187995719e-02 
       1.466569030518e+01       7.073536500480e-02 
       1.483551099526e+01       6.861392325505e-02 
       1.500729811625e+01       6.655492510454e-02 
       1.518107443835e+01       6.455793787629e-02 
       1.535686299543e+01       6.261955659928e-02 
       1.553468708806e+01       6.073919863253e-02 
       1.571457028664e+01       5.891457151474e-02 
       1.589653643449e+01       5.714417779581e-02 
       1.608060965102e+01       5.542671175719e-02 
       1.626681433494e+01       5.376011841060e-02 
       1.645517516749e+01       5.214297393288e-02 
       1.664571711568e+01       5.057410741384e-02 
       1.683846543565e+01       4.905242365237e-02 
       1.703344567596e+01       4.757534094513e-02 
       1.723068368106e+01       4.614268873249e-02 
       1.743020559461e+01       4.475272403503e-02 
       1.763203786303e+01       4.340429695397e-02 
       1.783620723898e+01       4.209623495409e-02 
       1.804274078487e+01       4.082690122156e-02 
       1.825166587651e+01       3.959587984847e-02 
       1.846301020670e+01       3.840114677001e-02 
       1.867680178888e+01       3.724234113916e-02 
       1.889306896092e+01       3.611794086234e-02 
       1.911184038878e+01       3.502757095599e-02 
       1.933314507039e+01       3.396962761655e-02 
       1.955701233943e+01       3.294325917381e-02 
       1.978347186927e+01       3.194769410175e-02 
       2.001255367689e+01       3.098188028040e-02 
       2.024428812681e+01       3.004496839064e-02 
       2.047870593520e+01       2.913627144949e-02 
       2.071583817388e+01       2.825478732980e-02 
       2.095571627447e+01       2.739938397595e-02 
       2.119837203255e+01       2.657009231963e-02 
       2.144383761189e+01       2.576543265719e-02 
       2.169214554867e+01       2.498503264120e-02 
       2.194332875585e+01       2.422779471558e-02 
       2.219742052749e+01       2.349350707304e-02 
       2.245445454317e+01       2.278124740936e-02 
       2.271446487249e+01       2.209058082892e-02 
       2.297748597952e+01       2.142035234353e-02 
       2.324355272742e+01       2.077035173852e-02 
       2.351270038307e+01       2.013988391432e-02 
       2.378496462168e+01       1.952855269404e-02 
       2.406038153159e+01       1.893532894048e-02 
       2.433898761901e+01       1.836015794458e-02 
       2.462081981288e+01       1.780222355810e-02 
       2.490591546974e+01       1.726136511698e-02 
       2.519431237873e+01       1.673668804630e-02 
       2.548604876653e+01       1.622763508679e-02 
       2.578116330248e+01       1.573402917281e-02 
       2.607969510371e+01       1.525515564995e-02 
       2.638168374028e+01       1.479091531912e-02 
       2.668716924045e+01       1.434061134968e-02 
       2.699619209599e+01       1.390396665522e-02 
       2.730879326756e+01       1.348031000751e-02 
       2.762501419009e+01       1.306953382522e-02 
       2.794489677834e+01       1.267127433810e-02 
       2.826848343238e+01       1.228502522278e-02 
       2.859581704328e+01       1.191045241750e-02 
       2.892694099876e+01       1.154705264566e-02 
       2.926189918893e+01       1.119482903190e-02 
       2.960073601215e+01       1.085314520888e-02 
       2.994349638086e+01       1.052182767371e-02 
       3.029022572758e+01       1.020057169987e-02 
