# Matter power spectrum P(k) at redshift z=0.5
# for k=1.03253e-05 to 30.2327 h/Mpc,
# number of wavenumbers equal to 1162
#    1:k (h/Mpc)              2:P (Mpc/h)^3        
       1.032525417908e-05       2.923730170375e+01 
       1.044481498757e-05       2.956461770952e+01 
       1.056576024497e-05       2.989559666559e+01 
       1.068810598244e-05       3.023028282871e+01 
       1.081186841679e-05       3.056871763170e+01 
       1.093706395259e-05       3.091093497405e+01 
       1.106370918437e-05       3.125698883615e+01 
       1.119182089881e-05       3.160691904603e+01 
       1.132141607699e-05       3.196075565115e+01 
       1.145251189661e-05       3.231856605910e+01 
       1.158512573428e-05       3.268037141566e+01 
       1.171927516782e-05       3.304623545269e+01 
       1.185497797858e-05       3.341619290766e+01 
       1.199225215384e-05       3.379028700568e+01 
       1.213111588913e-05       3.416857255223e+01 
       1.227158759069e-05       3.455109382381e+01 
       1.241368587789e-05       3.493790327831e+01 
       1.255742958571e-05       3.532903083567e+01 
       1.270283776722e-05       3.572454097046e+01 
       1.284992969611e-05       3.612448513496e+01 
       1.299872486927e-05       3.652890063963e+01 
       1.314924300933e-05       3.693784573745e+01 
       1.330150406731e-05       3.735137352587e+01 
       1.345552822525e-05       3.776952356175e+01 
       1.361133589888e-05       3.819235257227e+01 
       1.376894774033e-05       3.861992100249e+01 
       1.392838464090e-05       3.905227580067e+01 
       1.408966773376e-05       3.948946762736e+01 
       1.425281839682e-05       3.993155222360e+01 
       1.441785825552e-05       4.037858921486e+01 
       1.458480918572e-05       4.083063587718e+01 
       1.475369331657e-05       4.128773986886e+01 
       1.492453303350e-05       4.174995807291e+01 
       1.509735098111e-05       4.221734505284e+01 
       1.527217006624e-05       4.268997060035e+01 
       1.544901346097e-05       4.316789436910e+01 
       1.562790460570e-05       4.365115409604e+01 
       1.580886721226e-05       4.413983911792e+01 
       1.599192526705e-05       4.463398261975e+01 
       1.617710303421e-05       4.513366098913e+01 
       1.636442505885e-05       4.563893261635e+01 
       1.655391617031e-05       4.614986710482e+01 
       1.674560148542e-05       4.666651327468e+01 
       1.693950641188e-05       4.718894614994e+01 
       1.713565665156e-05       4.771722648383e+01 
       1.733407820397e-05       4.825142235540e+01 
       1.753479736967e-05       4.879159856526e+01 
       1.773784075377e-05       4.933782441371e+01 
       1.794323526945e-05       4.989015844759e+01 
       1.815100814152e-05       5.044868161946e+01 
       1.836118691007e-05       5.101345749204e+01 
       1.857379943405e-05       5.158454666860e+01 
       1.878887389503e-05       5.216203612400e+01 
       1.900643880089e-05       5.274598933353e+01 
       1.922652298963e-05       5.333647954433e+01 
       1.944915563317e-05       5.393358499873e+01 
       1.967436624122e-05       5.453736531194e+01 
       1.990218466520e-05       5.514791231394e+01 
       2.013264110220e-05       5.576529159341e+01 
       2.036576609898e-05       5.638957901310e+01 
       2.060159055599e-05       5.702086275442e+01 
       2.084014573151e-05       5.765920598128e+01 
       2.108146324578e-05       5.830469580001e+01 
       2.132557508517e-05       5.895741277380e+01 
       2.157251360643e-05       5.961743604456e+01 
       2.182231154101e-05       6.028485025059e+01 
       2.207500199934e-05       6.095973252944e+01 
       2.233061847528e-05       6.164217203595e+01 
       2.258919485051e-05       6.233224988968e+01 
       2.285076539905e-05       6.303005217141e+01 
       2.311536479179e-05       6.373566710147e+01 
       2.338302810110e-05       6.444917897752e+01 
       2.365379080545e-05       6.517067818475e+01 
       2.392768879416e-05       6.590025744897e+01 
       2.420475837209e-05       6.663800058623e+01 
       2.448503626454e-05       6.738400172916e+01 
       2.476855962201e-05       6.813835545657e+01 
       2.505536602524e-05       6.890115159838e+01 
       2.534549349009e-05       6.967248950356e+01 
       2.563898047266e-05       7.045245854908e+01 
       2.593586587431e-05       7.124116027755e+01 
       2.623618904689e-05       7.203869004379e+01 
       2.653998979792e-05       7.284514802835e+01 
       2.684730839584e-05       7.366063173861e+01 
       2.715818557541e-05       7.448524612484e+01 
       2.747266254306e-05       7.531909194541e+01 
       2.779078098238e-05       7.616226760610e+01 
       2.811258305961e-05       7.701488409706e+01 
       2.843811142928e-05       7.787704416045e+01 
       2.876740923981e-05       7.874885520681e+01 
       2.910052013928e-05       7.963042533009e+01 
       2.943748828117e-05       8.052186313290e+01 
       2.977835833025e-05       8.142327925344e+01 
       3.012317546847e-05       8.233478552941e+01 
       3.047198540097e-05       8.325649478549e+01 
       3.082483436213e-05       8.418852118547e+01 
       3.118176912169e-05       8.513098018668e+01 
       3.154283699098e-05       8.608398851992e+01 
       3.190808582914e-05       8.704766392967e+01 
       3.227756404952e-05       8.802212525040e+01 
       3.265132062605e-05       8.900749820722e+01 
       3.302940509977e-05       9.000389877331e+01 
       3.341186758535e-05       9.101144975704e+01 
       3.379875877780e-05       9.203027704272e+01 
       3.419012995911e-05       9.306051028870e+01 
       3.458603300511e-05       9.410227660623e+01 
       3.498652039232e-05       9.515569828009e+01 
       3.539164520492e-05       9.622091976896e+01 
       3.580146114175e-05       9.729805870295e+01 
       3.621602252348e-05       9.838725097201e+01 
       3.663538429976e-05       9.948864027468e+01 
       3.705960205656e-05       1.006023574594e+02 
       3.748873202346e-05       1.017285374387e+02 
       3.792283108119e-05       1.028673228597e+02 
       3.836195676910e-05       1.040188524666e+02 
       3.880616729283e-05       1.051832727228e+02 
       3.925552153200e-05       1.063607218527e+02 
       3.971007904802e-05       1.075513515875e+02 
       4.016990009202e-05       1.087553081218e+02 
       4.063504561276e-05       1.099727406538e+02 
       4.110557726478e-05       1.112037977125e+02 
       4.158155741654e-05       1.124486328808e+02 
       4.206304915870e-05       1.137074000405e+02 
       4.255011631247e-05       1.149802547174e+02 
       4.304282343806e-05       1.162673588819e+02 
       4.354123584328e-05       1.175688648000e+02 
       4.404541959215e-05       1.188849355293e+02 
       4.455544151367e-05       1.202157374022e+02 
       4.507136921071e-05       1.215614309545e+02 
       4.559327106892e-05       1.229221889608e+02 
       4.612121626582e-05       1.242981701780e+02 
       4.665527477998e-05       1.256895562354e+02 
       4.719551740028e-05       1.270965082469e+02 
       4.774201573529e-05       1.285192080532e+02 
       4.829484222277e-05       1.299578297755e+02 
       4.885407013928e-05       1.314125505090e+02 
       4.941977360986e-05       1.328835456450e+02 
       4.999202761791e-05       1.343710120571e+02 
       5.057090801507e-05       1.358751193238e+02 
       5.115649153132e-05       1.373960569594e+02 
       5.174885578510e-05       1.389340169372e+02 
       5.234807929367e-05       1.404891837607e+02 
       5.295424148344e-05       1.420617571468e+02 
       5.356742270057e-05       1.436519264503e+02 
       5.418770422155e-05       1.452598920027e+02 
       5.481516826403e-05       1.468858484813e+02 
       5.544989799769e-05       1.485299973428e+02 
       5.609197755527e-05       1.501925447569e+02 
       5.674149204372e-05       1.518736962095e+02 
       5.739852755548e-05       1.535736549040e+02 
       5.806317117989e-05       1.552926369961e+02 
       5.873551101476e-05       1.570308525227e+02 
       5.941563617798e-05       1.587885059099e+02 
       6.010363681943e-05       1.605658369131e+02 
       6.079960413283e-05       1.623630650204e+02 
       6.150363036791e-05       1.641803831233e+02 
       6.221580884257e-05       1.660180432242e+02 
       6.293623395531e-05       1.678762556345e+02 
       6.366500119768e-05       1.697552641816e+02 
       6.440220716701e-05       1.716552906234e+02 
       6.514794957913e-05       1.735765795144e+02 
       6.590232728141e-05       1.755193552420e+02 
       6.666544026579e-05       1.774838734032e+02 
       6.743738968206e-05       1.794703567425e+02 
       6.821827785129e-05       1.814790711473e+02 
       6.900820827936e-05       1.835102606777e+02 
       6.980728567069e-05       1.855641533706e+02 
       7.061561594212e-05       1.876410491455e+02 
       7.143330623696e-05       1.897411482584e+02 
       7.226046493916e-05       1.918647623382e+02 
       7.309720168772e-05       1.940121231806e+02 
       7.394362739119e-05       1.961834980057e+02 
       7.479985424238e-05       1.983791671850e+02 
       7.566599573323e-05       2.005993859170e+02 
       7.654216666985e-05       2.028444446063e+02 
       7.742848318776e-05       2.051146133164e+02 
       7.832506276724e-05       2.074101687312e+02 
       7.923202424896e-05       2.097314082771e+02 
       8.014948784967e-05       2.120785889339e+02 
       8.107757517818e-05       2.144520280907e+02 
       8.201640925146e-05       2.168520110372e+02 
       8.296611451095e-05       2.192788315872e+02 
       8.392681683905e-05       2.217327918742e+02 
       8.489864357581e-05       2.242141978685e+02 
       8.588172353583e-05       2.267233450591e+02 
       8.687618702527e-05       2.292605420070e+02 
       8.788216585920e-05       2.318261185204e+02 
       8.889979337903e-05       2.344203813849e+02 
       8.992920447018e-05       2.370436417549e+02 
       9.097053557997e-05       2.396962353394e+02 
       9.202392473572e-05       2.423784845264e+02 
       9.308951156301e-05       2.450907176392e+02 
       9.416743730423e-05       2.478332771097e+02 
       9.525784483727e-05       2.506064943912e+02 
       9.636087869446e-05       2.534107182697e+02 
       9.747668508174e-05       2.562462856393e+02 
       9.860541189805e-05       2.591135444248e+02 
       9.974720875490e-05       2.620128494113e+02 
       1.009022269962e-04       2.649445767455e+02 
       1.020706197185e-04       2.679090414805e+02 
       1.032525417908e-04       2.709066640674e+02 
       1.044481498757e-04       2.739377667797e+02 
       1.056576024497e-04       2.770027669042e+02 
       1.068810598244e-04       2.801019942031e+02 
       1.081186841679e-04       2.832358796592e+02 
       1.093706395259e-04       2.864047486268e+02 
       1.106370918437e-04       2.896090435720e+02 
       1.119182089881e-04       2.928491433474e+02 
       1.132141607699e-04       2.961254458888e+02 
       1.145251189661e-04       2.994383432383e+02 
       1.158512573428e-04       3.027882389561e+02 
       1.171927516782e-04       3.061755883502e+02 
       1.185497797858e-04       3.096007478919e+02 
       1.199225215384e-04       3.130641607083e+02 
       1.213111588913e-04       3.165662866499e+02 
       1.227158759069e-04       3.201074919528e+02 
       1.241368587789e-04       3.236882770470e+02 
       1.255742958571e-04       3.273090244515e+02 
       1.270283776722e-04       3.309702269595e+02 
       1.284992969611e-04       3.346722788834e+02 
       1.299872486927e-04       3.384156798757e+02 
       1.314924300933e-04       3.422008796858e+02 
       1.330150406731e-04       3.460283214022e+02 
       1.345552822525e-04       3.498985121234e+02 
       1.361133589888e-04       3.538118877130e+02 
       1.376894774033e-04       3.577689513954e+02 
       1.392838464090e-04       3.617701751689e+02 
       1.408966773376e-04       3.658160610794e+02 
       1.425281839682e-04       3.699070760465e+02 
       1.441785825552e-04       3.740437563441e+02 
       1.458480918572e-04       3.782265999257e+02 
       1.475369331657e-04       3.824560832609e+02 
       1.492453303350e-04       3.867327683539e+02 
       1.509735098111e-04       3.910309623484e+02 
       1.527217006624e-04       3.954029810015e+02 
       1.544901346097e-04       3.998237599099e+02 
       1.562790460570e-04       4.042938399525e+02 
       1.580886721226e-04       4.088137505196e+02 
       1.599192526705e-04       4.133840494738e+02 
       1.617710303421e-04       4.180052768064e+02 
       1.636442505885e-04       4.226780400197e+02 
       1.655391617031e-04       4.274028737719e+02 
       1.674560148542e-04       4.321803801739e+02 
       1.693950641188e-04       4.370110936619e+02 
       1.713565665156e-04       4.418956683241e+02 
       1.733407820397e-04       4.468346312959e+02 
       1.753479736967e-04       4.518286183007e+02 
       1.773784075377e-04       4.568782149280e+02 
       1.794323526945e-04       4.619840548867e+02 
       1.815100814153e-04       4.671467758007e+02 
       1.836118691007e-04       4.723669616047e+02 
       1.857379943405e-04       4.776452648676e+02 
       1.878887389503e-04       4.829823320845e+02 
       1.900643880090e-04       4.883787809623e+02 
       1.922652298963e-04       4.938353032986e+02 
       1.944915563317e-04       4.993525353059e+02 
       1.967436624122e-04       5.049311368062e+02 
       1.990218466520e-04       5.105718149068e+02 
       2.013264110220e-04       5.162752248243e+02 
       2.036576609898e-04       5.220420620362e+02 
       2.060159055599e-04       5.278730200461e+02 
       2.084014573151e-04       5.337688134481e+02 
       2.108146324578e-04       5.397301371204e+02 
       2.132557508517e-04       5.457577148004e+02 
       2.157251360643e-04       5.518522766531e+02 
       2.182231154101e-04       5.580145504467e+02 
       2.207500199934e-04       5.642452627962e+02 
       2.233061847528e-04       5.705451884914e+02 
       2.258919485051e-04       5.769150805896e+02 
       2.285076539905e-04       5.833556761444e+02 
       2.311536479179e-04       5.898677911069e+02 
       2.338302810110e-04       5.964521727872e+02 
       2.365379080545e-04       6.031096119596e+02 
       2.392768879416e-04       6.098409054762e+02 
       2.420475837209e-04       6.166468791445e+02 
       2.448503626454e-04       6.235283122579e+02 
       2.476855962201e-04       6.304860489231e+02 
       2.505536602524e-04       6.375209283964e+02 
       2.534549349009e-04       6.446337471075e+02 
       2.563898047266e-04       6.518254002614e+02 
       2.593586587431e-04       6.590966981065e+02 
       2.623618904689e-04       6.664485373680e+02 
       2.653998979792e-04       6.738818044761e+02 
       2.684730839584e-04       6.813973077669e+02 
       2.715818557541e-04       6.889959986727e+02 
       2.747266254306e-04       6.966787831639e+02 
       2.779078098238e-04       7.044465328951e+02 
       2.811258305961e-04       7.123001946805e+02 
       2.843811142928e-04       7.202406681798e+02 
       2.876740923981e-04       7.282689108380e+02 
       2.910052013928e-04       7.363858586209e+02 
       2.943748828117e-04       7.445924733121e+02 
       2.977835833025e-04       7.528897010589e+02 
       3.012317546847e-04       7.612785355927e+02 
       3.047198540097e-04       7.697599574509e+02 
       3.082483436213e-04       7.783349423190e+02 
       3.118176912169e-04       7.870045134423e+02 
       3.154283699098e-04       7.957696700440e+02 
       3.190808582914e-04       8.046314493133e+02 
       3.227756404952e-04       8.135908935623e+02 
       3.265132062606e-04       8.226489817331e+02 
       3.302940509977e-04       8.318068322018e+02 
       3.341186758535e-04       8.410654853081e+02 
       3.379875877780e-04       8.504259759576e+02 
       3.419012995911e-04       8.598894699261e+02 
       3.458603300511e-04       8.694569858143e+02 
       3.498652039232e-04       8.791296592147e+02 
       3.539164520492e-04       8.889085985235e+02 
       3.580146114175e-04       8.987949385030e+02 
       3.621602252348e-04       9.087897878232e+02 
       3.663538429976e-04       9.188943377359e+02 
       3.705960205656e-04       9.291096899127e+02 
       3.748873202346e-04       9.394370515234e+02 
       3.792283108119e-04       9.498775682577e+02 
       3.836195676910e-04       9.604324681479e+02 
       3.880616729283e-04       9.711029268087e+02 
       3.925552153200e-04       9.818901620164e+02 
       3.971007904802e-04       9.927953749169e+02 
       4.016990009202e-04       1.003819837543e+03 
       4.063504561276e-04       1.014964754046e+03 
       4.110557726478e-04       1.026231396114e+03 
       4.158155741654e-04       1.037621051356e+03 
       4.206304915870e-04       1.049134958053e+03 
       4.255011631247e-04       1.060774474424e+03 
       4.304282343806e-04       1.072540770173e+03 
       4.354123584328e-04       1.084435276659e+03 
       4.404541959215e-04       1.096459314407e+03 
       4.455544151367e-04       1.108614133013e+03 
       4.507136921071e-04       1.120901164905e+03 
       4.559327106892e-04       1.133321735936e+03 
       4.612121626582e-04       1.145877177332e+03 
       4.665527477998e-04       1.158568926416e+03 
       4.719551740028e-04       1.171398373681e+03 
       4.774201573529e-04       1.184366903701e+03 
       4.829484222277e-04       1.197475967546e+03 
       4.885407013928e-04       1.210726906436e+03 
       4.941977360986e-04       1.224121271620e+03 
       4.999202761791e-04       1.237660438176e+03 
       5.057090801507e-04       1.251345917362e+03 
       5.115649153132e-04       1.265179154894e+03 
       5.174885578510e-04       1.279161663830e+03 
       5.234807929367e-04       1.293294924476e+03 
       5.295424148344e-04       1.307580485315e+03 
       5.356742270057e-04       1.322019870813e+03 
       5.418770422155e-04       1.336614509057e+03 
       5.481516826403e-04       1.351366087011e+03 
       5.544989799769e-04       1.366276122976e+03 
       5.609197755527e-04       1.381346183855e+03 
       5.674149204372e-04       1.396577823228e+03 
       5.739852755548e-04       1.411972707024e+03 
       5.806317117989e-04       1.427532424091e+03 
       5.873551101476e-04       1.443258512801e+03 
       5.941563617798e-04       1.459152783086e+03 
       6.010363681943e-04       1.475216679678e+03 
       6.079960413283e-04       1.491451996592e+03 
       6.150363036791e-04       1.507860414212e+03 
       6.221580884257e-04       1.524443503126e+03 
       6.293623395531e-04       1.541203116280e+03 
       6.366500119768e-04       1.558140802307e+03 
       6.440220716701e-04       1.575258393578e+03 
       6.514794957913e-04       1.592557520289e+03 
       6.590232728141e-04       1.610040039976e+03 
       6.666544026579e-04       1.627707644428e+03 
       6.743738968206e-04       1.645562149023e+03 
       6.821827785129e-04       1.663605289197e+03 
       6.900820827936e-04       1.681838877561e+03 
       6.980728567069e-04       1.700264724110e+03 
       7.061561594212e-04       1.718884585585e+03 
       7.143330623696e-04       1.737700441937e+03 
       7.226046493916e-04       1.756713982743e+03 
       7.309720168772e-04       1.775927153515e+03 
       7.394362739119e-04       1.795341689672e+03 
       7.479985424238e-04       1.814959628082e+03 
       7.566599573323e-04       1.834782799120e+03 
       7.654216666985e-04       1.854813042190e+03 
       7.742848318776e-04       1.875052319989e+03 
       7.832506276724e-04       1.895502552634e+03 
       7.923202424896e-04       1.916165737202e+03 
       8.014948784967e-04       1.937043657701e+03 
       8.107757517818e-04       1.958138385004e+03 
       8.201640925146e-04       1.979451881773e+03 
       8.296611451095e-04       2.000986117454e+03 
       8.392681683905e-04       2.022743085159e+03 
       8.489864357581e-04       2.044724678155e+03 
       8.588172353583e-04       2.066933039973e+03 
       8.687618702527e-04       2.089370135572e+03 
       8.788216585921e-04       2.112038025185e+03 
       8.889979337903e-04       2.134938604541e+03 
       8.992920447018e-04       2.158074109117e+03 
       9.097053557997e-04       2.181446497831e+03 
       9.202392473572e-04       2.205057885507e+03 
       9.308951156301e-04       2.228910274555e+03 
       9.416743730423e-04       2.253005831996e+03 
       9.525784483727e-04       2.277346501497e+03 
       9.636087869446e-04       2.301934603609e+03 
       9.747668508174e-04       2.326772072004e+03 
       9.860541189805e-04       2.351861036781e+03 
       9.974720875491e-04       2.377203605097e+03 
       1.009022269962e-03       2.402802009841e+03 
       1.020706197185e-03       2.428658431555e+03 
       1.032525417908e-03       2.454774658042e+03 
       1.044481498757e-03       2.481153270299e+03 
       1.056576024497e-03       2.507796070426e+03 
       1.068810598244e-03       2.534705524678e+03 
       1.081186841679e-03       2.561883541992e+03 
       1.093706395259e-03       2.589332259424e+03 
       1.106370918437e-03       2.617054025500e+03 
       1.119182089881e-03       2.645050979876e+03 
       1.132141607699e-03       2.673325269320e+03 
       1.145251189662e-03       2.701879014159e+03 
       1.158512573428e-03       2.730714470742e+03 
       1.171927516782e-03       2.759833603378e+03 
       1.185497797858e-03       2.789239012518e+03 
       1.199225215384e-03       2.818932322981e+03 
       1.213111588913e-03       2.848916159379e+03 
       1.227158759069e-03       2.879192504492e+03 
       1.241368587789e-03       2.909763481828e+03 
       1.255742958571e-03       2.940631317052e+03 
       1.270283776722e-03       2.971798259134e+03 
       1.284992969611e-03       3.003266399139e+03 
       1.299872486927e-03       3.035037809230e+03 
       1.314924300933e-03       3.067114843633e+03 
       1.330150406731e-03       3.099499531669e+03 
       1.345552822525e-03       3.132194068888e+03 
       1.361133589888e-03       3.165200384867e+03 
       1.376894774033e-03       3.198520753951e+03 
       1.392838464090e-03       3.232157340809e+03 
       1.408966773376e-03       3.266112321302e+03 
       1.425281839682e-03       3.300387573047e+03 
       1.441785825552e-03       3.334985229497e+03 
       1.458480918572e-03       3.369907496893e+03 
       1.475369331657e-03       3.405156146912e+03 
       1.492453303350e-03       3.440733840090e+03 
       1.509735098111e-03       3.476641998331e+03 
       1.527217006624e-03       3.512883186953e+03 
       1.544901346097e-03       3.549456041610e+03 
       1.562790460571e-03       3.586365227124e+03 
       1.580886721226e-03       3.623613021872e+03 
       1.599192526705e-03       3.661201230071e+03 
       1.617710303421e-03       3.699132145287e+03 
       1.636442505885e-03       3.737407641979e+03 
       1.655391617031e-03       3.776029544444e+03 
       1.674560148542e-03       3.814999522273e+03 
       1.693950641188e-03       3.854319525154e+03 
       1.713565665156e-03       3.893991608565e+03 
       1.733407820397e-03       3.934017564983e+03 
       1.753479736967e-03       3.974398946697e+03 
       1.773784075377e-03       4.015137537211e+03 
       1.794323526945e-03       4.056235184075e+03 
       1.815100814153e-03       4.097693462117e+03 
       1.836118691007e-03       4.139514042269e+03 
       1.857379943405e-03       4.181698819758e+03 
       1.878887389503e-03       4.224249218317e+03 
       1.900643880090e-03       4.267166726039e+03 
       1.922652298963e-03       4.310452990329e+03 
       1.944915563317e-03       4.354109573416e+03 
       1.967436624122e-03       4.398137600307e+03 
       1.990218466520e-03       4.442538674388e+03 
       2.013264110220e-03       4.487314267972e+03 
       2.036576609898e-03       4.532465506950e+03 
       2.060159055599e-03       4.577993883952e+03 
       2.084014573151e-03       4.623900522010e+03 
       2.108146324578e-03       4.670186739295e+03 
       2.132557508517e-03       4.716853621734e+03 
       2.157251360643e-03       4.763902235929e+03 
       2.182231154101e-03       4.811333585590e+03 
       2.207500199934e-03       4.859148692849e+03 
       2.233061847528e-03       4.907348450301e+03 
       2.258919485051e-03       4.955933710571e+03 
       2.285076539905e-03       5.004905532591e+03 
       2.311536479179e-03       5.054264583586e+03 
       2.338302810110e-03       5.104011315042e+03 
       2.365379080545e-03       5.154146676842e+03 
       2.392768879416e-03       5.204671165008e+03 
       2.420475837209e-03       5.255585169888e+03 
       2.448503626454e-03       5.306889287347e+03 
       2.476855962201e-03       5.358583843019e+03 
       2.505536602524e-03       5.410669205596e+03 
       2.534549349009e-03       5.463145298419e+03 
       2.563898047266e-03       5.516012759244e+03 
       2.593586587431e-03       5.569271335008e+03 
       2.623618904689e-03       5.622921101545e+03 
       2.653998979792e-03       5.676962007722e+03 
       2.684730839584e-03       5.731394002784e+03 
       2.715818557541e-03       5.786216659602e+03 
       2.747266254306e-03       5.841429757488e+03 
       2.779078098238e-03       5.897032736936e+03 
       2.811258305961e-03       5.953025264960e+03 
       2.843811142928e-03       6.009406622838e+03 
       2.876740923981e-03       6.066176087059e+03 
       2.910052013928e-03       6.123333274360e+03 
       2.943748828117e-03       6.180876384641e+03 
       2.977835833025e-03       6.238805113797e+03 
       3.012317546847e-03       6.297118205604e+03 
       3.047198540097e-03       6.355814278871e+03 
       3.082483436213e-03       6.414892611824e+03 
       3.118176912169e-03       6.474350757044e+03 
       3.154283699098e-03       6.534187950411e+03 
       3.190808582914e-03       6.594402327087e+03 
       3.227756404952e-03       6.654991903911e+03 
       3.265132062606e-03       6.715954937104e+03 
       3.302940509977e-03       6.777289448987e+03 
       3.341186758535e-03       6.838993157186e+03 
       3.379875877780e-03       6.901063996655e+03 
       3.419012995911e-03       6.963499336975e+03 
       3.458603300511e-03       7.026296594489e+03 
       3.498652039232e-03       7.089453203038e+03 
       3.539164520492e-03       7.152965997867e+03 
       3.580146114175e-03       7.216832756622e+03 
       3.621602252348e-03       7.281049997664e+03 
       3.663538429976e-03       7.345614131710e+03 
       3.705960205656e-03       7.410522202041e+03 
       3.748873202346e-03       7.475770289509e+03 
       3.792283108119e-03       7.541355107067e+03 
       3.836195676910e-03       7.607272373152e+03 
       3.880616729283e-03       7.673519301978e+03 
       3.925552153200e-03       7.740089111317e+03 
       3.971007904803e-03       7.806979671729e+03 
       4.016990009202e-03       7.874185833349e+03 
       4.063504561276e-03       7.941702546166e+03 
       4.110557726478e-03       8.009525936732e+03 
       4.158155741654e-03       8.077650430065e+03 
       4.206304915871e-03       8.146070829763e+03 
       4.255011631247e-03       8.214781600163e+03 
       4.304282343806e-03       8.283777395784e+03 
       4.354123584328e-03       8.353052300127e+03 
       4.404541959215e-03       8.422600901681e+03 
       4.455544151367e-03       8.492416400426e+03 
       4.507136921071e-03       8.562493734321e+03 
       4.559327106892e-03       8.632825144375e+03 
       4.612121626582e-03       8.703404089045e+03 
       4.665527477998e-03       8.774223423393e+03 
       4.719551740028e-03       8.845277673403e+03 
       4.774201573529e-03       8.916558176506e+03 
       4.829484222277e-03       8.988057239307e+03 
       4.885407013928e-03       9.059767951823e+03 
       4.941977360986e-03       9.131682083980e+03 
       4.999202761791e-03       9.203790846566e+03 
       5.057090801508e-03       9.276088117884e+03 
       5.115649153132e-03       9.348561724552e+03 
       5.174885578510e-03       9.421205526132e+03 
       5.234807929367e-03       9.494008745470e+03 
       5.295424148344e-03       9.566963389919e+03 
       5.356742270057e-03       9.640059525413e+03 
       5.418770422155e-03       9.713291692940e+03 
       5.481516826403e-03       9.786643250257e+03 
       5.544989799769e-03       9.860106139045e+03 
       5.609197755527e-03       9.933673902493e+03 
       5.674149204372e-03       1.000743557799e+04 
       5.739852755548e-03       1.008108753365e+04 
       5.806317117989e-03       1.015486916180e+04 
       5.873551101476e-03       1.022871840137e+04 
       5.941563617798e-03       1.030260802024e+04 
       6.010363681943e-03       1.037653505411e+04 
       6.079960413283e-03       1.045047974184e+04 
       6.150363036791e-03       1.052443818684e+04 
       6.221580884257e-03       1.059839135818e+04 
       6.293623395531e-03       1.067231730294e+04 
       6.366500119768e-03       1.074625047977e+04 
       6.440220716701e-03       1.082010471652e+04 
       6.514794957914e-03       1.089388814897e+04 
       6.590232728141e-03       1.096764252748e+04 
       6.666544026579e-03       1.104128722780e+04 
       6.743738968206e-03       1.111482887116e+04 
       6.821827785129e-03       1.118823252335e+04 
       6.900820827936e-03       1.126151348182e+04 
       6.980728567069e-03       1.133468946763e+04 
       7.061561594212e-03       1.140763522544e+04 
       7.143330623696e-03       1.148045917723e+04 
       7.226046493916e-03       1.155303180166e+04 
       7.309720168772e-03       1.162545306117e+04 
       7.394362739119e-03       1.169760942974e+04 
       7.479985424238e-03       1.176951875549e+04 
       7.566599573323e-03       1.184116346015e+04 
       7.654216666985e-03       1.191252317203e+04 
       7.742848318776e-03       1.198357992532e+04 
       7.832506276724e-03       1.205428844144e+04 
       7.923202424896e-03       1.212470865577e+04 
       8.014948784967e-03       1.219474941418e+04 
       8.107757517818e-03       1.226440728682e+04 
       8.201640925146e-03       1.233366872717e+04 
       8.296611451095e-03       1.240251312603e+04 
       8.392681683905e-03       1.247091340399e+04 
       8.489864357581e-03       1.253885751663e+04 
       8.588172353583e-03       1.260632258310e+04 
       8.687618702527e-03       1.267328536833e+04 
       8.788216585921e-03       1.273969898775e+04 
       8.889979337903e-03       1.280561804265e+04 
       8.992920447018e-03       1.287093838529e+04 
       9.097053557997e-03       1.293567507315e+04 
       9.202392473572e-03       1.299979808236e+04 
       9.308951156301e-03       1.306328406318e+04 
       9.416743730423e-03       1.312610962649e+04 
       9.525784483727e-03       1.318825202655e+04 
       9.636087869446e-03       1.324968440303e+04 
       9.747668508174e-03       1.331038743396e+04 
       9.860541189806e-03       1.337033104486e+04 
       9.974720875491e-03       1.342949728990e+04 
       1.009022269962e-02       1.348785162964e+04 
       1.020706197185e-02       1.354537718059e+04 
       1.032525417908e-02       1.360204101392e+04 
       1.044481498757e-02       1.365782549451e+04 
       1.056576024497e-02       1.371269788005e+04 
       1.068810598244e-02       1.376663054760e+04 
       1.081186841679e-02       1.381960356516e+04 
       1.093706395259e-02       1.387158756688e+04 
       1.106370918437e-02       1.392255145271e+04 
       1.119182089881e-02       1.397246939932e+04 
       1.132141607699e-02       1.402128958434e+04 
       1.145251189662e-02       1.406906011204e+04 
       1.158512573428e-02       1.411567664639e+04 
       1.171927516782e-02       1.416113734634e+04 
       1.185497797858e-02       1.420538140978e+04 
       1.199225215384e-02       1.424847526568e+04 
       1.213111588913e-02       1.429029298997e+04 
       1.227158759069e-02       1.433080522761e+04 
       1.241368587789e-02       1.437008529496e+04 
       1.255742958571e-02       1.440800544113e+04 
       1.270283776722e-02       1.444457171168e+04 
       1.284992969612e-02       1.447975806925e+04 
       1.299872486927e-02       1.451348801297e+04 
       1.314924300934e-02       1.454583948782e+04 
       1.330150406731e-02       1.457668376571e+04 
       1.345552822525e-02       1.460600592393e+04 
       1.361133589888e-02       1.463380655031e+04 
       1.376894774034e-02       1.466008816276e+04 
       1.392838464090e-02       1.468471837238e+04 
       1.408966773377e-02       1.470779148011e+04 
       1.425281839684e-02       1.472916550977e+04 
       1.441785825554e-02       1.474889050008e+04 
       1.458480918575e-02       1.476689785139e+04 
       1.475369331662e-02       1.478322008623e+04 
       1.492453303357e-02       1.479774811025e+04 
       1.509735098122e-02       1.481049486893e+04 
       1.527217006642e-02       1.482142452156e+04 
       1.544901346124e-02       1.483052237308e+04 
       1.562790460611e-02       1.483771691629e+04 
       1.580886721287e-02       1.484308689508e+04 
       1.599192526796e-02       1.484650277269e+04 
       1.617710303556e-02       1.484797659304e+04 
       1.636442506086e-02       1.484749323048e+04 
       1.655391617328e-02       1.484505942030e+04 
       1.674560148980e-02       1.484059529304e+04 
       1.693950641827e-02       1.483408982280e+04 
       1.713565666086e-02       1.482549194921e+04 
       1.733407821744e-02       1.481491220076e+04 
       1.753479738908e-02       1.480219259274e+04 
       1.773784078160e-02       1.478735482588e+04 
       1.794323530916e-02       1.477038027376e+04 
       1.815100819793e-02       1.475130435599e+04 
       1.836118698982e-02       1.473003112331e+04 
       1.857379954627e-02       1.470663575226e+04 
       1.878887405221e-02       1.468102811001e+04 
       1.900643902006e-02       1.465323368467e+04 
       1.922652329384e-02       1.462319791497e+04 
       1.944915605354e-02       1.459100908823e+04 
       1.967436681954e-02       1.455656434422e+04 
       1.990218545736e-02       1.451990764478e+04 
       2.013264218258e-02       1.448101698493e+04 
       2.036576756614e-02       1.443987206824e+04 
       2.060159253997e-02       1.439651951841e+04 
       2.084014840314e-02       1.435094300125e+04 
       2.108146682848e-02       1.430314387023e+04 
       2.132557986994e-02       1.425312080166e+04 
       2.157251997067e-02       1.420087404155e+04 
       2.182231997215e-02       1.414643642624e+04 
       2.207501312431e-02       1.408980405946e+04 
       2.233063309715e-02       1.403100208302e+04 
       2.258921399382e-02       1.397000966837e+04 
       2.285079036569e-02       1.390687535894e+04 
       2.311539722953e-02       1.384163065660e+04 
       2.338307008730e-02       1.377427972385e+04 
       2.365384494898e-02       1.370484878016e+04 
       2.392775835881e-02       1.363339592352e+04 
       2.420484742559e-02       1.355990055750e+04 
       2.448514985755e-02       1.348441390951e+04 
       2.476870400252e-02       1.340699858384e+04 
       2.505554889406e-02       1.332765668356e+04 
       2.534572430439e-02       1.324646461104e+04 
       2.563927080505e-02       1.316342852283e+04 
       2.593622983601e-02       1.307862133068e+04 
       2.623664378457e-02       1.299206284823e+04 
       2.654055607478e-02       1.290381610204e+04 
       2.684801126888e-02       1.281394641648e+04 
       2.715905518161e-02       1.272252014366e+04 
       2.747373500904e-02       1.262951147527e+04 
       2.779209947292e-02       1.253511186453e+04 
       2.811419898215e-02       1.243927596485e+04 
       2.844008581275e-02       1.234215706990e+04 
       2.876981430770e-02       1.224372670559e+04 
       2.910344109830e-02       1.214409258634e+04 
       2.944102534841e-02       1.204333966423e+04 
       2.978262902331e-02       1.194155364562e+04 
       3.012831718446e-02       1.183877111757e+04 
       3.047815831209e-02       1.173508806866e+04 
       3.083222465678e-02       1.163050388708e+04 
       3.119059262203e-02       1.152527168401e+04 
       3.155334317913e-02       1.141926353293e+04 
       3.192056231609e-02       1.131269254944e+04 
       3.229234152225e-02       1.120562566945e+04 
       3.266877831042e-02       1.109810009175e+04 
       3.304997677807e-02       1.099019604338e+04 
       3.343604820972e-02       1.088202692545e+04 
       3.382711172240e-02       1.077366245149e+04 
       3.422329495640e-02       1.066516138868e+04 
       3.462473481357e-02       1.055661947364e+04 
       3.503157824598e-02       1.044810180346e+04 
       3.544398309756e-02       1.033971008458e+04 
       3.586211900226e-02       1.023149957636e+04 
       3.628616834208e-02       1.012357800677e+04 
       3.671632726929e-02       1.001589725482e+04 
       3.715280679737e-02       9.908700153753e+03 
       3.759583396585e-02       9.801975283732e+03 
       3.804565308509e-02       9.695774076216e+03 
       3.850252706746e-02       9.590229528653e+03 
       3.896673885252e-02       9.485274067972e+03 
       3.943859293446e-02       9.381093193350e+03 
       3.991841700122e-02       9.277742594449e+03 
       4.040656369567e-02       9.175196416450e+03 
       4.090341251041e-02       9.073589260132e+03 
       4.140937182900e-02       8.972937819907e+03 
       4.192488112789e-02       8.873311576326e+03 
       4.245041335432e-02       8.774681895124e+03 
       4.298647749747e-02       8.677178894964e+03 
       4.353362137139e-02       8.580814925076e+03 
       4.409243462969e-02       8.485614947618e+03 
       4.466355203397e-02       8.391582321118e+03 
       4.524765699934e-02       8.298792404082e+03 
       4.584548544185e-02       8.207201124947e+03 
       4.645782995444e-02       8.116865558231e+03 
       4.708554433884e-02       8.027798358242e+03 
       4.772954852215e-02       7.939883881991e+03 
       4.839083388723e-02       7.853208238779e+03 
       4.907046904567e-02       7.767646292641e+03 
       4.976960608155e-02       7.683252842005e+03 
       5.048948729160e-02       7.599885745496e+03 
       5.123145244392e-02       7.517455107354e+03 
       5.199694657162e-02       7.435835272811e+03 
       5.278752830915e-02       7.354889139940e+03 
       5.360487876798e-02       7.274455355148e+03 
       5.445081093177e-02       7.194253462929e+03 
       5.532727953081e-02       7.114026827474e+03 
       5.623639132797e-02       7.033475852691e+03 
       5.718041571388e-02       6.952172821334e+03 
       5.816179546548e-02       6.869683054820e+03 
       5.918315746870e-02       6.785484858830e+03 
       6.024732314129e-02       6.698923675494e+03 
       6.135731821567e-02       6.609370097795e+03 
       6.251638145370e-02       6.515982418418e+03 
       6.372797176721e-02       6.417953243361e+03 
       6.499577311331e-02       6.314289962874e+03 
       6.632369642743e-02       6.204086192219e+03 
       6.771587775932e-02       6.086287268978e+03 
       6.917667170104e-02       5.959938542931e+03 
       7.071063915926e-02       5.824133900554e+03 
       7.232252854997e-02       5.678186835990e+03 
       7.401724960712e-02       5.521594523142e+03 
       7.579983922649e-02       5.354278656421e+03 
       7.767541913330e-02       5.176644040823e+03 
       7.964914568354e-02       4.989630272098e+03 
       8.172615277665e-02       4.794980467230e+03 
       8.391148964329e-02       4.594994765573e+03 
       8.621005610929e-02       4.392794994396e+03 
       8.862653872896e-02       4.192031310156e+03 
       9.116535180099e-02       3.996736666834e+03 
       9.383058759289e-02       3.810924084926e+03 
       9.662597998932e-02       3.638279614622e+03 
       9.955488517731e-02       3.481678843965e+03 
       1.026202819000e-01       3.342726775344e+03 
       1.058247923496e-01       3.221393390991e+03 
       1.091707231129e-01       3.115836836184e+03 
       1.126601239602e-01       3.022314093655e+03 
       1.162948609057e-01       2.935472779142e+03 
       1.200766990484e-01       2.849025612389e+03 
       1.240073903110e-01       2.756719314297e+03 
       1.280887613269e-01       2.653646686097e+03 
       1.323227972826e-01       2.537469765137e+03 
       1.367117183599e-01       2.409375964336e+03 
       1.412580463711e-01       2.273830985307e+03 
       1.459646600949e-01       2.137978644967e+03 
       1.508348385903e-01       2.009625641510e+03 
       1.558722923323e-01       1.895438815189e+03 
       1.610811823454e-01       1.799225185195e+03 
       1.664661276312e-01       1.720952363745e+03 
       1.720322011197e-01       1.656786997508e+03 
       1.777849141593e-01       1.600049672239e+03 
       1.837301892482e-01       1.543340195440e+03 
       1.898743203335e-01       1.480935028416e+03 
       1.962239196070e-01       1.410246797994e+03 
       2.027858493449e-01       1.333853898962e+03 
       2.095671370095e-01       1.257900157119e+03 
       2.165748716046e-01       1.188812899784e+03 
       2.238160791967e-01       1.130008626196e+03 
       2.312975756541e-01       1.081218116888e+03 
       2.390257950806e-01       1.039133043494e+03 
       2.470065932215e-01       9.986744265271e+02 
       2.552450263624e-01       9.557605704113e+02 
       2.637451080101e-01       9.100137293608e+02 
       2.725095479460e-01       8.642469394772e+02 
       2.815394810528e-01       8.221044935758e+02 
       2.908341964889e-01       7.857265014344e+02 
       3.003908810508e-01       7.540504674895e+02 
       3.102043935213e-01       7.242104404621e+02 
       3.202670888973e-01       6.943007450301e+02 
       3.305687120244e-01       6.642386608775e+02 
       3.410963787462e-01       6.356119070551e+02 
       3.518346588264e-01       6.097621729105e+02 
       3.627657685551e-01       5.865532998295e+02 
       3.738698725489e-01       5.649707719662e+02 
       3.851254846987e-01       5.440630502914e+02 
       3.965099488289e-01       5.239776278417e+02 
       4.079999718573e-01       5.051774917267e+02 
       4.195721773643e-01       4.879161363330e+02 
       4.312036462754e-01       4.719672265428e+02 
       4.428724139446e-01       4.570016912257e+02 
       4.545578987084e-01       4.428451317057e+02 
       4.662412448655e-01       4.294732064355e+02 
       4.779055716926e-01       4.169902065292e+02 
       4.895361282804e-01       4.053670329921e+02 
       5.011203607288e-01       3.945149363311e+02 
       5.126479030393e-01       3.842660574549e+02 
       5.241105057933e-01       3.745873614652e+02 
       5.355019176002e-01       3.654592773153e+02 
       5.468177337482e-01       3.568795994915e+02 
       5.580552249555e-01       3.487907005136e+02 
       5.692131570409e-01       3.411364008592e+02 
       5.802916100675e-01       3.338804730889e+02 
       5.912918033250e-01       3.269822483355e+02 
       6.022159305593e-01       3.204322512486e+02 
       6.130670082144e-01       3.141955848541e+02 
       6.238487381438e-01       3.082589060886e+02 
       6.345653852592e-01       3.025883315750e+02 
       6.452216698687e-01       2.971619683519e+02 
       6.558226739754e-01       2.919651190490e+02 
       6.663737605114e-01       2.869760198638e+02 
       6.768805043146e-01       2.821883089095e+02 
       6.873486336036e-01       2.775799070411e+02 
       6.977839807084e-01       2.731418103729e+02 
       7.081924408784e-01       2.688603183727e+02 
       7.185799380669e-01       2.647215616800e+02 
       7.289523966958e-01       2.607210794708e+02 
       7.393157185056e-01       2.568443492285e+02 
       7.496757637025e-01       2.530874357356e+02 
       7.600383357124e-01       2.494400161281e+02 
       7.704091689451e-01       2.458942540152e+02 
       7.807939190557e-01       2.424463979643e+02 
       7.911981552675e-01       2.390864781181e+02 
       8.016273543855e-01       2.358127754172e+02 
       8.120868961917e-01       2.326175891335e+02 
       8.225820599611e-01       2.294969299459e+02 
       8.331180218866e-01       2.264474987472e+02 
       8.436998532364e-01       2.234626890397e+02 
       8.543325191003e-01       2.205418247922e+02 
       8.650208776133e-01       2.176787655822e+02 
       8.757696795640e-01       2.148720924926e+02 
       8.865835683199e-01       2.121183302665e+02 
       8.974670800165e-01       2.094140244870e+02 
       9.084246439714e-01       2.067582258658e+02 
       9.194605832976e-01       2.041464958135e+02 
       9.305791156987e-01       2.015787892455e+02 
       9.417843544359e-01       1.990512256497e+02 
       9.530803094638e-01       1.965632616648e+02 
       9.644708887357e-01       1.941124650928e+02 
       9.759598996806e-01       1.916972006026e+02 
       9.875510508592e-01       1.893162525052e+02 
       9.992479538029e-01       1.869677710430e+02 
       1.011054125043e+00       1.846513138992e+02 
       1.022972988336e+00       1.823645955947e+02 
       1.035007877083e+00       1.801076074751e+02 
       1.047162036951e+00       1.778781573025e+02 
       1.059438628696e+00       1.756764179965e+02 
       1.071840731172e+00       1.735003792836e+02 
       1.084371344532e+00       1.713503889160e+02 
       1.097033393609e+00       1.692244900834e+02 
       1.109829731459e+00       1.671230866395e+02 
       1.122763143056e+00       1.650444824882e+02 
       1.135836349114e+00       1.629890524506e+02 
       1.149052010033e+00       1.609553309568e+02 
       1.162412729927e+00       1.589435289148e+02 
       1.175921060724e+00       1.569524526404e+02 
       1.189579506310e+00       1.549822640937e+02 
       1.203390526698e+00       1.530320016055e+02 
       1.217356542187e+00       1.511016470636e+02 
       1.231479937501e+00       1.491906019539e+02 
       1.245763065875e+00       1.472985166474e+02 
       1.260208253067e+00       1.454251757929e+02 
       1.274817801286e+00       1.435700099993e+02 
       1.289593993005e+00       1.417330731627e+02 
       1.304539094650e+00       1.399137215488e+02 
       1.319655360149e+00       1.381119925382e+02 
       1.334945034336e+00       1.363274931027e+02 
       1.350410356183e+00       1.345599496669e+02 
       1.366053561880e+00       1.328093385277e+02 
       1.381876887728e+00       1.310751638295e+02 
       1.397882572878e+00       1.293574487561e+02 
       1.414072861875e+00       1.276559648964e+02 
       1.430450007046e+00       1.259704169452e+02 
       1.447016270715e+00       1.243007680812e+02 
       1.463773927249e+00       1.226467770733e+02 
       1.480725264957e+00       1.210082510550e+02 
       1.497872587830e+00       1.193851374602e+02 
       1.515218217143e+00       1.177772322811e+02 
       1.532764492924e+00       1.161843600487e+02 
       1.550513775295e+00       1.146064709407e+02 
       1.568468445707e+00       1.130434141615e+02 
       1.586630908057e+00       1.114950227360e+02 
       1.605003589721e+00       1.099612241545e+02 
       1.623588942493e+00       1.084419213362e+02 
       1.642389443447e+00       1.069369603027e+02 
       1.661407595730e+00       1.054462468048e+02 
       1.680645929298e+00       1.039696959682e+02 
       1.700107001587e+00       1.025072250200e+02 
       1.719793398148e+00       1.010587179134e+02 
       1.739707733235e+00       9.962407444607e+01 
       1.759852650361e+00       9.820321793927e+01 
       1.780230822818e+00       9.679608558360e+01 
       1.800844954186e+00       9.540258599679e+01 
       1.821697778801e+00       9.402262956508e+01 
       1.842792062229e+00       9.265614143601e+01 
       1.864130601704e+00       9.130305433704e+01 
       1.885716226574e+00       8.996330149441e+01 
       1.907551798725e+00       8.863681817217e+01 
       1.929640213008e+00       8.732353125017e+01 
       1.951984397657e+00       8.602337663256e+01 
       1.974587314706e+00       8.473628986987e+01 
       1.997451960402e+00       8.346221223436e+01 
       2.020581365625e+00       8.220108185081e+01 
       2.043978596299e+00       8.095283926709e+01 
       2.067646753813e+00       7.971743647813e+01 
       2.091588975436e+00       7.849481497159e+01 
       2.115808434746e+00       7.728492202207e+01 
       2.140308342052e+00       7.608770430949e+01 
       2.165091944823e+00       7.490311001385e+01 
       2.190162528123e+00       7.373108814164e+01 
       2.215523415050e+00       7.257159038204e+01 
       2.241177967173e+00       7.142456612269e+01 
       2.267129584986e+00       7.028996951895e+01 
       2.293381708354e+00       6.916775223733e+01 
       2.319937816972e+00       6.805786791153e+01 
       2.346801430827e+00       6.696026855033e+01 
       2.373976110664e+00       6.587491004513e+01 
       2.401465458459e+00       6.480174577580e+01 
       2.429273117898e+00       6.374073061701e+01 
       2.457402774855e+00       6.269181980359e+01 
       2.485858157887e+00       6.165496684719e+01 
       2.514643038724e+00       6.063012760131e+01 
       2.543761232772e+00       5.961725729693e+01 
       2.573216599616e+00       5.861631071107e+01 
       2.603013043533e+00       5.762724254132e+01 
       2.633154514008e+00       5.665000671403e+01 
       2.663645006263e+00       5.568455720284e+01 
       2.694488561777e+00       5.473084800926e+01 
       2.725689268832e+00       5.378883233396e+01 
       2.757251263048e+00       5.285846297380e+01 
       2.789178727931e+00       5.193969177173e+01 
       2.821475895434e+00       5.103247023858e+01 
       2.854147046511e+00       5.013674961724e+01 
       2.887196511687e+00       4.925247985558e+01 
       2.920628671633e+00       4.837960983622e+01 
       2.954447957746e+00       4.751808844036e+01 
       2.988658852736e+00       4.666786287561e+01 
       3.023265891220e+00       4.582887962618e+01 
       3.058273660323e+00       4.500108436618e+01 
       3.093686800287e+00       4.418442142435e+01 
       3.129510005085e+00       4.337883408542e+01 
       3.165748023045e+00       4.258426462862e+01 
       3.202405657476e+00       4.180065404232e+01 
       3.239487767309e+00       4.102794216024e+01 
       3.276999267736e+00       4.026606749817e+01 
       3.314945130866e+00       3.951496738611e+01 
       3.353330386383e+00       3.877457781434e+01 
       3.392160122211e+00       3.804483350373e+01 
       3.431439485188e+00       3.732566778131e+01 
       3.471173681752e+00       3.661701272414e+01 
       3.511367978628e+00       3.591879896777e+01 
       3.552027703527e+00       3.523095588308e+01 
       3.593158245849e+00       3.455341141324e+01 
       3.634765057406e+00       3.388609219140e+01 
       3.676853653134e+00       3.322892351828e+01 
       3.719429611830e+00       3.258182931972e+01 
       3.762498576893e+00       3.194473223882e+01 
       3.806066257067e+00       3.131755359592e+01 
       3.850138427201e+00       3.070021343743e+01 
       3.894720929013e+00       3.009263055423e+01 
       3.939819671866e+00       2.949472250714e+01 
       3.985440633549e+00       2.890640565764e+01 
       4.031589861070e+00       2.832759520138e+01 
       4.078273471461e+00       2.775820520701e+01 
       4.125497652583e+00       2.719814864930e+01 
       4.173268663951e+00       2.664733745699e+01 
       4.221592837559e+00       2.610568255077e+01 
       4.270476578726e+00       2.557309389101e+01 
       4.319926366937e+00       2.504948052213e+01 
       4.369948756709e+00       2.453475062291e+01 
       4.420550378456e+00       2.402881155612e+01 
       4.471737939366e+00       2.353156991831e+01 
       4.523518224298e+00       2.304293159154e+01 
       4.575898096670e+00       2.256280179661e+01 
       4.628884499378e+00       2.209108514552e+01 
       4.682484455713e+00       2.162768569422e+01 
       4.736705070291e+00       2.117250699771e+01 
       4.791553529995e+00       2.072545216162e+01 
       4.847037104929e+00       2.028642389705e+01 
       4.903163149382e+00       1.985532457318e+01 
       4.959939102799e+00       1.943205627026e+01 
       5.017372490771e+00       1.901652083171e+01 
       5.075470926033e+00       1.860861991586e+01 
       5.134242109469e+00       1.820825504698e+01 
       5.193693831134e+00       1.781532766521e+01 
       5.253833971292e+00       1.742973917593e+01 
       5.314670501452e+00       1.705139099796e+01 
       5.376211485430e+00       1.668018461085e+01 
       5.438465080417e+00       1.631602160097e+01 
       5.501439538059e+00       1.595880370658e+01 
       5.565143205554e+00       1.560843286166e+01 
       5.629584526752e+00       1.526481123858e+01 
       5.694772043282e+00       1.492784128948e+01 
       5.760714395678e+00       1.459742578650e+01 
       5.827420324527e+00       1.427346786061e+01 
       5.894898671628e+00       1.395587103925e+01 
       5.963158381163e+00       1.364453928269e+01 
       6.032208500882e+00       1.333937701896e+01 
       6.102058183304e+00       1.304028917768e+01 
       6.172716686929e+00       1.274718122243e+01 
       6.244193377465e+00       1.245995918192e+01 
       6.316497729069e+00       1.217852967983e+01 
       6.389639325606e+00       1.190279996339e+01 
       6.463627861914e+00       1.163267793070e+01 
       6.538473145094e+00       1.136807215680e+01 
       6.614185095807e+00       1.110889191846e+01 
       6.690773749590e+00       1.085504721780e+01 
       6.768249258187e+00       1.060644880467e+01 
       6.846621890892e+00       1.036300819784e+01 
       6.925902035912e+00       1.012463770503e+01 
       7.006100201746e+00       9.891250441765e+00 
       7.087227018572e+00       9.662760349144e+00 
       7.169293239663e+00       9.439082210434e+00 
       7.252309742808e+00       9.220131666624e+00 
       7.336287531753e+00       9.005825230888e+00 
       7.421237737664e+00       8.796080302011e+00 
       7.507171620599e+00       8.590815176789e+00 
       7.594100571001e+00       8.389949061439e+00 
       7.682036111208e+00       8.193402082026e+00 
       7.770989896981e+00       8.001095293944e+00 
       7.860973719047e+00       7.812950690478e+00 
       7.951999504665e+00       7.628891210454e+00 
       8.044079319204e+00       7.448840745028e+00 
       8.137225367744e+00       7.272724143610e+00 
       8.231449996692e+00       7.100467218975e+00 
       8.326765695422e+00       6.931996751568e+00 
       8.423185097925e+00       6.767240493033e+00 
       8.520720984489e+00       6.606127168995e+00 
       8.619386283390e+00       6.448586481116e+00 
       8.719194072607e+00       6.294549108449e+00 
       8.820157581554e+00       6.143946708113e+00 
       8.922290192834e+00       5.996711915328e+00 
       9.025605444016e+00       5.852778342806e+00 
       9.130117029423e+00       5.712080579549e+00 
       9.235838801953e+00       5.574554189069e+00 
       9.342784774912e+00       5.440135707039e+00 
       9.450969123873e+00       5.308762638423e+00 
       9.560406188554e+00       5.180373454085e+00 
       9.671110474721e+00       5.054907586920e+00 
       9.783096656105e+00       4.932305427504e+00 
       9.896379576355e+00       4.812508319312e+00 
       1.001097425100e+01       4.695458553501e+00 
       1.012689586943e+01       4.581099363299e+00 
       1.024415979695e+01       4.469374918001e+00 
       1.036278157675e+01       4.360230316606e+00 
       1.048277693202e+01       4.253611581115e+00 
       1.060416176802e+01       4.149465649495e+00 
       1.072695217418e+01       4.047740368340e+00 
       1.085116442623e+01       3.948384485244e+00 
       1.097681498837e+01       3.851347640907e+00 
       1.110392051545e+01       3.756580360974e+00 
       1.123249785516e+01       3.664034047656e+00 
       1.136256405030e+01       3.573660971111e+00 
       1.149413634100e+01       3.485414260635e+00 
       1.162723216701e+01       3.399247895652e+00 
       1.176186917006e+01       3.315116696536e+00 
       1.189806519613e+01       3.232976315268e+00 
       1.203583829785e+01       3.152783225947e+00 
       1.217520673689e+01       3.074494715173e+00 
       1.231618898641e+01       2.998068872294e+00 
       1.245880373343e+01       2.923464579568e+00 
       1.260306988140e+01       2.850641502206e+00 
       1.274900655262e+01       2.779560078345e+00 
       1.289663309086e+01       2.710181508947e+00 
       1.304596906384e+01       2.642467747625e+00 
       1.319703426589e+01       2.576381490433e+00 
       1.334984872054e+01       2.511886165598e+00 
       1.350443268318e+01       2.448945923236e+00 
       1.366080664374e+01       2.387525625024e+00 
       1.381899132942e+01       2.327590833883e+00 
       1.397900770744e+01       2.269107803630e+00 
       1.414087698779e+01       2.212043468651e+00 
       1.430462062606e+01       2.156365433571e+00 
       1.447026032631e+01       2.102041962950e+00 
       1.463781804388e+01       2.049041970995e+00 
       1.480731598839e+01       1.997335011310e+00 
       1.497877662659e+01       1.946891266677e+00 
       1.515222268540e+01       1.897681538880e+00 
       1.532767715492e+01       1.849677238585e+00 
       1.550516329145e+01       1.802850375264e+00 
       1.568470462058e+01       1.757173547182e+00 
       1.586632494031e+01       1.712619931450e+00 
       1.605004832423e+01       1.669163274144e+00 
       1.623589912467e+01       1.626777880493e+00 
       1.642390197595e+01       1.585438605152e+00 
       1.661408179765e+01       1.545120842546e+00 
       1.680646379790e+01       1.505800517303e+00 
       1.700107347671e+01       1.467454074771e+00 
       1.719793662941e+01       1.430058471629e+00 
       1.739707934997e+01       1.393591166587e+00 
       1.759852803456e+01       1.358030111179e+00 
       1.780230938498e+01       1.323353740662e+00 
       1.800845041222e+01       1.289540965005e+00 
       1.821697844006e+01       1.256571159987e+00 
       1.842792110866e+01       1.224424158394e+00 
       1.864130637825e+01       1.193080241327e+00 
       1.885716253280e+01       1.162520129609e+00 
       1.907551818382e+01       1.132724975304e+00 
       1.929640227411e+01       1.103676353349e+00 
       1.951984408162e+01       1.075356253289e+00 
       1.974587322333e+01       1.047747071128e+00 
       1.997451965914e+01       1.020831601287e+00 
       2.020581369590e+01       9.945930286850e-01 
       2.043978599137e+01       9.690149209163e-01 
       2.067646755834e+01       9.440812205568e-01 
       2.091588976869e+01       9.197762375747e-01 
       2.115808435757e+01       8.960846418574e-01 
       2.140308342762e+01       8.729914558524e-01 
       2.165091945319e+01       8.504820473208e-01 
       2.190162528468e+01       8.285421222054e-01 
       2.215523415288e+01       8.071577176109e-01 
       2.241177967337e+01       7.863151948977e-01 
       2.267129585098e+01       7.660012328881e-01 
       2.293381708430e+01       7.462028211844e-01 
       2.319937817023e+01       7.269072535982e-01 
       2.346801430861e+01       7.081021216913e-01 
       2.373976110687e+01       6.897753084265e-01 
       2.401465458475e+01       6.719149819275e-01 
       2.429273117908e+01       6.545095893479e-01 
       2.457402774862e+01       6.375478508486e-01 
       2.485858157891e+01       6.210187536809e-01 
       2.514643038727e+01       6.049115463773e-01 
       2.543761232774e+01       5.892157330463e-01 
       2.573216599617e+01       5.739210677718e-01 
       2.603013043533e+01       5.590175491155e-01 
       2.633154514009e+01       5.444954147217e-01 
       2.663645006263e+01       5.303451360226e-01 
       2.694488561778e+01       5.165574130438e-01 
       2.725689268833e+01       5.031231693087e-01 
       2.757251263048e+01       4.900335468395e-01 
       2.789178727931e+01       4.772799012559e-01 
       2.821475895434e+01       4.648537969682e-01 
       2.854147046511e+01       4.527470024641e-01 
       2.887196511687e+01       4.409514856891e-01 
       2.920628671633e+01       4.294594095176e-01 
       2.954447957746e+01       4.182631273146e-01 
       2.988658852736e+01       4.073551785862e-01 
       3.023265891220e+01       3.967282847179e-01 
