Run parameters:
does_de_cluster=True
save_data=True
time_domain=True
number_of_points=50
varied_parameter=w_i
varied_par_values=[-0.5]
init_value=-0.5
final_value=-0.9
n_samples=1

Cosmological parameters:
omega_matter_now=0.3
omega_rad_now=0
hubble_constant_standard_units=67
scale_at_lss=0.0009165902841429881
a_min=1e-10
a_max=1
min_redshift=0
max_redshift=20
spectral_index=0.96
sigma8=0.85

Dark energy eos parameters:
selected_de_eos=de_eos_5
w_i=-0.5
w_f=-1
trans_steepness=-1
trans_z=0.5
w=-1
c_eff_value=0

Precision parameters:
virialization_scale_tol=1.0e-06
turn_around_scale_tol=1.0e-06
a_ini=1.0e-10
nonlinear_perturbations_atol=1.0e-10
nonlinear_perturbations_rtol=1.0e-08
growth_factor_atol=1.0e-10
growth_factor_rtol=1.0e-08
dark_density_evolution_atol=1.0e-10
dark_density_evolution_rtol=1.0e-08
dark_density_evolution_max_step=1.0e-03
friedmann_atol=1.0e-10
friedmann_rtol=1.0e-08
friedmann_max_stepsize=1.0e-03
exact_decimals=5.0e+00
numerical_infty=1.0e+11
normalization_integrand_atol=1.0e-08
normalization_integrand_rtol=1.0e-06
mass_variance_filtered_spectrum_atol=1.0e-06
mass_variance_filtered_spectrum_rtol=1.0e-04
log_der_of_log_sigma_atol=1.0e-06
log_der_of_log_sigma_rtol=1.0e-04

*********************************
2.000000000e-05	4.812301669e+01
2.050442102e-05	4.929617581e+01
2.102156407e-05	5.049791619e+01
2.155175001e-05	5.172896065e+01
2.209530780e-05	5.299003190e+01
2.265257468e-05	5.428181443e+01
2.322389643e-05	5.560506797e+01
2.380962750e-05	5.696061109e+01
2.441013133e-05	5.834920134e+01
2.502578050e-05	5.977165402e+01
2.565695699e-05	6.122878024e+01
2.630405241e-05	6.272136587e+01
2.696746826e-05	6.425035842e+01
2.764761615e-05	6.581663073e+01
2.834491809e-05	6.742110010e+01
2.905980672e-05	6.906467622e+01
2.979272558e-05	7.074831798e+01
3.054412944e-05	7.247297386e+01
3.131448448e-05	7.423966274e+01
3.210426870e-05	7.604941195e+01
3.291397210e-05	7.790331602e+01
3.374409707e-05	7.980239225e+01
3.459515866e-05	8.174775037e+01
3.546768492e-05	8.374052417e+01
3.636221721e-05	8.578184216e+01
3.727931055e-05	8.787293802e+01
3.821953395e-05	9.001499125e+01
3.918347076e-05	9.220926829e+01
4.017171908e-05	9.445707365e+01
4.118489205e-05	9.675957818e+01
4.222361832e-05	9.911821935e+01
4.328854235e-05	1.015343411e+02
4.438032489e-05	1.040093531e+02
4.549964333e-05	1.065446807e+02
4.664719215e-05	1.091418360e+02
4.782368337e-05	1.118022603e+02
4.902984693e-05	1.145274838e+02
5.026643120e-05	1.173191161e+02
5.153420343e-05	1.201787984e+02
5.283395020e-05	1.231081943e+02
5.416647796e-05	1.261089778e+02
5.553261346e-05	1.291828480e+02
5.693320434e-05	1.323315776e+02
5.836911959e-05	1.355570797e+02
5.984125014e-05	1.388611408e+02
6.135050936e-05	1.422457639e+02
6.289783369e-05	1.457127904e+02
6.448418316e-05	1.492643455e+02
6.611054204e-05	1.529022922e+02
6.777791939e-05	1.566289782e+02
6.948734976e-05	1.604463653e+02
7.123989375e-05	1.643568119e+02
7.303663875e-05	1.683625157e+02
7.487869954e-05	1.724658437e+02
7.676721905e-05	1.766689540e+02
7.870336900e-05	1.809745448e+02
8.068835068e-05	1.853849239e+02
8.272339569e-05	1.899027503e+02
8.480976668e-05	1.945305699e+02
8.694875813e-05	1.992712084e+02
8.914169720e-05	2.041270221e+02
9.138994449e-05	2.091011664e+02
9.369489495e-05	2.141964193e+02
9.605797868e-05	2.194157450e+02
9.848066186e-05	2.247622041e+02
1.009644477e-04	2.302387186e+02
1.035108771e-04	2.358484362e+02
1.061215303e-04	2.415945581e+02
1.087980268e-04	2.474807018e+02
1.115420274e-04	2.535099873e+02
1.143552345e-04	2.596861030e+02
1.172393938e-04	2.660124157e+02
1.201962945e-04	2.724924563e+02
1.232277714e-04	2.791301288e+02
1.263357053e-04	2.859292383e+02
1.295220245e-04	2.928936835e+02
1.327887061e-04	3.000275380e+02
1.361377769e-04	3.073347464e+02
1.395713147e-04	3.148194957e+02
1.430914499e-04	3.224861652e+02
1.467003667e-04	3.303390640e+02
1.504003041e-04	3.383828362e+02
1.541935579e-04	3.466219094e+02
1.580824815e-04	3.550612796e+02
1.620694878e-04	3.637052245e+02
1.661570506e-04	3.725590066e+02
1.703477061e-04	3.816277858e+02
1.746440543e-04	3.909166265e+02
1.790487609e-04	4.004308697e+02
1.835645588e-04	4.101758007e+02
1.881942499e-04	4.201570588e+02
1.929407067e-04	4.303799888e+02
1.978068741e-04	4.408508157e+02
2.027957714e-04	4.515752760e+02
2.079104939e-04	4.625595467e+02
2.131542151e-04	4.738098252e+02
2.185301884e-04	4.853322904e+02
2.240417495e-04	4.971332670e+02
2.296923179e-04	5.092197026e+02
2.354853995e-04	5.215983935e+02
2.414245888e-04	5.342762590e+02
2.475135707e-04	5.472604847e+02
2.537561231e-04	5.605581222e+02
2.601561192e-04	5.741763407e+02
2.667175300e-04	5.881231301e+02
2.734444264e-04	6.024061993e+02
2.803409823e-04	6.170333610e+02
2.874114765e-04	6.320129882e+02
2.946602960e-04	6.473529111e+02
3.020919384e-04	6.630614966e+02
3.097110146e-04	6.791477740e+02
3.175222519e-04	6.956203029e+02
3.255304968e-04	7.124884627e+02
3.337407181e-04	7.297611960e+02
3.421580098e-04	7.474480425e+02
3.507875944e-04	7.655578554e+02
3.596348262e-04	7.841008458e+02
3.687051945e-04	8.030874609e+02
3.780043270e-04	8.225274159e+02
3.875379935e-04	8.424315257e+02
3.973121090e-04	8.628102507e+02
4.073327380e-04	8.836732542e+02
4.176060977e-04	9.050327996e+02
4.281385624e-04	9.268998556e+02
4.389366670e-04	9.492859060e+02
4.500071111e-04	9.722029172e+02
4.613567634e-04	9.956623910e+02
4.729926659e-04	1.019675833e+03
4.849220380e-04	1.044256087e+03
4.971522815e-04	1.069416057e+03
5.096909846e-04	1.095168647e+03
5.225459269e-04	1.121526610e+03
5.357250844e-04	1.148503601e+03
5.492366341e-04	1.176111860e+03
5.630889593e-04	1.204365473e+03
5.772906546e-04	1.233279109e+03
5.918505317e-04	1.262866647e+03
6.067776242e-04	1.293143184e+03
6.220811936e-04	1.324123058e+03
6.377707351e-04	1.355819857e+03
6.538559834e-04	1.388248944e+03
6.703469185e-04	1.421426986e+03
6.872537724e-04	1.455369163e+03
7.045870349e-04	1.490091650e+03
7.223574604e-04	1.525610406e+03
7.405760748e-04	1.561940367e+03
7.592541818e-04	1.599097995e+03
7.784033703e-04	1.637101229e+03
7.980355214e-04	1.675967388e+03
8.181628160e-04	1.715713443e+03
8.387977422e-04	1.756357192e+03
8.599531028e-04	1.797914834e+03
8.816420239e-04	1.840402270e+03
9.038779624e-04	1.883840677e+03
9.266747146e-04	1.928248028e+03
9.500464249e-04	1.973642909e+03
9.740075943e-04	2.020043892e+03
9.985730895e-04	2.067468395e+03
1.023758152e-03	2.115932178e+03
1.049578409e-03	2.165458131e+03
1.076049880e-03	2.216065676e+03
1.103188989e-03	2.267773554e+03
1.131012574e-03	2.320601833e+03
1.159537900e-03	2.374568368e+03
1.188782665e-03	2.429686986e+03
1.218765013e-03	2.485983671e+03
1.249503548e-03	2.543476073e+03
1.281017340e-03	2.602186007e+03
1.313325944e-03	2.662130636e+03
1.346449405e-03	2.723332030e+03
1.380408274e-03	2.785796114e+03
1.415223622e-03	2.849553426e+03
1.450917049e-03	2.914621340e+03
1.487510702e-03	2.981019118e+03
1.525027285e-03	3.048765011e+03
1.563490076e-03	3.117872525e+03
1.602922939e-03	3.188351776e+03
1.643350340e-03	3.260230095e+03
1.684797363e-03	3.333525506e+03
1.727289723e-03	3.408257735e+03
1.770853786e-03	3.484440394e+03
1.815516579e-03	3.562089669e+03
1.861305816e-03	3.641207595e+03
1.908249905e-03	3.721817979e+03
1.956377973e-03	3.803939372e+03
2.005719882e-03	3.887584871e+03
2.056306245e-03	3.972765908e+03
2.108168450e-03	4.059494995e+03
2.161338674e-03	4.147768070e+03
2.215849907e-03	4.237602460e+03
2.271735971e-03	4.329013793e+03
2.329031539e-03	4.422010169e+03
2.387772163e-03	4.516598324e+03
2.447994286e-03	4.612784247e+03
2.509735275e-03	4.710556719e+03
2.573033437e-03	4.809919398e+03
2.637928044e-03	4.910887602e+03
2.704459362e-03	5.013461945e+03
2.772668670e-03	5.117641188e+03
2.842598288e-03	5.223422250e+03
2.914291604e-03	5.330783469e+03
2.987793102e-03	5.439712531e+03
3.063148384e-03	5.550221488e+03
3.140404206e-03	5.662300472e+03
3.219608500e-03	5.775936906e+03
3.300810411e-03	5.891116293e+03
3.384060319e-03	6.007805292e+03
3.469409877e-03	6.125965483e+03
3.556912040e-03	6.245607010e+03
3.646621100e-03	6.366706131e+03
3.738592717e-03	6.489235215e+03
3.832883955e-03	6.613164860e+03
3.929553317e-03	6.738448401e+03
4.028660782e-03	6.865011113e+03
4.130267841e-03	6.992863023e+03
4.234437537e-03	7.121961643e+03
4.341234502e-03	7.252261512e+03
4.450724999e-03	7.383714142e+03
4.562976961e-03	7.516260331e+03
4.678060036e-03	7.649775538e+03
4.796045627e-03	7.784271261e+03
4.917006939e-03	7.919682505e+03
5.041019022e-03	8.055942849e+03
5.168158820e-03	8.192979472e+03
5.298505217e-03	8.330716399e+03
5.432139088e-03	8.468973574e+03
5.569143345e-03	8.607762565e+03
5.709602993e-03	8.746995158e+03
5.853605182e-03	8.886602949e+03
6.001239257e-03	9.026482997e+03
6.152596819e-03	9.166430422e+03
6.307771777e-03	9.306290922e+03
6.466860411e-03	9.446059534e+03
6.629961427e-03	9.585621129e+03
6.797176023e-03	9.724861731e+03
6.968607946e-03	9.863657073e+03
7.144363563e-03	1.000185613e+04
7.324551921e-03	1.013920722e+04
7.509284819e-03	1.027563347e+04
7.698676875e-03	1.041101348e+04
7.892845597e-03	1.054519278e+04
8.091911459e-03	1.067800439e+04
8.295997971e-03	1.080928228e+04
8.505231759e-03	1.093873693e+04
8.719742643e-03	1.106623172e+04
8.939663717e-03	1.119163349e+04
9.165131432e-03	1.131475905e+04
9.396285680e-03	1.143540124e+04
9.633269881e-03	1.155335772e+04
9.876231072e-03	1.166830633e+04
1.012532000e-02	1.178003644e+04
1.038069121e-02	1.188841952e+04
1.064250316e-02	1.199323729e+04
1.091091827e-02	1.209425545e+04
1.118610310e-02	1.219122957e+04
1.146822837e-02	1.228383466e+04
1.175746915e-02	1.237177259e+04
1.205400488e-02	1.245491780e+04
1.235801955e-02	1.253303344e+04
1.266970179e-02	1.260587060e+04
1.298924499e-02	1.267316428e+04
1.331684740e-02	1.273459271e+04
1.365271229e-02	1.278976354e+04
1.399704804e-02	1.283863594e+04
1.435006830e-02	1.288092860e+04
1.471199211e-02	1.291639839e+04
1.508304401e-02	1.294479884e+04
1.546345423e-02	1.296584364e+04
1.585345880e-02	1.297911603e+04
1.625329970e-02	1.298462455e+04
1.666322500e-02	1.298212493e+04
1.708348905e-02	1.297145789e+04
1.751435259e-02	1.295238969e+04
1.795608298e-02	1.292476767e+04
1.840895426e-02	1.288817721e+04
1.887324744e-02	1.284275472e+04
1.934925057e-02	1.278837618e+04
1.983725901e-02	1.272497780e+04
2.033757553e-02	1.265250430e+04
2.085051056e-02	1.257090606e+04
2.137638235e-02	1.247997237e+04
2.191551718e-02	1.238002344e+04
2.246824956e-02	1.227111560e+04
2.303492243e-02	1.215335018e+04
2.361588738e-02	1.202697767e+04
2.421150488e-02	1.189212327e+04
2.482214448e-02	1.174897973e+04
2.544818506e-02	1.159797807e+04
2.609001503e-02	1.143947102e+04
2.674803263e-02	1.127395739e+04
2.742264613e-02	1.110182249e+04
2.811427409e-02	1.092359637e+04
2.882334563e-02	1.073982847e+04
2.955030070e-02	1.055120281e+04
3.029559034e-02	1.035834035e+04
3.105967697e-02	1.016197315e+04
3.184303467e-02	9.962813911e+03
3.264614947e-02	9.761610875e+03
3.346951968e-02	9.559210385e+03
3.431365614e-02	9.356508078e+03
3.517908261e-02	9.154220592e+03
3.606633605e-02	8.953141977e+03
3.697596695e-02	8.754131141e+03
3.790853970e-02	8.557921628e+03
3.886463292e-02	8.365255140e+03
3.984483981e-02	8.176890050e+03
4.084976855e-02	7.993490831e+03
4.188004264e-02	7.815612740e+03
4.293630134e-02	7.643783137e+03
4.401919999e-02	7.478384045e+03
4.512941047e-02	7.319693894e+03
4.626762164e-02	7.167871917e+03
4.743453969e-02	7.022925262e+03
4.863088863e-02	6.884660264e+03
4.985741076e-02	6.752759883e+03
5.111486706e-02	6.627351901e+03
5.240403773e-02	6.507425116e+03
5.372572264e-02	6.391952661e+03
5.508074183e-02	6.280800911e+03
5.646993603e-02	6.172260147e+03
5.789416717e-02	6.065587927e+03
5.935431892e-02	5.959242892e+03
6.085129723e-02	5.852168127e+03
6.238603090e-02	5.742857685e+03
6.395947217e-02	5.630068258e+03
6.557259728e-02	5.512469563e+03
6.722640710e-02	5.389159817e+03
6.892192775e-02	5.259322913e+03
7.066021121e-02	5.122366260e+03
7.244233600e-02	4.977971682e+03
7.426940785e-02	4.826146942e+03
7.614256038e-02	4.667766261e+03
7.806295578e-02	4.503801492e+03
8.003178557e-02	4.335652439e+03
8.205027132e-02	4.165051258e+03
8.411966540e-02	3.993947034e+03
8.624125178e-02	3.824887191e+03
8.841634679e-02	3.660657793e+03
9.064629999e-02	3.503165684e+03
9.293249494e-02	3.354269909e+03
9.527635014e-02	3.215428413e+03
9.767931983e-02	3.087641962e+03
1.001428949e-01	2.971452253e+03
1.026686040e-01	2.867770207e+03
1.052580141e-01	2.778328909e+03
1.079127319e-01	2.698438426e+03
1.106344044e-01	2.626378029e+03
1.134247203e-01	2.560312364e+03
1.162854110e-01	2.498479484e+03
1.192182513e-01	2.437354615e+03
1.222250609e-01	2.373493533e+03
1.253077054e-01	2.305332439e+03
1.284680974e-01	2.231502490e+03
1.317081979e-01	2.149260973e+03
1.350300170e-01	2.060716422e+03
1.384356160e-01	1.967565391e+03
1.419271077e-01	1.871250085e+03
1.455066586e-01	1.775281464e+03
1.491764894e-01	1.683911524e+03
1.529388773e-01	1.598379072e+03
1.567961565e-01	1.520130041e+03
1.607507204e-01	1.452924707e+03
1.648050225e-01	1.396774142e+03
1.689615784e-01	1.347693810e+03
1.732229670e-01	1.304317402e+03
1.775918323e-01	1.265074290e+03
1.820708849e-01	1.225748528e+03
1.866629040e-01	1.183794904e+03
1.913707386e-01	1.138283408e+03
1.961973098e-01	1.088079428e+03
2.011456122e-01	1.034283684e+03
2.062187159e-01	9.803013620e+02
2.114197687e-01	9.278082171e+02
2.167519975e-01	8.789711702e+02
2.222187106e-01	8.377574849e+02
2.278233001e-01	8.014038798e+02
2.335692432e-01	7.691502014e+02
2.394601050e-01	7.401054768e+02
2.454995405e-01	7.122366325e+02
2.516912969e-01	6.829080302e+02
2.580392160e-01	6.520392645e+02
2.645472362e-01	6.196659301e+02
2.712193956e-01	5.874523983e+02
2.780598338e-01	5.572256150e+02
2.850727951e-01	5.294948892e+02
2.922626306e-01	5.046176621e+02
2.996338013e-01	4.828073008e+02
3.071908807e-01	4.619980986e+02
3.149385576e-01	4.411708803e+02
3.228816390e-01	4.200598136e+02
3.310250533e-01	3.986511061e+02
3.393738531e-01	3.783159531e+02
3.479332183e-01	3.594275393e+02
3.567084598e-01	3.419810455e+02
3.657050221e-01	3.257611448e+02
3.749284871e-01	3.103022087e+02
3.843845776e-01	2.951043823e+02
3.940791607e-01	2.802351735e+02
4.040182513e-01	2.659616600e+02
4.142080162e-01	2.525074081e+02
4.246547777e-01	2.398967380e+02
4.353650176e-01	2.279670033e+02
4.463453809e-01	2.165269793e+02
4.576026805e-01	2.054852514e+02
4.691439011e-01	1.948888625e+02
4.809762034e-01	1.848673396e+02
4.931069287e-01	1.754228290e+02
5.055436038e-01	1.664616606e+02
5.182939448e-01	1.578632329e+02
5.313658628e-01	1.496376233e+02
5.447674684e-01	1.418205770e+02
5.585070765e-01	1.343995278e+02
5.725932120e-01	1.274008074e+02
5.870346146e-01	1.207116616e+02
6.018402446e-01	1.143190099e+02
6.170192881e-01	1.082849352e+02
6.325811631e-01	1.025449290e+02
6.485355249e-01	9.709058603e+01
6.648922724e-01	9.190414351e+01
6.816615544e-01	8.699353313e+01
6.988537752e-01	8.231473905e+01
7.164796020e-01	7.789428327e+01
7.345499706e-01	7.369523271e+01
7.530760929e-01	6.970689441e+01
7.720694635e-01	6.592136599e+01
7.915418668e-01	6.233352672e+01
8.115053846e-01	5.893834834e+01
8.319724034e-01	5.571823561e+01
8.529556218e-01	5.266474082e+01
8.744680591e-01	4.977048441e+01
8.965230626e-01	4.702833531e+01
9.191343166e-01	4.443078270e+01
9.423158501e-01	4.197075239e+01
9.660820462e-01	3.964492947e+01
9.904476508e-01	3.744235150e+01
1.015427782e+00	3.535721287e+01
1.041037937e+00	3.338316982e+01
1.067294008e+00	3.151444366e+01
1.094212285e+00	2.974582066e+01
1.121809469e+00	2.807207312e+01
1.150102683e+00	2.648933425e+01
1.179109481e+00	2.499553819e+01
1.208847862e+00	2.358255425e+01
1.239336275e+00	2.224626367e+01
1.270593639e+00	2.098242677e+01
1.302639346e+00	1.978742573e+01
1.335493279e+00	1.865783290e+01
1.369175823e+00	1.759275144e+01
1.403707877e+00	1.658627377e+01
1.439110865e+00	1.563532489e+01
1.475406753e+00	1.473689707e+01
1.512618062e+00	1.388818377e+01
1.550767880e+00	1.308627881e+01
1.589879876e+00	1.233072846e+01
1.629978317e+00	1.161771838e+01
1.671088083e+00	1.094437986e+01
1.713234681e+00	1.030881953e+01
1.756444261e+00	9.708760866e+00
1.800743631e+00	9.142484992e+00
1.846160278e+00	8.609057023e+00
1.892722381e+00	8.106148370e+00
1.940458828e+00	7.631742776e+00
1.989399239e+00	7.184202692e+00
2.039573979e+00	6.761969619e+00
2.091014179e+00	6.363706060e+00
2.143751754e+00	5.988758244e+00
2.197819426e+00	5.635691176e+00
2.253250742e+00	5.302786046e+00
2.310080094e+00	4.988953250e+00
2.368342742e+00	4.693114157e+00
2.428074835e+00	4.414296504e+00
2.489313435e+00	4.151844588e+00
2.552096536e+00	3.904937096e+00
2.616463093e+00	3.672309881e+00
2.682453042e+00	3.453126176e+00
2.750107327e+00	3.246660059e+00
2.819467925e+00	3.052164614e+00
2.890577869e+00	2.869167809e+00
2.963481281e+00	2.697164427e+00
3.038223394e+00	2.535200356e+00
3.114850581e+00	2.382705331e+00
3.193410386e+00	2.239120745e+00
3.273951553e+00	2.103956694e+00
3.356524052e+00	1.976801820e+00
3.441179116e+00	1.857418808e+00
3.527969271e+00	1.745056144e+00
3.616948364e+00	1.639313285e+00
3.708171603e+00	1.539817573e+00
3.801695588e+00	1.446210829e+00
3.897578347e+00	1.358158479e+00
3.995879369e+00	1.275561974e+00
4.096659647e+00	1.197866840e+00
4.199981709e+00	1.124786071e+00
4.305909662e+00	1.056053752e+00
4.414509229e+00	9.914214982e-01
4.525847792e+00	9.306553562e-01
4.639994430e+00	8.736811756e-01
4.757019966e+00	8.201206492e-01
4.876997009e+00	7.697658601e-01
5.000000000e+00	7.224302163e-01
#################################
