Run parameters:
does_de_cluster=True
save_data=True
time_domain=True
number_of_points=50
varied_parameter=trans_z
varied_par_values=[0.1, 0.8, 2]
init_value=-0.5
final_value=-0.9
n_samples=3

Cosmological parameters:
omega_matter_now=0.3
omega_rad_now=0
hubble_constant_standard_units=67
scale_at_lss=0.0009165902841429881
a_min=1e-10
a_max=1
min_redshift=0
max_redshift=20
spectral_index=1
sigma8=0.85

Dark energy eos parameters:
selected_de_eos=de_eos_2
w_i=-0.4
w_f=-1
trans_steepness=5
trans_z=0.1,0.8,2
w=-1
c_eff_value=0

Precision parameters:
virialization_scale_tol=1.0e-06
turn_around_scale_tol=1.0e-06
a_ini=1.0e-10
nonlinear_perturbations_atol=1.0e-10
nonlinear_perturbations_rtol=1.0e-08
growth_factor_atol=1.0e-10
growth_factor_rtol=1.0e-08
dark_density_evolution_atol=1.0e-10
dark_density_evolution_rtol=1.0e-08
dark_density_evolution_max_step=1.0e-03
friedmann_atol=1.0e-10
friedmann_rtol=1.0e-08
friedmann_max_stepsize=1.0e-03
exact_decimals=5.0e+00
numerical_infty=1.0e+11
normalization_integrand_atol=1.0e-08
normalization_integrand_rtol=1.0e-06
mass_variance_filtered_spectrum_atol=1.0e-06
mass_variance_filtered_spectrum_rtol=1.0e-04
log_der_of_log_sigma_atol=1.0e-06
log_der_of_log_sigma_rtol=1.0e-04

*********************************
9.165902841e-04	9.191584399e-04
1.605982385e-03	1.610126453e-03
2.250972551e-03	2.256385571e-03
3.156208580e-03	3.163004338e-03
4.275979790e-03	4.283788202e-03
5.628782831e-03	5.636717758e-03
7.234830932e-03	7.241271064e-03
9.116780019e-03	9.119084533e-03
1.129891422e-02	1.129306024e-02
1.380697735e-02	1.378710669e-02
1.666838860e-02	1.662624630e-02
1.991194828e-02	1.983619829e-02
2.356870771e-02	2.344409414e-02
2.767152942e-02	2.747786946e-02
3.225547075e-02	3.196644506e-02
3.735803168e-02	3.693974050e-02
4.301949174e-02	4.242873749e-02
4.928356813e-02	4.846580832e-02
5.619700370e-02	5.508396203e-02
6.381060776e-02	6.231744246e-02
7.217938820e-02	7.020138558e-02
8.136259974e-02	7.877134538e-02
9.142532916e-02	8.806418322e-02
1.024381382e-01	9.811704857e-02
1.144783322e-01	1.089677848e-01
1.276279918e-01	1.206523374e-01
1.419805789e-01	1.332097210e-01
1.576396971e-01	1.466796904e-01
1.747148898e-01	1.610979653e-01
1.933291362e-01	1.765014265e-01
2.136059324e-01	1.929161905e-01
2.357061427e-01	2.103860229e-01
2.598117487e-01	2.289560331e-01
2.860558615e-01	2.486184766e-01
3.146990106e-01	2.694443515e-01
3.459184432e-01	2.914232229e-01
3.799946033e-01	3.145978771e-01
4.171935737e-01	3.389769000e-01
4.578358195e-01	3.645797926e-01
5.022920724e-01	3.914289127e-01
5.509797960e-01	4.195426071e-01
6.044455795e-01	4.489754773e-01
6.637497642e-01	4.799996922e-01
7.171248749e-01	5.065796458e-01
7.558413708e-01	5.251206684e-01
7.865677656e-01	5.394176899e-01
8.113173075e-01	5.506757666e-01
8.319396669e-01	5.598856651e-01
8.496327536e-01	5.676656238e-01
8.673258402e-01	5.753333980e-01
8.836112086e-01	5.822900245e-01
8.947321270e-01	5.869823362e-01
9.058530454e-01	5.916241035e-01
9.164447088e-01	5.959941451e-01
9.275345900e-01	6.005119321e-01
9.378134063e-01	6.046425923e-01
9.478921629e-01	6.086372776e-01
9.593633477e-01	6.131152444e-01
9.745602300e-01	6.189344067e-01
9.896985409e-01	6.246036873e-01
1.000000000e+00	6.283896574e-01
#################################
9.165902841e-04	9.172316496e-04
1.833294711e-03	1.834404891e-03
2.752453208e-03	2.753848063e-03
3.985522434e-03	3.986975486e-03
5.531351798e-03	5.532313848e-03
7.426002601e-03	7.425450074e-03
9.706921482e-03	9.703133156e-03
1.241404101e-02	1.240430330e-02
1.558970196e-02	1.556992669e-02
1.927877852e-02	1.924301432e-02
2.352878069e-02	2.346859642e-02
2.839012088e-02	2.829383506e-02
3.391666763e-02	3.376839104e-02
4.016559874e-02	3.994406061e-02
4.719799142e-02	4.687510384e-02
5.507922445e-02	5.461833843e-02
6.387857932e-02	6.323239680e-02
7.367173369e-02	7.277975577e-02
8.453799463e-02	8.332355212e-02
9.656484512e-02	9.493145323e-02
1.098446977e-01	1.076718577e-01
1.244788161e-01	1.216169387e-01
1.405769602e-01	1.368414180e-01
1.582601147e-01	1.534241312e-01
1.776653785e-01	1.714513397e-01
1.989525415e-01	1.910211550e-01
2.223244955e-01	2.122598171e-01
2.480729748e-01	2.353587419e-01
2.767154839e-01	2.606872313e-01
3.093949132e-01	2.891177158e-01
3.426856574e-01	3.175721572e-01
3.724750158e-01	3.426028725e-01
4.022643742e-01	3.672279430e-01
4.303149733e-01	3.900431223e-01
4.581209419e-01	4.122965453e-01
4.847970457e-01	4.332947288e-01
5.070186200e-01	4.505108423e-01
5.292401942e-01	4.674602539e-01
5.503474698e-01	4.832949938e-01
5.723286907e-01	4.994897537e-01
5.939496642e-01	5.151022159e-01
6.155706377e-01	5.303782199e-01
6.356874061e-01	5.442718433e-01
6.556504924e-01	5.577412684e-01
6.764759360e-01	5.714439821e-01
6.990678395e-01	5.858973531e-01
7.248534094e-01	6.018630318e-01
7.585661009e-01	6.218791766e-01
7.883776788e-01	6.387738344e-01
8.181892566e-01	6.549242050e-01
8.474941674e-01	6.700904534e-01
8.771689984e-01	6.847507525e-01
9.075534754e-01	6.990577583e-01
9.389072268e-01	7.131018818e-01
9.713999208e-01	7.269170874e-01
1.000000000e+00	7.384817438e-01
#################################
9.165902841e-04	9.172316496e-04
1.833215235e-03	1.834392723e-03
2.730884579e-03	2.732526027e-03
4.176267070e-03	4.178493309e-03
6.068867664e-03	6.071525755e-03
8.466022378e-03	8.468640235e-03
1.142789959e-02	1.142949931e-02
1.502192966e-02	1.502076904e-02
1.932050398e-02	1.931372586e-02
2.440086049e-02	2.438402780e-02
3.034568665e-02	3.031217474e-02
3.724339376e-02	3.718360651e-02
4.518917296e-02	4.508953931e-02
5.428635000e-02	5.412804555e-02
6.465007403e-02	6.440737892e-02
7.641326331e-02	7.605141750e-02
8.974463182e-02	8.921683878e-02
1.048888535e-01	1.041316057e-01
1.222801694e-01	1.212043056e-01
1.428052810e-01	1.412756663e-01
1.656071105e-01	1.634722349e-01
1.861430245e-01	1.833695262e-01
2.052623378e-01	2.018123804e-01
2.238457878e-01	2.196602043e-01
2.426665257e-01	2.376541683e-01
2.632804326e-01	2.572626860e-01
2.814145267e-01	2.744195259e-01
2.995486208e-01	2.914813474e-01
3.171548769e-01	3.079461021e-01
3.362498246e-01	3.256779697e-01
3.525484677e-01	3.406980760e-01
3.688471107e-01	3.556002526e-01
3.843348500e-01	3.696409071e-01
3.996353675e-01	3.833866257e-01
4.153215537e-01	3.973392658e-01
4.318735216e-01	4.118975121e-01
4.499006842e-01	4.275478232e-01
4.705784374e-01	4.452179972e-01
4.953530219e-01	4.659676775e-01
5.176076256e-01	4.841924428e-01
5.398622292e-01	5.020061590e-01
5.616231716e-01	5.190125613e-01
5.834582580e-01	5.356554210e-01
6.056584736e-01	5.521341962e-01
6.284046816e-01	5.685481849e-01
6.518329640e-01	5.849517712e-01
6.760582615e-01	6.013743202e-01
7.011872400e-01	6.178304571e-01
7.273185884e-01	6.343210801e-01
7.545598269e-01	6.508443877e-01
7.830079732e-01	6.673840344e-01
8.127729869e-01	6.839236265e-01
8.439842466e-01	7.004490124e-01
8.767204194e-01	7.169121419e-01
9.111363022e-01	7.332975301e-01
9.474414720e-01	7.496038965e-01
9.857433602e-01	7.657739497e-01
1.000000000e+00	7.715338836e-01
#################################
