# Matter power spectrum P(k) at redshift z=0
# for k=1.03331e-05 to 30.2557 h/Mpc,
# number of wavenumbers equal to 1162
#    1:k (h/Mpc)              2:P (Mpc/h)^3        
       1.033310873110e-05       4.910144284947e+01 
       1.045276049101e-05       4.965112931661e+01 
       1.057379775301e-05       5.020697729368e+01 
       1.069623656044e-05       5.076905753195e+01 
       1.082009314245e-05       5.133742165526e+01 
       1.094538391608e-05       5.191214610860e+01 
       1.107212548849e-05       5.249327969273e+01 
       1.120033465915e-05       5.308098666772e+01 
       1.133002842203e-05       5.367523268119e+01 
       1.146122396790e-05       5.427612487658e+01 
       1.159393868660e-05       5.488375888527e+01 
       1.172819016932e-05       5.549820077947e+01 
       1.186399621093e-05       5.611949451223e+01 
       1.200137481240e-05       5.674776503015e+01 
       1.214034418309e-05       5.738308194984e+01 
       1.228092274326e-05       5.802547577049e+01 
       1.242312912644e-05       5.867511868274e+01 
       1.256698218192e-05       5.933197617125e+01 
       1.271250097728e-05       5.999616684005e+01 
       1.285970480088e-05       6.066782984068e+01 
       1.300861316441e-05       6.134700537473e+01 
       1.315924580554e-05       6.203380379445e+01 
       1.331162269044e-05       6.272825819803e+01 
       1.346576401651e-05       6.343056815683e+01 
       1.362169021501e-05       6.414060585284e+01 
       1.377942195380e-05       6.485868268400e+01 
       1.393898014004e-05       6.558479563064e+01 
       1.410038592300e-05       6.631901941259e+01 
       1.426366069684e-05       6.706145918019e+01 
       1.442882610346e-05       6.781222679414e+01 
       1.459590403535e-05       6.857138882685e+01 
       1.476491663851e-05       6.933905113150e+01 
       1.493588631537e-05       7.011534624854e+01 
       1.510883572779e-05       7.090024611524e+01 
       1.528378780002e-05       7.169399635536e+01 
       1.546076572177e-05       7.249662256210e+01 
       1.563979295127e-05       7.330828744054e+01 
       1.582089321838e-05       7.412892904579e+01 
       1.600409052776e-05       7.495880284156e+01 
       1.618940916200e-05       7.579795494786e+01 
       1.637687368488e-05       7.664652361877e+01 
       1.656650894464e-05       7.750457422819e+01 
       1.675834007721e-05       7.837226828503e+01 
       1.695239250960e-05       7.924963434906e+01 
       1.714869196326e-05       8.013686724335e+01 
       1.734726445747e-05       8.103397999179e+01 
       1.754813631279e-05       8.194113805268e+01 
       1.775133415457e-05       8.285846219307e+01 
       1.795688491646e-05       8.378605692313e+01 
       1.816481584400e-05       8.472408264225e+01 
       1.837515449821e-05       8.567252716701e+01 
       1.858792875924e-05       8.663163070447e+01 
       1.880316683009e-05       8.760146510288e+01 
       1.902089724034e-05       8.858217319782e+01 
       1.924114884992e-05       8.957384402322e+01 
       1.946395085294e-05       9.057670396087e+01 
       1.968933278155e-05       9.159065125726e+01 
       1.991732450991e-05       9.261596813047e+01 
       2.014795625805e-05       9.365284868588e+01 
       2.038125859597e-05       9.470127797753e+01 
       2.061726244764e-05       9.576140830219e+01 
       2.085599909512e-05       9.683345709291e+01 
       2.109750018268e-05       9.791750966498e+01 
       2.134179772105e-05       9.901371839879e+01 
       2.158892409158e-05       1.001221732241e+02 
       2.183891205062e-05       1.012430328084e+02 
       2.209179473380e-05       1.023763872333e+02 
       2.234760566044e-05       1.035225305355e+02 
       2.260637873800e-05       1.046813986195e+02 
       2.286814826658e-05       1.058533301161e+02 
       2.313294894344e-05       1.070383429006e+02 
       2.340081586763e-05       1.082365940208e+02 
       2.367178454461e-05       1.094483282359e+02 
       2.394589089099e-05       1.106735298013e+02 
       2.422317123928e-05       1.119125125622e+02 
       2.450366234267e-05       1.131653525071e+02 
       2.478740137997e-05       1.144322375151e+02 
       2.507442596047e-05       1.157132691067e+02 
       2.536477412897e-05       1.170086492628e+02 
       2.565848437081e-05       1.183185540299e+02 
       2.595559561696e-05       1.196431460276e+02 
       2.625614724920e-05       1.209824725540e+02 
       2.656017910531e-05       1.223368790562e+02 
       2.686773148440e-05       1.237063922854e+02 
       2.717884515219e-05       1.250912713469e+02 
       2.749356134646e-05       1.264916319674e+02 
       2.781192178252e-05       1.279076569259e+02 
       2.813396865868e-05       1.293395640689e+02 
       2.845974466191e-05       1.307874434285e+02 
       2.878929297347e-05       1.322515675957e+02 
       2.912265727463e-05       1.337320810058e+02 
       2.945988175247e-05       1.352291663348e+02 
       2.980101110573e-05       1.367429882734e+02 
       3.014609055072e-05       1.382737784694e+02 
       3.049516582737e-05       1.398217032364e+02 
       3.084828320522e-05       1.413869529542e+02 
       3.120548948959e-05       1.429697227981e+02 
       3.156683202779e-05       1.445702633203e+02 
       3.193235871539e-05       1.461886715890e+02 
       3.230211800254e-05       1.478252997070e+02 
       3.267615890045e-05       1.494800238072e+02 
       3.305453098783e-05       1.511533735759e+02 
       3.343728441748e-05       1.528454556205e+02 
       3.382446992297e-05       1.545564789287e+02 
       3.421613882531e-05       1.562866632869e+02 
       3.461234303979e-05       1.580361646538e+02 
       3.501313508284e-05       1.598053264681e+02 
       3.541856807903e-05       1.615942143090e+02 
       3.582869576805e-05       1.634032181664e+02 
       3.624357251189e-05       1.652323964067e+02 
       3.666325330201e-05       1.670820804217e+02 
       3.708779376664e-05       1.689524533820e+02 
       3.751725017816e-05       1.708437636395e+02 
       3.795167946055e-05       1.727562322193e+02 
       3.839113919695e-05       1.746901306877e+02 
       3.883568763727e-05       1.766456568292e+02 
       3.928538370592e-05       1.786230735772e+02 
       3.974028700962e-05       1.806226125174e+02 
       4.020045784533e-05       1.826445170591e+02 
       4.066595720817e-05       1.846890765504e+02 
       4.113684679960e-05       1.867566709985e+02 
       4.161318903551e-05       1.888472407784e+02 
       4.209504705456e-05       1.909610705431e+02 
       4.258248472649e-05       1.930986785128e+02 
       4.307556666066e-05       1.952602411073e+02 
       4.357435821452e-05       1.974460290871e+02 
       4.407892550237e-05       1.996562312061e+02 
       4.458933540405e-05       2.018911336904e+02 
       4.510565557384e-05       2.041510889243e+02 
       4.562795444942e-05       2.064363503603e+02 
       4.615630126094e-05       2.087470897686e+02 
       4.669076604020e-05       2.110838951136e+02 
       4.723141962992e-05       2.134466934775e+02 
       4.777833369316e-05       2.158359749283e+02 
       4.833158072277e-05       2.182519145991e+02 
       4.889123405106e-05       2.206949274140e+02 
       4.945736785946e-05       2.231654221348e+02 
       5.003005718841e-05       2.256634480028e+02 
       5.060937794724e-05       2.281894298216e+02 
       5.119540692430e-05       2.307436225393e+02 
       5.178822179710e-05       2.333265211982e+02 
       5.238790114260e-05       2.359383783131e+02 
       5.299452444765e-05       2.385792074686e+02 
       5.360817211952e-05       2.412497434821e+02 
       5.422892549654e-05       2.439501389040e+02 
       5.485686685889e-05       2.466807737447e+02 
       5.549207943952e-05       2.494419155343e+02 
       5.613464743518e-05       2.522339136565e+02 
       5.678465601755e-05       2.550572795806e+02 
       5.744219134457e-05       2.579121736355e+02 
       5.810734057183e-05       2.607990133259e+02 
       5.878019186415e-05       2.637181570829e+02 
       5.946083440722e-05       2.666699664802e+02 
       6.014935841950e-05       2.696547877205e+02 
       6.084585516408e-05       2.726729807589e+02 
       6.155041696086e-05       2.757249868475e+02 
       6.226313719873e-05       2.788111434070e+02 
       6.298411034800e-05       2.819317638686e+02 
       6.371343197288e-05       2.850873375700e+02 
       6.445119874415e-05       2.882782106258e+02 
       6.519750845200e-05       2.915047771725e+02 
       6.595246001898e-05       2.947674422614e+02 
       6.671615351310e-05       2.980665906449e+02 
       6.748869016110e-05       3.014025002218e+02 
       6.827017236188e-05       3.047760689370e+02 
       6.906070370006e-05       3.081871515640e+02 
       6.986038895971e-05       3.116364267396e+02 
       7.066933413825e-05       3.151243418561e+02 
       7.148764646048e-05       3.186512313424e+02 
       7.231543439282e-05       3.222175370462e+02 
       7.315280765766e-05       3.258237169184e+02 
       7.399987724791e-05       3.294703064010e+02 
       7.485675544174e-05       3.331576101764e+02 
       7.572355581742e-05       3.368862238356e+02 
       7.660039326841e-05       3.406565225380e+02 
       7.748738401855e-05       3.444688940960e+02 
       7.838464563751e-05       3.483238761367e+02 
       7.929229705635e-05       3.522222584720e+02 
       8.021045858328e-05       3.561640487617e+02 
       8.113925191961e-05       3.601498333281e+02 
       8.207880017589e-05       3.641801130984e+02 
       8.302922788824e-05       3.682558438638e+02 
       8.399066103480e-05       3.723769486415e+02 
       8.496322705251e-05       3.765437557673e+02 
       8.594705485394e-05       3.807576228675e+02 
       8.694227484439e-05       3.850185595501e+02 
       8.794901893921e-05       3.893273120672e+02 
       8.896742058122e-05       3.936839190552e+02 
       8.999761475846e-05       3.980893194794e+02 
       9.103973802205e-05       4.025439776948e+02 
       9.209392850431e-05       4.070484182849e+02 
       9.316032593704e-05       4.116034987145e+02 
       9.423907167007e-05       4.162088896677e+02 
       9.533030868997e-05       4.208658864129e+02 
       9.643418163902e-05       4.255753858535e+02 
       9.755083683440e-05       4.303369865522e+02 
       9.868042228754e-05       4.351525981505e+02 
       9.982308772377e-05       4.400213117750e+02 
       1.009789846021e-04       4.449446013932e+02 
       1.021482661356e-04       4.499229590970e+02 
       1.033310873110e-04       4.549567733623e+02 
       1.045276049101e-04       4.600472411314e+02 
       1.057379775301e-04       4.651943529466e+02 
       1.069623656044e-04       4.703986034808e+02 
       1.082009314245e-04       4.756613524927e+02 
       1.094538391608e-04       4.809829904658e+02 
       1.107212548849e-04       4.863641582774e+02 
       1.120033465915e-04       4.918052883133e+02 
       1.133002842203e-04       4.973071847295e+02 
       1.146122396790e-04       5.028708277288e+02 
       1.159393868660e-04       5.084965490929e+02 
       1.172819016932e-04       5.141851030369e+02 
       1.186399621093e-04       5.199366961607e+02 
       1.200137481240e-04       5.257525276839e+02 
       1.214034418309e-04       5.316336398645e+02 
       1.228092274326e-04       5.375804267085e+02 
       1.242312912644e-04       5.435936198372e+02 
       1.256698218192e-04       5.496740407860e+02 
       1.271250097728e-04       5.558223388762e+02 
       1.285970480088e-04       5.620391661245e+02 
       1.300861316441e-04       5.683251737407e+02 
       1.315924580554e-04       5.746821046144e+02 
       1.331162269044e-04       5.811101998195e+02 
       1.346576401651e-04       5.876086252488e+02 
       1.362169021501e-04       5.941799239193e+02 
       1.377942195380e-04       6.008250197814e+02 
       1.393898014004e-04       6.075446985602e+02 
       1.410038592300e-04       6.143385912926e+02 
       1.426366069684e-04       6.212087288832e+02 
       1.442882610346e-04       6.281548924127e+02 
       1.459590403535e-04       6.351790885637e+02 
       1.476491663851e-04       6.422811080936e+02 
       1.493588631537e-04       6.493949034487e+02 
       1.510883572779e-04       6.566558602619e+02 
       1.528378780002e-04       6.639962440004e+02 
       1.546076572177e-04       6.714196626374e+02 
       1.563979295127e-04       6.789247286099e+02 
       1.582089321839e-04       6.865141212206e+02 
       1.600409052776e-04       6.941880666342e+02 
       1.618940916200e-04       7.019482228704e+02 
       1.637687368488e-04       7.097939512722e+02 
       1.656650894464e-04       7.177269074748e+02 
       1.675834007721e-04       7.257494128158e+02 
       1.695239250960e-04       7.338597586717e+02 
       1.714869196326e-04       7.420611927776e+02 
       1.734726445747e-04       7.503553067557e+02 
       1.754813631279e-04       7.587391566181e+02 
       1.775133415457e-04       7.672183916234e+02 
       1.795688491646e-04       7.757911826210e+02 
       1.816481584400e-04       7.844588933829e+02 
       1.837515449821e-04       7.932236598234e+02 
       1.858792875924e-04       8.020865354726e+02 
       1.880316683009e-04       8.110475826196e+02 
       1.902089724034e-04       8.201087299999e+02 
       1.924114884992e-04       8.292705899903e+02 
       1.946395085294e-04       8.385337315864e+02 
       1.968933278156e-04       8.478997062853e+02 
       1.991732450991e-04       8.573697268772e+02 
       2.014795625805e-04       8.669458092789e+02 
       2.038125859597e-04       8.766291086960e+02 
       2.061726244764e-04       8.864179792138e+02 
       2.085599909512e-04       8.963174038844e+02 
       2.109750018268e-04       9.063252997252e+02 
       2.134179772105e-04       9.164448607778e+02 
       2.158892409158e-04       9.266785187924e+02 
       2.183891205062e-04       9.370243282742e+02 
       2.209179473380e-04       9.474844557554e+02 
       2.234760566044e-04       9.580605689906e+02 
       2.260637873800e-04       9.687554939565e+02 
       2.286814826658e-04       9.795691850279e+02 
       2.313294894344e-04       9.905021561816e+02 
       2.340081586763e-04       1.001556303775e+03 
       2.367178454461e-04       1.012733124558e+03 
       2.394589089099e-04       1.024033195350e+03 
       2.422317123928e-04       1.035459744198e+03 
       2.450366234267e-04       1.047011798022e+03 
       2.478740137997e-04       1.058693484289e+03 
       2.507442596047e-04       1.070503019636e+03 
       2.536477412898e-04       1.082443852315e+03 
       2.565848437081e-04       1.094516777621e+03 
       2.595559561696e-04       1.106723543920e+03 
       2.625614724920e-04       1.119065339082e+03 
       2.656017910531e-04       1.131543795766e+03 
       2.686773148440e-04       1.144160413736e+03 
       2.717884515219e-04       1.156916692698e+03 
       2.749356134647e-04       1.169813604070e+03 
       2.781192178252e-04       1.182853842118e+03 
       2.813396865868e-04       1.196037672461e+03 
       2.845974466191e-04       1.209367093591e+03 
       2.878929297347e-04       1.222843791878e+03 
       2.912265727463e-04       1.236468893277e+03 
       2.945988175247e-04       1.250244726620e+03 
       2.980101110573e-04       1.264172929371e+03 
       3.014609055072e-04       1.278254181478e+03 
       3.049516582737e-04       1.292491323158e+03 
       3.084828320522e-04       1.306884832901e+03 
       3.120548948959e-04       1.321437944406e+03 
       3.156683202779e-04       1.336150059256e+03 
       3.193235871539e-04       1.351024892708e+03 
       3.230211800254e-04       1.366064130593e+03 
       3.267615890045e-04       1.381268294910e+03 
       3.305453098783e-04       1.396639030697e+03 
       3.343728441748e-04       1.412179337170e+03 
       3.382446992297e-04       1.427890884907e+03 
       3.421613882531e-04       1.443775527538e+03 
       3.461234303979e-04       1.459833744200e+03 
       3.501313508284e-04       1.476068156711e+03 
       3.541856807903e-04       1.492481959425e+03 
       3.582869576805e-04       1.509075104543e+03 
       3.624357251189e-04       1.525850274727e+03 
       3.666325330201e-04       1.542809368251e+03 
       3.708779376664e-04       1.559953437872e+03 
       3.751725017816e-04       1.577286745902e+03 
       3.795167946055e-04       1.594809391451e+03 
       3.839113919695e-04       1.612523400997e+03 
       3.883568763727e-04       1.630431466028e+03 
       3.928538370592e-04       1.648535507242e+03 
       3.974028700962e-04       1.666836497232e+03 
       4.020045784533e-04       1.685338239366e+03 
       4.066595720817e-04       1.704041358208e+03 
       4.113684679960e-04       1.722948937478e+03 
       4.161318903551e-04       1.742062912626e+03 
       4.209504705456e-04       1.761385958022e+03 
       4.258248472650e-04       1.780918804687e+03 
       4.307556666066e-04       1.800664190143e+03 
       4.357435821452e-04       1.820623942433e+03 
       4.407892550237e-04       1.840801360812e+03 
       4.458933540405e-04       1.861198743851e+03 
       4.510565557384e-04       1.881817273207e+03 
       4.562795444943e-04       1.902658934918e+03 
       4.615630126094e-04       1.923727620389e+03 
       4.669076604020e-04       1.945024200522e+03 
       4.723141962992e-04       1.966552410211e+03 
       4.777833369316e-04       1.988313191380e+03 
       4.833158072277e-04       2.010308503579e+03 
       4.889123405106e-04       2.032543036953e+03 
       4.945736785947e-04       2.055018535394e+03 
       5.003005718841e-04       2.077734906577e+03 
       5.060937794724e-04       2.100698624519e+03 
       5.119540692430e-04       2.123908018777e+03 
       5.178822179710e-04       2.147369828985e+03 
       5.238790114260e-04       2.171082877769e+03 
       5.299452444766e-04       2.195051579567e+03 
       5.360817211952e-04       2.219278016493e+03 
       5.422892549654e-04       2.243764158696e+03 
       5.485686685889e-04       2.268514430223e+03 
       5.549207943952e-04       2.293529560924e+03 
       5.613464743518e-04       2.318813318410e+03 
       5.678465601755e-04       2.344367804007e+03 
       5.744219134457e-04       2.370194719110e+03 
       5.810734057183e-04       2.396300066923e+03 
       5.878019186415e-04       2.422682578134e+03 
       5.946083440723e-04       2.449348716362e+03 
       6.014935841950e-04       2.476297676124e+03 
       6.084585516408e-04       2.503535082592e+03 
       6.155041696086e-04       2.531062263424e+03 
       6.226313719873e-04       2.558880793268e+03 
       6.298411034800e-04       2.586996523393e+03 
       6.371343197288e-04       2.615410467966e+03 
       6.445119874415e-04       2.644126904148e+03 
       6.519750845200e-04       2.673147250902e+03 
       6.595246001898e-04       2.702474099361e+03 
       6.671615351310e-04       2.732112993040e+03 
       6.748869016110e-04       2.762063711970e+03 
       6.827017236188e-04       2.792330109867e+03 
       6.906070370006e-04       2.822917932611e+03 
       6.986038895971e-04       2.853827130581e+03 
       7.066933413825e-04       2.885060645953e+03 
       7.148764646048e-04       2.916623087997e+03 
       7.231543439282e-04       2.948516642619e+03 
       7.315280765766e-04       2.980746349985e+03 
       7.399987724791e-04       3.013311840714e+03 
       7.485675544174e-04       3.046219797081e+03 
       7.572355581742e-04       3.079471346848e+03 
       7.660039326841e-04       3.113069001790e+03 
       7.748738401855e-04       3.147020106059e+03 
       7.838464563751e-04       3.181322950081e+03 
       7.929229705635e-04       3.215980765856e+03 
       8.021045858328e-04       3.251002419471e+03 
       8.113925191961e-04       3.286384127392e+03 
       8.207880017589e-04       3.322135473516e+03 
       8.302922788824e-04       3.358253997253e+03 
       8.399066103480e-04       3.394748162801e+03 
       8.496322705251e-04       3.431619633611e+03 
       8.594705485394e-04       3.468870036461e+03 
       8.694227484440e-04       3.506503478763e+03 
       8.794901893921e-04       3.544525115010e+03 
       8.896742058122e-04       3.582936453097e+03 
       8.999761475846e-04       3.621740483278e+03 
       9.103973802205e-04       3.660943702289e+03 
       9.209392850431e-04       3.700546675958e+03 
       9.316032593704e-04       3.740551814373e+03 
       9.423907167007e-04       3.780966194344e+03 
       9.533030868997e-04       3.821792036800e+03 
       9.643418163903e-04       3.863032244836e+03 
       9.755083683441e-04       3.904691240591e+03 
       9.868042228754e-04       3.946770877180e+03 
       9.982308772377e-04       3.989276867978e+03 
       1.009789846022e-03       4.032209716852e+03 
       1.021482661356e-03       4.075577697728e+03 
       1.033310873110e-03       4.119378984503e+03 
       1.045276049101e-03       4.163623149666e+03 
       1.057379775301e-03       4.208309432740e+03 
       1.069623656044e-03       4.253438682393e+03 
       1.082009314245e-03       4.299020428980e+03 
       1.094538391608e-03       4.345056917398e+03 
       1.107212548849e-03       4.391549223493e+03 
       1.120033465915e-03       4.438507709851e+03 
       1.133002842203e-03       4.485926396985e+03 
       1.146122396790e-03       4.533811352333e+03 
       1.159393868660e-03       4.582171453068e+03 
       1.172819016932e-03       4.631008303758e+03 
       1.186399621093e-03       4.680323232244e+03 
       1.200137481240e-03       4.730120210848e+03 
       1.214034418309e-03       4.780404560767e+03 
       1.228092274326e-03       4.831179092252e+03 
       1.242312912644e-03       4.882450603283e+03 
       1.256698218192e-03       4.934217861687e+03 
       1.271250097728e-03       4.986483753492e+03 
       1.285970480088e-03       5.039251285064e+03 
       1.300861316441e-03       5.092534615797e+03 
       1.315924580554e-03       5.146324466845e+03 
       1.331162269044e-03       5.200628207417e+03 
       1.346576401651e-03       5.255457234543e+03 
       1.362169021501e-03       5.310805544086e+03 
       1.377942195380e-03       5.366681998614e+03 
       1.393898014004e-03       5.423082767832e+03 
       1.410038592300e-03       5.480024562274e+03 
       1.426366069684e-03       5.537494098634e+03 
       1.442882610346e-03       5.595507547216e+03 
       1.459590403535e-03       5.654070415109e+03 
       1.476491663851e-03       5.713176179926e+03 
       1.493588631537e-03       5.772825507386e+03 
       1.510883572779e-03       5.833040086409e+03 
       1.528378780003e-03       5.893801513166e+03 
       1.546076572177e-03       5.955123951215e+03 
       1.563979295127e-03       6.017007971871e+03 
       1.582089321839e-03       6.079463345486e+03 
       1.600409052776e-03       6.142484132490e+03 
       1.618940916200e-03       6.206081215791e+03 
       1.637687368488e-03       6.270253756430e+03 
       1.656650894464e-03       6.335006784616e+03 
       1.675834007721e-03       6.400344558372e+03 
       1.695239250960e-03       6.466271028720e+03 
       1.714869196326e-03       6.532784817127e+03 
       1.734726445747e-03       6.599883522396e+03 
       1.754813631279e-03       6.667581977477e+03 
       1.775133415457e-03       6.735884974467e+03 
       1.795688491646e-03       6.804782228915e+03 
       1.816481584400e-03       6.874287831466e+03 
       1.837515449821e-03       6.944393532587e+03 
       1.858792875924e-03       7.015111594167e+03 
       1.880316683009e-03       7.086444062261e+03 
       1.902089724034e-03       7.158389571698e+03 
       1.924114884992e-03       7.230947880932e+03 
       1.946395085294e-03       7.304131426889e+03 
       1.968933278156e-03       7.377926673925e+03 
       1.991732450991e-03       7.452360825024e+03 
       2.014795625805e-03       7.527414929739e+03 
       2.038125859597e-03       7.603099019966e+03 
       2.061726244764e-03       7.679410696214e+03 
       2.085599909512e-03       7.756353738429e+03 
       2.109750018268e-03       7.833934854466e+03 
       2.134179772105e-03       7.912155040075e+03 
       2.158892409158e-03       7.991009332013e+03 
       2.183891205062e-03       8.070503219324e+03 
       2.209179473380e-03       8.150640698001e+03 
       2.234760566044e-03       8.231424772627e+03 
       2.260637873800e-03       8.312850254479e+03 
       2.286814826658e-03       8.394920729982e+03 
       2.313294894344e-03       8.477644114484e+03 
       2.340081586763e-03       8.561008378875e+03 
       2.367178454461e-03       8.645028263645e+03 
       2.394589089100e-03       8.729690281136e+03 
       2.422317123928e-03       8.815011046309e+03 
       2.450366234268e-03       8.900983648891e+03 
       2.478740137997e-03       8.987604647102e+03 
       2.507442596047e-03       9.074880736219e+03 
       2.536477412898e-03       9.162809923593e+03 
       2.565848437081e-03       9.251393126746e+03 
       2.595559561696e-03       9.340629585033e+03 
       2.625614724920e-03       9.430521171820e+03 
       2.656017910531e-03       9.521065905061e+03 
       2.686773148440e-03       9.612258434014e+03 
       2.717884515219e-03       9.704108946835e+03 
       2.749356134647e-03       9.796609307241e+03 
       2.781192178252e-03       9.889761627363e+03 
       2.813396865868e-03       9.983564614121e+03 
       2.845974466191e-03       1.007801650072e+04 
       2.878929297347e-03       1.017311540595e+04 
       2.912265727463e-03       1.026886194697e+04 
       2.945988175247e-03       1.036525188290e+04 
       2.980101110573e-03       1.046228544298e+04 
       3.014609055072e-03       1.055996051512e+04 
       3.049516582737e-03       1.065827313964e+04 
       3.084828320522e-03       1.075722527250e+04 
       3.120548948959e-03       1.085680897164e+04 
       3.156683202779e-03       1.095702873366e+04 
       3.193235871539e-03       1.105787234935e+04 
       3.230211800254e-03       1.115934489918e+04 
       3.267615890045e-03       1.126143974632e+04 
       3.305453098783e-03       1.136415225576e+04 
       3.343728441748e-03       1.146747921721e+04 
       3.382446992297e-03       1.157142235437e+04 
       3.421613882531e-03       1.167596974891e+04 
       3.461234303979e-03       1.178111805930e+04 
       3.501313508284e-03       1.188686406091e+04 
       3.541856807903e-03       1.199320556940e+04 
       3.582869576805e-03       1.210013570595e+04 
       3.624357251189e-03       1.220764953269e+04 
       3.666325330201e-03       1.231573947715e+04 
       3.708779376664e-03       1.242440187262e+04 
       3.751725017816e-03       1.253363233995e+04 
       3.795167946056e-03       1.264341739324e+04 
       3.839113919695e-03       1.275375699359e+04 
       3.883568763727e-03       1.286464520897e+04 
       3.928538370592e-03       1.297606959901e+04 
       3.974028700962e-03       1.308802622885e+04 
       4.020045784533e-03       1.320050627315e+04 
       4.066595720817e-03       1.331350286889e+04 
       4.113684679960e-03       1.342700630369e+04 
       4.161318903551e-03       1.354101199500e+04 
       4.209504705456e-03       1.365550645058e+04 
       4.258248472650e-03       1.377048251719e+04 
       4.307556666066e-03       1.388592951594e+04 
       4.357435821453e-03       1.400183789859e+04 
       4.407892550237e-03       1.411820093137e+04 
       4.458933540406e-03       1.423500266511e+04 
       4.510565557385e-03       1.435224032400e+04 
       4.562795444943e-03       1.446989530233e+04 
       4.615630126095e-03       1.458796025523e+04 
       4.669076604020e-03       1.470641847134e+04 
       4.723141962992e-03       1.482523025282e+04 
       4.777833369316e-03       1.494445286694e+04 
       4.833158072277e-03       1.506402943582e+04 
       4.889123405106e-03       1.518395290457e+04 
       4.945736785947e-03       1.530419697181e+04 
       5.003005718841e-03       1.542477190633e+04 
       5.060937794724e-03       1.554565711720e+04 
       5.119540692431e-03       1.566685200522e+04 
       5.178822179710e-03       1.578832135822e+04 
       5.238790114260e-03       1.591004602490e+04 
       5.299452444766e-03       1.603201792101e+04 
       5.360817211952e-03       1.615422148511e+04 
       5.422892549654e-03       1.627663566031e+04 
       5.485686685889e-03       1.639924231471e+04 
       5.549207943952e-03       1.652202636172e+04 
       5.613464743518e-03       1.664496943723e+04 
       5.678465601755e-03       1.676805510303e+04 
       5.744219134457e-03       1.689126337321e+04 
       5.810734057183e-03       1.701457201852e+04 
       5.878019186415e-03       1.713796949602e+04 
       5.946083440723e-03       1.726142878166e+04 
       6.014935841950e-03       1.738493666049e+04 
       6.084585516408e-03       1.750846886476e+04 
       6.155041696086e-03       1.763200544406e+04 
       6.226313719873e-03       1.775551940152e+04 
       6.298411034800e-03       1.787885905096e+04 
       6.371343197288e-03       1.800228753676e+04 
       6.445119874415e-03       1.812562565098e+04 
       6.519750845200e-03       1.824883493677e+04 
       6.595246001898e-03       1.837192180445e+04 
       6.671615351310e-03       1.849484507693e+04 
       6.748869016110e-03       1.861764894462e+04 
       6.827017236188e-03       1.874019126225e+04 
       6.906070370006e-03       1.886256645847e+04 
       6.986038895971e-03       1.898454809502e+04 
       7.066933413825e-03       1.910626242923e+04 
       7.148764646048e-03       1.922769420103e+04 
       7.231543439282e-03       1.934881838747e+04 
       7.315280765766e-03       1.946967059307e+04 
       7.399987724791e-03       1.958991584149e+04 
       7.485675544174e-03       1.970994273684e+04 
       7.572355581742e-03       1.982943119601e+04 
       7.660039326841e-03       1.994844885035e+04 
       7.748738401855e-03       2.006688388625e+04 
       7.838464563751e-03       2.018482679447e+04 
       7.929229705635e-03       2.030222263004e+04 
       8.021045858328e-03       2.041894245412e+04 
       8.113925191961e-03       2.053502917597e+04 
       8.207880017589e-03       2.065044269301e+04 
       8.302922788824e-03       2.076515603314e+04 
       8.399066103480e-03       2.087907820255e+04 
       8.496322705252e-03       2.099221981832e+04 
       8.594705485394e-03       2.110456979785e+04 
       8.694227484440e-03       2.121606569112e+04 
       8.794901893921e-03       2.132664985162e+04 
       8.896742058122e-03       2.143635047238e+04 
       8.999761475846e-03       2.154506708055e+04 
       9.103973802206e-03       2.165278931879e+04 
       9.209392850432e-03       2.175948035884e+04 
       9.316032593705e-03       2.186502923408e+04 
       9.423907167007e-03       2.196956663508e+04 
       9.533030868997e-03       2.207273766194e+04 
       9.643418163903e-03       2.217502258838e+04 
       9.755083683441e-03       2.227591334201e+04 
       9.868042228755e-03       2.237550024327e+04 
       9.982308772377e-03       2.247379279799e+04 
       1.009789846022e-02       2.257074015693e+04 
       1.021482661356e-02       2.266626508523e+04 
       1.033310873110e-02       2.276023149352e+04 
       1.045276049102e-02       2.285290949612e+04 
       1.057379775301e-02       2.294396062243e+04 
       1.069623656044e-02       2.303342417190e+04 
       1.082009314245e-02       2.312126235200e+04 
       1.094538391608e-02       2.320739692682e+04 
       1.107212548849e-02       2.329182668153e+04 
       1.120033465915e-02       2.337457925785e+04 
       1.133002842203e-02       2.345545316291e+04 
       1.146122396791e-02       2.353443274829e+04 
       1.159393868660e-02       2.361159200127e+04 
       1.172819016932e-02       2.368678756553e+04 
       1.186399621093e-02       2.375994853490e+04 
       1.200137481240e-02       2.383106708919e+04 
       1.214034418309e-02       2.390010935529e+04 
       1.228092274326e-02       2.396707674022e+04 
       1.242312912644e-02       2.403178836410e+04 
       1.256698218192e-02       2.409428527142e+04 
       1.271250097728e-02       2.415443564664e+04 
       1.285970480088e-02       2.421236146267e+04 
       1.300861316442e-02       2.426782767011e+04 
       1.315924580554e-02       2.432095045460e+04 
       1.331162269044e-02       2.437153921445e+04 
       1.346576401651e-02       2.441956724705e+04 
       1.362169021501e-02       2.446509647093e+04 
       1.377942195380e-02       2.450797249506e+04 
       1.393898014004e-02       2.454819803027e+04 
       1.410038592301e-02       2.458567345421e+04 
       1.426366069685e-02       2.462041354236e+04 
       1.442882610348e-02       2.465230784699e+04 
       1.459590403538e-02       2.468137005104e+04 
       1.476491663856e-02       2.470758277375e+04 
       1.493588631545e-02       2.473073349793e+04 
       1.510883572791e-02       2.475096037932e+04 
       1.528378780020e-02       2.476817280033e+04 
       1.546076572205e-02       2.478224615559e+04 
       1.563979295168e-02       2.479322451315e+04 
       1.582089321901e-02       2.480102461603e+04 
       1.600409052869e-02       2.480561258767e+04 
       1.618940916339e-02       2.480699245119e+04 
       1.637687368695e-02       2.480508798096e+04 
       1.656650894769e-02       2.479978964457e+04 
       1.675834008169e-02       2.479115346489e+04 
       1.695239251615e-02       2.477912210049e+04 
       1.714869197279e-02       2.476370883032e+04 
       1.734726447126e-02       2.474475160032e+04 
       1.754813633266e-02       2.472218942335e+04 
       1.775133418306e-02       2.469634175626e+04 
       1.795688495710e-02       2.466684959195e+04 
       1.816481590171e-02       2.463379255776e+04 
       1.837515457977e-02       2.459704458669e+04 
       1.858792887397e-02       2.455664886817e+04 
       1.880316699074e-02       2.451283996525e+04 
       1.902089746428e-02       2.446516774114e+04 
       1.924114916066e-02       2.441386667158e+04 
       1.946395128221e-02       2.435869771402e+04 
       1.968933337196e-02       2.430008269822e+04 
       1.991732531839e-02       2.423764617160e+04 
       2.014795736037e-02       2.417142724435e+04 
       2.038126009251e-02       2.410167435319e+04 
       2.061726447080e-02       2.402791665685e+04 
       2.085600181876e-02       2.395048978487e+04 
       2.109750383415e-02       2.386971873078e+04 
       2.134180259635e-02       2.378495493252e+04 
       2.158893057453e-02       2.369662726504e+04 
       2.183892063678e-02       2.360453547706e+04 
       2.209180606039e-02       2.350868957023e+04 
       2.234762054351e-02       2.340908752326e+04 
       2.260639821838e-02       2.330634852885e+04 
       2.286817366648e-02       2.319976073836e+04 
       2.313298193594e-02       2.308955241680e+04 
       2.340085856147e-02       2.297591629248e+04 
       2.367183958739e-02       2.285902688077e+04 
       2.394596159416e-02       2.273855166784e+04 
       2.422326172890e-02       2.261474834455e+04 
       2.450377774064e-02       2.248753139107e+04 
       2.478754802083e-02       2.235745448569e+04 
       2.507461164989e-02       2.222382454437e+04 
       2.536500845063e-02       2.208724747684e+04 
       2.565877904941e-02       2.194756821861e+04 
       2.595596494589e-02       2.180495506181e+04 
       2.625660859254e-02       2.165941887519e+04 
       2.656075348487e-02       2.151107395644e+04 
       2.686844426359e-02       2.136011186316e+04 
       2.717972682992e-02       2.120647393615e+04 
       2.749464847532e-02       2.105036762626e+04 
       2.781325802694e-02       2.089181447649e+04 
       2.813560601030e-02       2.073095254971e+04 
       2.846174483043e-02       2.056792503179e+04 
       2.879172897312e-02       2.040259099775e+04 
       2.912561522773e-02       2.023563927796e+04 
       2.946346293298e-02       2.006658415118e+04 
       2.980533424744e-02       1.989592006839e+04 
       3.015129444610e-02       1.972354360691e+04 
       3.050141224475e-02       1.954964494036e+04 
       3.085576015362e-02       1.937450328611e+04 
       3.121441486191e-02       1.919797121692e+04 
       3.157745765492e-02       1.902051756473e+04 
       3.194497486519e-02       1.884201167771e+04 
       3.231705835961e-02       1.866265993195e+04 
       3.269380606392e-02       1.848246685583e+04 
       3.307532252667e-02       1.830195059117e+04 
       3.346171952428e-02       1.812087091465e+04 
       3.385311670941e-02       1.793932194459e+04 
       3.424964230475e-02       1.775777007767e+04 
       3.465143384455e-02       1.757625684611e+04 
       3.505863896660e-02       1.739471612592e+04 
       3.547141625753e-02       1.721342891712e+04 
       3.588993615471e-02       1.703244781545e+04 
       3.631438190837e-02       1.685195047857e+04 
       3.674495060820e-02       1.667206515934e+04 
       3.718185427886e-02       1.649278864220e+04 
       3.762532104998e-02       1.631444898065e+04 
       3.807559640630e-02       1.613699884027e+04 
       3.853294452476e-02       1.596063878923e+04 
       3.899764970613e-02       1.578543770165e+04 
       3.947001790946e-02       1.561139685475e+04 
       3.995037839880e-02       1.543869581920e+04 
       4.043908551280e-02       1.526776326951e+04 
       4.093652056864e-02       1.509818095879e+04 
       4.144309391337e-02       1.493016358332e+04 
       4.195924713676e-02       1.476404686990e+04 
       4.248545546140e-02       1.459966297203e+04 
       4.302223032705e-02       1.443712350565e+04 
       4.357012218807e-02       1.427656103915e+04 
       4.412972354405e-02       1.411789830743e+04 
       4.470167222561e-02       1.396143312891e+04 
       4.528665495885e-02       1.380681196650e+04 
       4.588541123348e-02       1.365457044416e+04 
       4.649873750111e-02       1.350439139079e+04 
       4.712749173145e-02       1.335611068314e+04 
       4.777259835507e-02       1.321022664670e+04 
       4.843505362176e-02       1.306636495801e+04 
       4.911593140353e-02       1.292449476022e+04 
       4.981638946998e-02       1.278454508999e+04 
       5.053767626177e-02       1.264643032935e+04 
       5.128113818390e-02       1.250973258510e+04 
       5.204822743463e-02       1.237500931657e+04 
       5.284051037744e-02       1.224117949131e+04 
       5.365967645137e-02       1.210838221382e+04 
       5.450754759912e-02       1.197593096199e+04 
       5.538608817077e-02       1.184380532500e+04 
       5.629741523360e-02       1.171118791173e+04 
       5.724380918295e-02       1.157738357551e+04 
       5.822772450527e-02       1.144176342987e+04 
       5.925180049013e-02       1.130334253731e+04 
       6.031887162269e-02       1.116110477801e+04 
       6.143197731098e-02       1.101402726286e+04 
       6.259437051392e-02       1.086063374452e+04 
       6.380952473712e-02       1.069964873894e+04 
       6.508113875857e-02       1.052918561466e+04 
       6.641313834037e-02       1.034786763467e+04 
       6.780967408600e-02       1.015390478320e+04 
       6.927511452822e-02       9.945651826328e+03 
       7.081403349953e-02       9.721549451516e+03 
       7.243119086758e-02       9.480383950061e+03 
       7.413150583845e-02       9.221409414151e+03 
       7.592002226824e-02       8.944347451494e+03 
       7.780186580123e-02       8.649988867295e+03 
       7.978219318337e-02       8.339981603433e+03 
       8.186613477741e-02       8.017249865932e+03 
       8.405873209698e-02       7.685795998655e+03 
       8.636487301529e-02       7.350976046016e+03 
       8.878922808877e-02       7.018931860358e+03 
       9.133619204006e-02       6.696702043602e+03 
       9.400983473318e-02       6.391167052405e+03 
       9.681386583222e-02       6.108520991060e+03 
       9.975161670007e-02       5.853555183194e+03 
       1.028260419835e-01       5.629030001943e+03 
       1.060397418509e-01       5.434715273789e+03 
       1.093950041860e-01       5.267387465600e+03 
       1.128938644302e-01       5.120378128244e+03 
       1.165381794261e-01       4.984442904688e+03 
       1.203297107280e-01       4.848565102262e+03 
       1.242702124928e-01       4.701745143933e+03 
       1.283615192236e-01       4.535457219883e+03 
       1.326056292218e-01       4.345651419608e+03 
       1.370047804542e-01       4.134502896155e+03 
       1.415615164871e-01       3.910325063862e+03 
       1.462787410531e-01       3.685684650458e+03 
       1.511597605711e-01       3.474367619809e+03 
       1.562083144914e-01       3.288038145314e+03 
       1.614285936561e-01       3.133017650715e+03 
       1.668252469732e-01       3.008968824483e+03 
       1.724033766220e-01       2.908750670015e+03 
       1.781685217893e-01       2.820475109661e+03 
       1.841266306134e-01       2.730963267447e+03 
       1.902840196396e-01       2.630077065205e+03 
       1.966473196875e-01       2.513745413259e+03 
       2.032234066552e-01       2.386921216381e+03 
       2.100193154608e-01       2.261062059442e+03 
       2.170421351004e-01       2.147563123859e+03 
       2.242988827385e-01       2.052131254872e+03 
       2.317963548995e-01       1.973954842516e+03 
       2.395409542786e-01       1.906772846632e+03 
       2.475384915139e-01       1.841382404093e+03 
       2.557939625426e-01       1.770766388335e+03 
       2.643113039611e-01       1.694677216949e+03 
       2.730931311500e-01       1.618496736448e+03 
       2.821404667634e-01       1.548796915384e+03 
       2.914524703695e-01       1.489134309545e+03 
       3.010261832915e-01       1.437206420942e+03 
       3.108563056159e-01       1.387871307814e+03 
       3.209350243558e-01       1.337901218498e+03 
       3.312519122696e-01       1.287411947757e+03 
       3.417939152725e-01       1.239404737956e+03 
       3.525454423554e-01       1.196121512259e+03 
       3.634885654325e-01       1.157193283588e+03 
       3.746033280250e-01       1.120755207255e+03 
       3.858681521017e-01       1.085229611118e+03 
       3.972603230683e-01       1.051014028873e+03 
       4.087565252756e-01       1.018932560970e+03 
       4.203333957598e-01       9.893955019929e+02 
       4.319680629741e-01       9.619608362484e+02 
       4.436386400883e-01       9.360975691754e+02 
       4.553246483912e-01       9.115240864216e+02 
       4.670073543051e-01       8.882380213058e+02 
       4.786700121829e-01       8.664164063324e+02 
       4.902980131663e-01       8.460071665061e+02 
       5.018789470163e-01       8.268495751980e+02 
       5.134025884986e-01       8.086772926859e+02 
       5.248608225220e-01       7.914439666298e+02 
       5.362475230178e-01       7.751240715180e+02 
       5.475583999181e-01       7.597141992492e+02 
       5.587908270079e-01       7.451117132146e+02 
       5.699436613223e-01       7.312318022311e+02 
       5.810170624986e-01       7.180130326229e+02 
       5.920123183110e-01       7.053941296689e+02 
       6.029316806783e-01       6.933562003595e+02 
       6.137782148171e-01       6.818427843619e+02 
       6.245556629212e-01       6.708316906851e+02 
       6.352683227813e-01       6.602649838460e+02 
       6.459209410590e-01       6.501110294028e+02 
       6.565186204633e-01       6.403421947768e+02 
       6.670667397860e-01       6.309247655957e+02 
       6.775708856022e-01       6.218456965891e+02 
       6.880367943850e-01       6.130690586773e+02 
       6.984703037989e-01       6.045801003583e+02 
       7.088773119943e-01       5.963544938749e+02 
       7.192637438115e-01       5.883713489145e+02 
       7.296355229028e-01       5.806206561974e+02 
       7.399985488863e-01       5.730793772721e+02 
       7.503586787472e-01       5.657399686592e+02 
       7.607217118058e-01       5.585846444246e+02 
       7.710933776593e-01       5.516013418869e+02 
       7.814793265901e-01       5.447819001945e+02 
       7.918851220094e-01       5.381109886151e+02 
       8.023162345699e-01       5.315842323253e+02 
       8.127780376411e-01       5.251889350172e+02 
       8.232758038913e-01       5.189185346917e+02 
       8.338147027648e-01       5.127661533844e+02 
       8.443997986817e-01       5.067220592299e+02 
       8.550360498188e-01       5.007833892567e+02 
       8.657283073606e-01       4.949406802493e+02 
       8.764813151301e-01       4.891909081327e+02 
       8.872997095334e-01       4.835278133450e+02 
       8.981880197638e-01       4.779462644968e+02 
       9.091506682298e-01       4.724432703227e+02 
       9.201919711813e-01       4.670125800324e+02 
       9.313161395150e-01       4.616527770118e+02 
       9.425272797538e-01       4.563581479788e+02 
       9.538293951929e-01       4.511271013761e+02 
       9.652263872161e-01       4.459556544053e+02 
       9.767220567846e-01       4.408412216503e+02 
       9.883201061049e-01       4.357812624585e+02 
       1.000024140480e+00       4.307732105200e+02 
       1.011837670350e+00       4.258155147272e+02 
       1.023764113532e+00       4.209051518833e+02 
       1.035806797652e+00       4.160412908750e+02 
       1.047968962780e+00       4.112211556221e+02 
       1.060253764263e+00       4.064441976467e+02 
       1.072664275748e+00       4.017078939510e+02 
       1.085203492398e+00       3.970120784205e+02 
       1.097874334280e+00       3.923543525878e+02 
       1.110679649921e+00       3.877346297412e+02 
       1.123622220008e+00       3.831510316209e+02 
       1.136704761226e+00       3.786033840757e+02 
       1.149929930204e+00       3.740901689092e+02 
       1.163300327547e+00       3.696111911633e+02 
       1.176818501947e+00       3.651652158765e+02 
       1.190486954324e+00       3.607521453883e+02 
       1.204308141995e+00       3.563708791243e+02 
       1.218284482836e+00       3.520212118309e+02 
       1.232418359414e+00       3.477026036931e+02 
       1.246712123070e+00       3.434145586054e+02 
       1.261168097931e+00       3.391568600431e+02 
       1.275788584823e+00       3.349289614728e+02 
       1.290575865083e+00       3.307308275301e+02 
       1.305532204235e+00       3.265619592541e+02 
       1.320659855534e+00       3.224223078439e+02 
       1.335961063354e+00       3.183116209262e+02 
       1.351438066416e+00       3.142296774797e+02 
       1.367093100848e+00       3.101764718823e+02 
       1.382928403082e+00       3.061517327857e+02 
       1.398946212560e+00       3.021554600040e+02 
       1.415148774287e+00       2.981875930570e+02 
       1.431538341199e+00       2.942479931921e+02 
       1.448117176363e+00       2.903366887723e+02 
       1.464887555023e+00       2.864536523147e+02 
       1.481851766480e+00       2.825988347315e+02 
       1.499012115827e+00       2.787722930692e+02 
       1.516370925540e+00       2.749740304620e+02 
       1.533930536939e+00       2.712040494381e+02 
       1.551693311526e+00       2.674624400884e+02 
       1.569661632204e+00       2.637492293138e+02 
       1.587837904393e+00       2.600644726377e+02 
       1.606224557059e+00       2.564082519094e+02 
       1.624824043640e+00       2.527806444658e+02 
       1.643638842912e+00       2.491817422590e+02 
       1.662671459773e+00       2.456116199866e+02 
       1.681924425974e+00       2.420703878701e+02 
       1.701400300791e+00       2.385581551874e+02 
       1.721101671655e+00       2.350750112711e+02 
       1.741031154736e+00       2.316210678750e+02 
       1.761191395498e+00       2.281964402886e+02 
       1.781585069220e+00       2.248012492677e+02 
       1.802214881499e+00       2.214356111196e+02 
       1.823083568720e+00       2.180996418137e+02 
       1.844193898526e+00       2.147934582087e+02 
       1.865548670261e+00       2.115171839393e+02 
       1.887150715408e+00       2.082709378617e+02 
       1.909002898018e+00       2.050548381597e+02 
       1.931108115134e+00       2.018690003759e+02 
       1.953469297209e+00       1.987135391536e+02 
       1.976089408525e+00       1.955885669587e+02 
       1.998971447604e+00       1.924941900677e+02 
       2.022118447627e+00       1.894305137761e+02 
       2.045533476848e+00       1.863976403491e+02 
       2.069219639011e+00       1.833956648115e+02 
       2.093180073773e+00       1.804246794963e+02 
       2.117417957125e+00       1.774847695114e+02 
       2.141936501814e+00       1.745760146745e+02 
       2.166738957782e+00       1.716984884118e+02 
       2.191828612590e+00       1.688522574807e+02 
       2.217208791863e+00       1.660373817132e+02 
       2.242882859728e+00       1.632539136297e+02 
       2.268854219265e+00       1.605018979764e+02 
       2.295126312956e+00       1.577813717103e+02 
       2.321702623142e+00       1.550923634267e+02 
       2.348586672489e+00       1.524348934850e+02 
       2.375782024450e+00       1.498089736137e+02 
       2.403292283742e+00       1.472146068049e+02 
       2.431121096820e+00       1.446517870276e+02 
       2.459272152364e+00       1.421204992622e+02 
       2.487749181768e+00       1.396207193175e+02 
       2.516555959629e+00       1.371524138189e+02 
       2.545696304257e+00       1.347155401409e+02 
       2.575174078173e+00       1.323100463546e+02 
       2.604993188623e+00       1.299358712877e+02 
       2.635157588098e+00       1.275929444213e+02 
       2.665671274857e+00       1.252811861198e+02 
       2.696538293457e+00       1.230005075942e+02 
       2.727762735286e+00       1.207508109918e+02 
       2.759348739111e+00       1.185319895121e+02 
       2.791300491623e+00       1.163439275372e+02 
       2.823622227991e+00       1.141865007723e+02 
       2.856318232427e+00       1.120595763964e+02 
       2.889392838751e+00       1.099630132342e+02 
       2.922850430967e+00       1.078966619335e+02 
       2.956695443840e+00       1.058603651705e+02 
       2.990932363493e+00       1.038539578451e+02 
       3.025565727990e+00       1.018772672980e+02 
       3.060600127948e+00       9.993011353271e+01 
       3.096040207137e+00       9.801230944562e+01 
       3.131890663103e+00       9.612366106057e+01 
       3.168156247783e+00       9.426396776896e+01 
       3.204841768143e+00       9.243302257349e+01 
       3.241952086807e+00       9.063061233711e+01 
       3.279492122709e+00       8.885651803110e+01 
       3.317466851740e+00       8.711051498817e+01 
       3.355881307408e+00       8.539237315377e+01 
       3.394740581509e+00       8.370185733928e+01 
       3.434049824797e+00       8.203872747372e+01 
       3.473814247669e+00       8.040273885542e+01 
       3.514039120857e+00       7.879364240152e+01 
       3.554729776125e+00       7.721118489607e+01 
       3.595891606974e+00       7.565510923552e+01 
       3.637530069360e+00       7.412515467160e+01 
       3.679650682417e+00       7.262105705128e+01 
       3.722259029187e+00       7.114254905327e+01 
       3.765360757359e+00       6.968936042101e+01 
       3.808961580021e+00       6.826121819182e+01 
       3.853067276414e+00       6.685784692204e+01 
       3.897683692702e+00       6.547896890795e+01 
       3.942816742741e+00       6.412430440227e+01 
       3.988472408869e+00       6.279357182626e+01 
       4.034656742694e+00       6.148648797705e+01 
       4.081375865900e+00       6.020276823036e+01 
       4.128635971057e+00       5.894212673826e+01 
       4.176443322440e+00       5.770427662217e+01 
       4.224804256861e+00       5.648893016074e+01 
       4.273725184510e+00       5.529579897287e+01 
       4.323212589804e+00       5.412459419554e+01 
       4.373273032243e+00       5.297502665665e+01 
       4.423913147286e+00       5.184680704270e+01 
       4.475139647225e+00       5.073964606138e+01 
       4.526959322076e+00       4.965325459907e+01 
       4.579379040483e+00       4.858734387317e+01 
       4.632405750621e+00       4.754162557940e+01 
       4.686046481124e+00       4.651581203397e+01 
       4.740308342011e+00       4.550961631075e+01 
       4.795198525636e+00       4.452275237339e+01 
       4.850724307630e+00       4.355493520248e+01 
       4.906893047878e+00       4.260588091779e+01 
       4.963712191484e+00       4.167530689560e+01 
       5.021189269765e+00       4.076293188124e+01 
       5.079331901244e+00       3.986847609681e+01 
       5.138147792665e+00       3.899166134428e+01 
       5.197644740011e+00       3.813221110385e+01 
       5.257830629537e+00       3.728985062782e+01 
       5.318713438818e+00       3.646430702993e+01 
       5.380301237805e+00       3.565530937029e+01 
       5.442602189892e+00       3.486258873602e+01 
       5.505624553005e+00       3.408587831752e+01 
       5.569376680689e+00       3.332491348069e+01 
       5.633867023219e+00       3.257943183501e+01 
       5.699104128721e+00       3.184917329761e+01 
       5.765096644302e+00       3.113388015348e+01 
       5.831853317198e+00       3.043329711183e+01 
       5.899382995935e+00       2.974717135870e+01 
       5.967694631498e+00       2.907525260602e+01 
       6.036797278521e+00       2.841729313705e+01 
       6.106700096483e+00       2.777304784840e+01 
       6.177412350930e+00       2.714227428874e+01 
       6.248943414692e+00       2.652473269419e+01 
       6.321302769135e+00       2.592018602060e+01 
       6.394500005413e+00       2.532839997273e+01 
       6.468544825741e+00       2.474914303044e+01 
       6.543447044678e+00       2.418218647210e+01 
       6.619216590434e+00       2.362730439508e+01 
       6.695863506180e+00       2.308427373360e+01 
       6.773397951380e+00       2.255287427403e+01 
       6.851830203142e+00       2.203288866759e+01 
       6.931170657576e+00       2.152410244068e+01 
       7.011429831173e+00       2.102630400286e+01 
       7.092618362199e+00       2.053928465257e+01 
       7.174747012107e+00       2.006283858073e+01 
       7.257826666960e+00       1.959676287217e+01 
       7.341868338877e+00       1.914085750523e+01 
       7.426883167489e+00       1.869492534925e+01 
       7.512882421421e+00       1.825877216039e+01 
       7.599877499779e+00       1.783220657561e+01 
       7.687879933669e+00       1.741504010502e+01 
       7.776901387716e+00       1.700708712259e+01 
       7.866953661619e+00       1.660816485538e+01 
       7.958048691709e+00       1.621809337128e+01 
       8.050198552532e+00       1.583669556542e+01 
       8.143415458455e+00       1.546379714517e+01 
       8.237711765275e+00       1.509922661404e+01 
       8.333099971867e+00       1.474281525426e+01 
       8.429592721835e+00       1.439439710832e+01 
       8.527202805187e+00       1.405380895950e+01 
       8.625943160034e+00       1.372089031126e+01 
       8.725826874304e+00       1.339548336588e+01 
       8.826867187475e+00       1.307743300208e+01 
       8.929077492331e+00       1.276658675192e+01 
       9.032471336736e+00       1.246279477685e+01 
       9.137062425434e+00       1.216590984311e+01 
       9.242864621859e+00       1.187578729646e+01 
       9.349891949978e+00       1.159228503624e+01 
       9.458158596148e+00       1.131526348895e+01 
       9.567678910995e+00       1.104458558122e+01 
       9.678467411318e+00       1.078011671236e+01 
       9.790538782014e+00       1.052172472648e+01 
       9.903907878020e+00       1.026927988415e+01 
       1.001858972629e+01       1.002265483378e+01 
       1.013459952777e+01       9.781724582658e+00 
       1.025195265945e+01       9.546366467669e+00 
       1.037066467634e+01       9.316460125832e+00 
       1.049075131361e+01       9.091887464580e+00 
       1.061222848859e+01       8.872532631876e+00 
       1.073511230297e+01       8.658281986181e+00 
       1.085941904486e+01       8.449024066298e+00 
       1.098516519098e+01       8.244649561127e+00 
       1.111236740884e+01       8.045051279361e+00 
       1.124104255897e+01       7.850124119136e+00 
       1.137120769712e+01       7.659765037674e+00 
       1.150288007653e+01       7.473873020933e+00 
       1.163607715023e+01       7.292349053291e+00 
       1.177081657336e+01       7.115096087284e+00 
       1.190711620547e+01       6.942019013419e+00 
       1.204499411294e+01       6.773024630079e+00 
       1.218446857133e+01       6.608021613540e+00 
       1.232555806783e+01       6.446920488120e+00 
       1.246828130371e+01       6.289633596466e+00 
       1.261265719676e+01       6.136075070012e+00 
       1.275870488387e+01       5.986160799602e+00 
       1.290644372349e+01       5.839808406311e+00 
       1.305589329824e+01       5.696937212459e+00 
       1.320707341751e+01       5.557468212847e+00 
       1.336000412006e+01       5.421324046213e+00 
       1.351470567668e+01       5.288428966925e+00 
       1.367119859289e+01       5.158708816917e+00 
       1.382950361168e+01       5.032090997887e+00 
       1.398964171619e+01       4.908504443751e+00 
       1.415163413255e+01       4.787879593369e+00 
       1.431550233269e+01       4.670148363552e+00 
       1.448126803716e+01       4.555244122352e+00 
       1.464895321802e+01       4.443101662643e+00 
       1.481858010177e+01       4.333657175998e+00 
       1.499017117225e+01       4.226848226870e+00 
       1.516374917369e+01       4.122613727077e+00 
       1.533933711366e+01       4.020893910593e+00 
       1.551695826614e+01       3.921630308662e+00 
       1.569663617464e+01       3.824765725222e+00 
       1.587839465525e+01       3.730244212648e+00 
       1.606225779988e+01       3.638011047820e+00 
       1.624824997939e+01       3.548012708514e+00 
       1.643639584683e+01       3.460196850116e+00 
       1.662672034074e+01       3.374512282668e+00 
       1.681924868841e+01       3.290908948231e+00 
       1.701400640929e+01       3.209337898590e+00 
       1.721101931828e+01       3.129751273275e+00 
       1.741031352924e+01       3.052102277917e+00 
       1.761191545840e+01       2.976345162930e+00 
       1.781585182788e+01       2.902435202520e+00 
       1.802214966923e+01       2.830328674024e+00 
       1.823083632699e+01       2.759982837569e+00 
       1.844193946235e+01       2.691355916060e+00 
       1.865548705682e+01       2.624407075492e+00 
       1.887150741589e+01       2.559096405580e+00 
       1.909002917283e+01       2.495384900709e+00 
       1.931108129246e+01       2.433234441203e+00 
       1.953469307499e+01       2.372607774916e+00 
       1.976089415994e+01       2.313468499122e+00 
       1.998971453000e+01       2.255781042729e+00 
       2.022118451506e+01       2.199510648798e+00 
       2.045533479624e+01       2.144623357363e+00 
       2.069219640988e+01       2.091085988564e+00 
       2.093180075175e+01       2.038866126071e+00 
       2.117417958113e+01       1.987932100807e+00 
       2.141936502508e+01       1.938252974973e+00 
       2.166738958266e+01       1.889798526357e+00 
       2.191828612927e+01       1.842539232928e+00 
       2.217208792096e+01       1.796446257728e+00 
       2.242882859888e+01       1.751491434032e+00 
       2.268854219375e+01       1.707647250791e+00 
       2.295126313030e+01       1.664886838353e+00 
       2.321702623193e+01       1.623183954454e+00 
       2.348586672523e+01       1.582512970469e+00 
       2.375782024473e+01       1.542848857942e+00 
       2.403292283757e+01       1.504167175362e+00 
       2.431121096830e+01       1.466444055206e+00 
       2.459272152371e+01       1.429656191232e+00 
       2.487749181772e+01       1.393780826022e+00 
       2.516555959632e+01       1.358795738773e+00 
       2.545696304259e+01       1.324679233326e+00 
       2.575174078174e+01       1.291410126443e+00 
       2.604993188624e+01       1.258967736310e+00 
       2.635157588099e+01       1.227331871278e+00 
       2.665671274858e+01       1.196482818831e+00 
       2.696538293457e+01       1.166401334775e+00 
       2.727762735286e+01       1.137068632655e+00 
       2.759348739111e+01       1.108466373383e+00 
       2.791300491623e+01       1.080576655087e+00 
       2.823622227991e+01       1.053382003158e+00 
       2.856318232427e+01       1.026865360519e+00 
       2.889392838751e+01       1.001010078089e+00 
       2.922850430967e+01       9.757999054458e-01 
       2.956695443840e+01       9.512189816885e-01 
       2.990932363493e+01       9.272518264933e-01 
       3.025565727990e+01       9.038833313569e-01 
