# Matter power spectrum P(k) at redshift z=0.5
# for k=1.03331e-05 to 30.2557 h/Mpc,
# number of wavenumbers equal to 1162
#    1:k (h/Mpc)              2:P (Mpc/h)^3        
       1.033310873110e-05       2.920584543424e+01 
       1.045276049101e-05       2.953280378660e+01 
       1.057379775301e-05       2.986342928377e+01 
       1.069623656044e-05       3.019775634201e+01 
       1.082009314245e-05       3.053582345565e+01 
       1.094538391608e-05       3.087767257435e+01 
       1.107212548849e-05       3.122335819299e+01 
       1.120033465915e-05       3.157290451793e+01 
       1.133002842203e-05       3.192636588810e+01 
       1.146122396790e-05       3.228378362702e+01 
       1.159393868660e-05       3.264520654138e+01 
       1.172819016932e-05       3.301067014830e+01 
       1.186399621093e-05       3.338023029903e+01 
       1.200137481240e-05       3.375392766742e+01 
       1.214034418309e-05       3.413183300751e+01 
       1.228092274326e-05       3.451391907335e+01 
       1.242312912644e-05       3.490033358139e+01 
       1.256698218192e-05       3.529103835781e+01 
       1.271250097728e-05       3.568610366703e+01 
       1.285970480088e-05       3.608560989917e+01 
       1.300861316441e-05       3.648958868350e+01 
       1.315924580554e-05       3.689810060991e+01 
       1.331162269044e-05       3.731117399844e+01 
       1.346576401651e-05       3.772892895148e+01 
       1.362169021501e-05       3.815125485333e+01 
       1.377942195380e-05       3.857836996131e+01 
       1.393898014004e-05       3.901027729117e+01 
       1.410038592300e-05       3.944697619913e+01 
       1.426366069684e-05       3.988858288503e+01 
       1.442882610346e-05       4.033514497012e+01 
       1.459590403535e-05       4.078670009650e+01 
       1.476491663851e-05       4.124331124635e+01 
       1.493588631537e-05       4.170504411087e+01 
       1.510883572779e-05       4.217191998243e+01 
       1.528378780002e-05       4.264404846813e+01 
       1.546076572177e-05       4.312145033564e+01 
       1.563979295127e-05       4.360424621832e+01 
       1.582089321838e-05       4.409235036329e+01 
       1.600409052776e-05       4.458596243424e+01 
       1.618940916200e-05       4.508511212082e+01 
       1.637687368488e-05       4.558984016531e+01 
       1.656650894464e-05       4.610022076606e+01 
       1.675834007721e-05       4.661631326172e+01 
       1.695239250960e-05       4.713818772158e+01 
       1.714869196326e-05       4.766591266365e+01 
       1.734726445747e-05       4.819953934590e+01 
       1.754813631279e-05       4.873912037964e+01 
       1.775133415457e-05       4.928474328810e+01 
       1.795688491646e-05       4.983649048730e+01 
       1.816481584400e-05       5.039441741294e+01 
       1.837515449821e-05       5.095857692977e+01 
       1.858792875924e-05       5.152905752125e+01 
       1.880316683009e-05       5.210592240782e+01 
       1.902089724034e-05       5.268925548291e+01 
       1.924114884992e-05       5.327910670926e+01 
       1.946395085294e-05       5.387559900808e+01 
       1.968933278155e-05       5.447871941779e+01 
       1.991732450991e-05       5.508858521881e+01 
       2.014795625805e-05       5.570531750984e+01 
       2.038125859597e-05       5.632891989036e+01 
       2.061726244764e-05       5.695951597400e+01 
       2.085599909512e-05       5.759717730220e+01 
       2.109750018268e-05       5.824198056364e+01 
       2.134179772105e-05       5.889400744189e+01 
       2.158892409158e-05       5.955330741525e+01 
       2.183891205062e-05       6.022000383557e+01 
       2.209179473380e-05       6.089415298114e+01 
       2.234760566044e-05       6.157592053421e+01 
       2.260637873800e-05       6.226519121346e+01 
       2.286814826658e-05       6.296225679814e+01 
       2.313294894344e-05       6.366711085471e+01 
       2.340081586763e-05       6.437984743994e+01 
       2.367178454461e-05       6.510056792158e+01 
       2.394589089099e-05       6.582935713340e+01 
       2.422317123928e-05       6.656631431896e+01 
       2.450366234267e-05       6.731151244198e+01 
       2.478740137997e-05       6.806506541008e+01 
       2.507442596047e-05       6.882703343163e+01 
       2.536477412897e-05       6.959753350219e+01 
       2.565848437081e-05       7.037667761202e+01 
       2.595559561696e-05       7.116455667087e+01 
       2.625614724920e-05       7.196119546064e+01 
       2.656017910531e-05       7.276680351959e+01 
       2.686773148440e-05       7.358140230824e+01 
       2.717884515219e-05       7.440515336999e+01 
       2.749356134646e-05       7.523809891844e+01 
       2.781192178252e-05       7.608036018591e+01 
       2.813396865868e-05       7.693207067771e+01 
       2.845974466191e-05       7.779327065623e+01 
       2.878929297347e-05       7.866414389257e+01 
       2.912265727463e-05       7.954476569827e+01 
       2.945988175247e-05       8.043524470057e+01 
       2.980101110573e-05       8.133568056436e+01 
       3.014609055072e-05       8.224620818804e+01 
       3.049516582737e-05       8.316692676961e+01 
       3.084828320522e-05       8.409795128453e+01 
       3.120548948959e-05       8.503939698484e+01 
       3.156683202779e-05       8.599142187763e+01 
       3.193235871539e-05       8.695406730151e+01 
       3.230211800254e-05       8.792753045124e+01 
       3.267615890045e-05       8.891179310900e+01 
       3.305453098783e-05       8.990711344734e+01 
       3.343728441748e-05       9.091358032131e+01 
       3.382446992297e-05       9.193130444116e+01 
       3.421613882531e-05       9.296044409040e+01 
       3.461234303979e-05       9.400105163028e+01 
       3.501313508284e-05       9.505337697483e+01 
       3.541856807903e-05       9.611741592390e+01 
       3.582869576805e-05       9.719342812039e+01 
       3.624357251189e-05       9.828144404739e+01 
       3.666325330201e-05       9.938166029229e+01 
       3.708779376664e-05       1.004941755459e+02 
       3.751725017816e-05       1.016191429229e+02 
       3.795167946055e-05       1.027566989455e+02 
       3.839113919695e-05       1.039070056991e+02 
       3.883568763727e-05       1.050701727137e+02 
       3.928538370592e-05       1.062463585408e+02 
       3.974028700962e-05       1.074357041229e+02 
       4.020045784533e-05       1.086383529517e+02 
       4.066595720817e-05       1.098544786550e+02 
       4.113684679960e-05       1.110842995591e+02 
       4.161318903551e-05       1.123277890957e+02 
       4.209504705456e-05       1.135851288125e+02 
       4.258248472649e-05       1.148565940830e+02 
       4.307556666066e-05       1.161423148133e+02 
       4.357435821452e-05       1.174424445844e+02 
       4.407892550237e-05       1.187570999837e+02 
       4.458933540405e-05       1.200864454347e+02 
       4.510565557384e-05       1.214306923350e+02 
       4.562795444942e-05       1.227899857237e+02 
       4.615630126094e-05       1.241644447874e+02 
       4.669076604020e-05       1.255544083186e+02 
       4.723141962992e-05       1.269598257744e+02 
       4.777833369316e-05       1.283810014131e+02 
       4.833158072277e-05       1.298180268706e+02 
       4.889123405106e-05       1.312711584247e+02 
       4.945736785946e-05       1.327406453169e+02 
       5.003005718841e-05       1.342265007752e+02 
       5.060937794724e-05       1.357289892949e+02 
       5.119540692430e-05       1.372482529715e+02 
       5.178822179710e-05       1.387845976972e+02 
       5.238790114260e-05       1.403381736570e+02 
       5.299452444765e-05       1.419089657301e+02 
       5.360817211952e-05       1.434974363463e+02 
       5.422892549654e-05       1.451036688516e+02 
       5.485686685889e-05       1.467278929867e+02 
       5.549207943952e-05       1.483702569553e+02 
       5.613464743518e-05       1.500309717651e+02 
       5.678465601755e-05       1.517103559377e+02 
       5.744219134457e-05       1.534084856029e+02 
       5.810734057183e-05       1.551256222898e+02 
       5.878019186415e-05       1.568619724471e+02 
       5.946083440722e-05       1.586177579313e+02 
       6.014935841950e-05       1.603931716550e+02 
       6.084585516408e-05       1.621884374613e+02 
       6.155041696086e-05       1.640038236969e+02 
       6.226313719873e-05       1.658395195312e+02 
       6.298411034800e-05       1.676957123864e+02 
       6.371343197288e-05       1.695727001787e+02 
       6.445119874415e-05       1.714706875420e+02 
       6.519750845200e-05       1.733899032389e+02 
       6.595246001898e-05       1.753305928839e+02 
       6.671615351310e-05       1.772929874566e+02 
       6.748869016110e-05       1.792772337608e+02 
       6.827017236188e-05       1.812839018635e+02 
       6.906070370006e-05       1.833128701833e+02 
       6.986038895971e-05       1.853645613562e+02 
       7.066933413825e-05       1.874392492578e+02 
       7.148764646048e-05       1.895371111045e+02 
       7.231543439282e-05       1.916584183918e+02 
       7.315280765766e-05       1.938034412040e+02 
       7.399987724791e-05       1.959725044618e+02 
       7.485675544174e-05       1.981657950584e+02 
       7.572355581742e-05       2.003836512059e+02 
       7.660039326841e-05       2.026263055093e+02 
       7.748738401855e-05       2.048939795820e+02 
       7.838464563751e-05       2.071870009594e+02 
       7.929229705635e-05       2.095058584689e+02 
       8.021045858328e-05       2.118505240450e+02 
       8.113925191961e-05       2.142213536541e+02 
       8.207880017589e-05       2.166186467600e+02 
       8.302922788824e-05       2.190430040823e+02 
       8.399066103480e-05       2.214943376573e+02 
       8.496322705251e-05       2.239728364640e+02 
       8.594705485394e-05       2.264793553550e+02 
       8.694227484439e-05       2.290138689205e+02 
       8.794901893921e-05       2.315768424888e+02 
       8.896742058122e-05       2.341682622328e+02 
       8.999761475846e-05       2.367887128730e+02 
       9.103973802205e-05       2.394384651643e+02 
       9.209392850431e-05       2.421178304039e+02 
       9.316032593704e-05       2.448273239853e+02 
       9.423907167007e-05       2.475667371799e+02 
       9.533030868997e-05       2.503368429896e+02 
       9.643418163902e-05       2.531381964961e+02 
       9.755083683440e-05       2.559705320556e+02 
       9.868042228754e-05       2.588350151187e+02 
       9.982308772377e-05       2.617310764500e+02 
       1.009789846021e-04       2.646596145583e+02 
       1.021482661356e-04       2.676209031898e+02 
       1.033310873110e-04       2.706151732327e+02 
       1.045276049101e-04       2.736431682539e+02 
       1.057379775301e-04       2.767048301025e+02 
       1.069623656044e-04       2.798004836878e+02 
       1.082009314245e-04       2.829309523109e+02 
       1.094538391608e-04       2.860964639148e+02 
       1.107212548849e-04       2.892973753014e+02 
       1.120033465915e-04       2.925339592131e+02 
       1.133002842203e-04       2.958067174623e+02 
       1.146122396790e-04       2.991161913677e+02 
       1.159393868660e-04       3.024626039549e+02 
       1.172819016932e-04       3.058463841662e+02 
       1.186399621093e-04       3.092676666264e+02 
       1.200137481240e-04       3.127271433871e+02 
       1.214034418309e-04       3.162254805456e+02 
       1.228092274326e-04       3.197628901190e+02 
       1.242312912644e-04       3.233398052105e+02 
       1.256698218192e-04       3.269567056106e+02 
       1.271250097728e-04       3.306140171500e+02 
       1.285970480088e-04       3.343120760228e+02 
       1.300861316441e-04       3.380512840193e+02 
       1.315924580554e-04       3.418327246777e+02 
       1.331162269044e-04       3.456565073749e+02 
       1.346576401651e-04       3.495220710648e+02 
       1.362169021501e-04       3.534310000870e+02 
       1.377942195380e-04       3.573838602212e+02 
       1.393898014004e-04       3.613811089734e+02 
       1.410038592300e-04       3.654224807967e+02 
       1.426366069684e-04       3.695092225404e+02 
       1.442882610346e-04       3.736411785486e+02 
       1.459590403535e-04       3.778196035655e+02 
       1.476491663851e-04       3.820442863833e+02 
       1.493588631537e-04       3.862909187922e+02 
       1.510883572779e-04       3.906105570503e+02 
       1.528378780002e-04       3.949774097082e+02 
       1.546076572177e-04       3.993937001922e+02 
       1.563979295127e-04       4.038585418432e+02 
       1.582089321839e-04       4.083735949938e+02 
       1.600409052776e-04       4.129389759394e+02 
       1.618940916200e-04       4.175556802520e+02 
       1.637687368488e-04       4.222232617195e+02 
       1.656650894464e-04       4.269427518264e+02 
       1.675834007721e-04       4.317155851431e+02 
       1.695239250960e-04       4.365406215194e+02 
       1.714869196326e-04       4.414199032749e+02 
       1.734726445747e-04       4.463543849768e+02 
       1.754813631279e-04       4.513421854055e+02 
       1.775133415457e-04       4.563868153222e+02 
       1.795688491646e-04       4.614871097050e+02 
       1.816481584400e-04       4.666438446461e+02 
       1.837515449821e-04       4.718584117323e+02 
       1.858792875924e-04       4.771313602325e+02 
       1.880316683009e-04       4.824627114526e+02 
       1.902089724034e-04       4.878537031360e+02 
       1.924114884992e-04       4.933045906019e+02 
       1.946395085294e-04       4.988157422403e+02 
       1.968933278156e-04       5.043881117707e+02 
       1.991732450991e-04       5.100223793587e+02 
       2.014795625805e-04       5.157198109342e+02 
       2.038125859597e-04       5.214810969327e+02 
       2.061726244764e-04       5.273051430345e+02 
       2.085599909512e-04       5.331950520557e+02 
       2.109750018268e-04       5.391494801982e+02 
       2.134179772105e-04       5.451703883308e+02 
       2.158892409158e-04       5.512592796944e+02 
       2.183891205062e-04       5.574148687969e+02 
       2.209179473380e-04       5.636384949097e+02 
       2.234760566044e-04       5.699311456491e+02 
       2.260637873800e-04       5.762945952058e+02 
       2.286814826658e-04       5.827287204971e+02 
       2.313294894344e-04       5.892338385854e+02 
       2.340081586763e-04       5.958110788425e+02 
       2.367178454461e-04       6.024613671575e+02 
       2.394589089099e-04       6.091850341206e+02 
       2.422317123928e-04       6.159839913845e+02 
       2.450366234267e-04       6.228576610927e+02 
       2.478740137997e-04       6.298085281051e+02 
       2.507442596047e-04       6.368354945672e+02 
       2.536477412898e-04       6.439406434633e+02 
       2.565848437081e-04       6.511243843526e+02 
       2.595559561696e-04       6.583878723981e+02 
       2.625614724920e-04       6.657317221524e+02 
       2.656017910531e-04       6.731569480664e+02 
       2.686773148440e-04       6.806644626362e+02 
       2.717884515219e-04       6.882551241124e+02 
       2.749356134647e-04       6.959294880349e+02 
       2.781192178252e-04       7.036892120277e+02 
       2.813396865868e-04       7.115344460985e+02 
       2.845974466191e-04       7.194663660202e+02 
       2.878929297347e-04       7.274859881065e+02 
       2.912265727463e-04       7.355939858910e+02 
       2.945988175247e-04       7.437917571213e+02 
       2.980101110573e-04       7.520802328165e+02 
       3.014609055072e-04       7.604598539808e+02 
       3.049516582737e-04       7.689323187916e+02 
       3.084828320522e-04       7.774978999845e+02 
       3.120548948959e-04       7.861585236165e+02 
       3.156683202779e-04       7.949138553903e+02 
       3.193235871539e-04       8.037660935006e+02 
       3.230211800254e-04       8.127162252128e+02 
       3.267615890045e-04       8.217645862118e+02 
       3.305453098783e-04       8.309121919511e+02 
       3.343728441748e-04       8.401607531195e+02 
       3.382446992297e-04       8.495113363341e+02 
       3.421613882531e-04       8.589649766795e+02 
       3.461234303979e-04       8.685220577912e+02 
       3.501313508284e-04       8.781840535022e+02 
       3.541856807903e-04       8.879529037499e+02 
       3.582869576805e-04       8.978285927163e+02 
       3.624357251189e-04       9.078126977238e+02 
       3.666325330201e-04       9.179063647747e+02 
       3.708779376664e-04       9.281102138173e+02 
       3.751725017816e-04       9.384267635013e+02 
       3.795167946055e-04       9.488561717478e+02 
       3.839113919695e-04       9.593995228064e+02 
       3.883568763727e-04       9.700584956602e+02 
       3.928538370592e-04       9.808342195464e+02 
       3.974028700962e-04       9.917272631520e+02 
       4.020045784533e-04       1.002739951460e+03 
       4.066595720817e-04       1.013872556046e+03 
       4.113684679960e-04       1.025126986204e+03 
       4.161318903551e-04       1.036504375196e+03 
       4.209504705456e-04       1.048006340747e+03 
       4.258248472650e-04       1.059633299758e+03 
       4.307556666066e-04       1.071386866811e+03 
       4.357435821452e-04       1.083268225965e+03 
       4.407892550237e-04       1.095279228855e+03 
       4.458933540405e-04       1.107421242568e+03 
       4.510565557384e-04       1.119695058009e+03 
       4.562795444943e-04       1.132101846832e+03 
       4.615630126094e-04       1.144643903273e+03 
       4.669076604020e-04       1.157321745217e+03 
       4.723141962992e-04       1.170137605898e+03 
       4.777833369316e-04       1.183091981466e+03 
       4.833158072277e-04       1.196186234675e+03 
       4.889123405106e-04       1.209422966309e+03 
       4.945736785947e-04       1.222803261974e+03 
       5.003005718841e-04       1.236327110370e+03 
       5.060937794724e-04       1.249998328229e+03 
       5.119540692430e-04       1.263815941382e+03 
       5.178822179710e-04       1.277783997156e+03 
       5.238790114260e-04       1.291901724536e+03 
       5.299452444766e-04       1.306171815197e+03 
       5.360817211952e-04       1.320595435436e+03 
       5.422892549654e-04       1.335173943565e+03 
       5.485686685889e-04       1.349909731506e+03 
       5.549207943952e-04       1.364803360268e+03 
       5.613464743518e-04       1.379857076233e+03 
       5.678465601755e-04       1.395072130175e+03 
       5.744219134457e-04       1.410449509054e+03 
       5.810734057183e-04       1.425992746118e+03 
       5.878019186415e-04       1.441701259625e+03 
       5.946083440723e-04       1.457578646658e+03 
       6.014935841950e-04       1.473624698176e+03 
       6.084585516408e-04       1.489842507147e+03 
       6.155041696086e-04       1.506233030473e+03 
       6.226313719873e-04       1.522797196570e+03 
       6.298411034800e-04       1.539538429200e+03 
       6.371343197288e-04       1.556457294721e+03 
       6.445119874415e-04       1.573556477822e+03 
       6.519750845200e-04       1.590836688721e+03 
       6.595246001898e-04       1.608299548706e+03 
       6.671615351310e-04       1.625948295541e+03 
       6.748869016110e-04       1.643782888411e+03 
       6.827017236188e-04       1.661805473856e+03 
       6.906070370006e-04       1.680019658577e+03 
       6.986038895971e-04       1.698425303607e+03 
       7.066933413825e-04       1.717024158223e+03 
       7.148764646048e-04       1.735818972210e+03 
       7.231543439282e-04       1.754811105590e+03 
       7.315280765766e-04       1.774003368383e+03 
       7.399987724791e-04       1.793395850827e+03 
       7.485675544174e-04       1.812992222360e+03 
       7.572355581742e-04       1.832793333239e+03 
       7.660039326841e-04       1.852800600584e+03 
       7.748738401855e-04       1.873018410582e+03 
       7.838464563751e-04       1.893445844172e+03 
       7.929229705635e-04       1.914084703052e+03 
       8.021045858328e-04       1.934940259851e+03 
       8.113925191961e-04       1.956010252084e+03 
       8.207880017589e-04       1.977300513639e+03 
       8.302922788824e-04       1.998809500832e+03 
       8.399066103480e-04       2.020542260308e+03 
       8.496322705251e-04       2.042499654486e+03 
       8.594705485394e-04       2.064682842561e+03 
       8.694227484440e-04       2.087094251009e+03 
       8.794901893921e-04       2.109736789697e+03 
       8.896742058122e-04       2.132611482911e+03 
       8.999761475846e-04       2.155720122596e+03 
       9.103973802205e-04       2.179066499928e+03 
       9.209392850431e-04       2.202651013201e+03 
       9.316032593704e-04       2.226475113931e+03 
       9.423907167007e-04       2.250542929952e+03 
       9.533030868997e-04       2.274855881172e+03 
       9.643418163903e-04       2.299415620021e+03 
       9.755083683441e-04       2.324224829485e+03 
       9.868042228754e-04       2.349284632746e+03 
       9.982308772377e-04       2.374598337798e+03 
       1.009789846022e-03       2.400166397740e+03 
       1.021482661356e-03       2.425993745532e+03 
       1.033310873110e-03       2.452079134240e+03 
       1.045276049101e-03       2.478428330155e+03 
       1.057379775301e-03       2.505041032101e+03 
       1.069623656044e-03       2.531917642383e+03 
       1.082009314245e-03       2.559063774483e+03 
       1.094538391608e-03       2.586480877158e+03 
       1.107212548849e-03       2.614169439757e+03 
       1.120033465915e-03       2.642135932292e+03 
       1.133002842203e-03       2.670376544104e+03 
       1.146122396790e-03       2.698895075885e+03 
       1.159393868660e-03       2.727696681803e+03 
       1.172819016932e-03       2.756782541848e+03 
       1.186399621093e-03       2.786153180446e+03 
       1.200137481240e-03       2.815811070796e+03 
       1.214034418309e-03       2.845759428701e+03 
       1.228092274326e-03       2.875999988997e+03 
       1.242312912644e-03       2.906536696012e+03 
       1.256698218192e-03       2.937368920370e+03 
       1.271250097728e-03       2.968498497417e+03 
       1.285970480088e-03       2.999926836065e+03 
       1.300861316441e-03       3.031662773057e+03 
       1.315924580554e-03       3.063700628192e+03 
       1.331162269044e-03       3.096044795919e+03 
       1.346576401651e-03       3.128702286272e+03 
       1.362169021501e-03       3.161669165578e+03 
       1.377942195380e-03       3.194950840529e+03 
       1.393898014004e-03       3.228545182298e+03 
       1.410038592300e-03       3.262462384241e+03 
       1.426366069684e-03       3.296693702353e+03 
       1.442882610346e-03       3.331249632592e+03 
       1.459590403535e-03       3.366133112342e+03 
       1.476491663851e-03       3.401340328755e+03 
       1.493588631537e-03       3.436871407594e+03 
       1.510883572779e-03       3.472739888640e+03 
       1.528378780003e-03       3.508934028953e+03 
       1.546076572177e-03       3.545463014531e+03 
       1.563979295127e-03       3.582326726287e+03 
       1.582089321839e-03       3.619531202918e+03 
       1.600409052776e-03       3.657072783173e+03 
       1.618940916200e-03       3.694958083536e+03 
       1.637687368488e-03       3.733186499411e+03 
       1.656650894464e-03       3.771761102071e+03 
       1.675834007721e-03       3.810684484448e+03 
       1.695239250960e-03       3.849959267791e+03 
       1.714869196326e-03       3.889583930339e+03 
       1.734726445747e-03       3.929557409787e+03 
       1.754813631279e-03       3.969888836665e+03 
       1.775133415457e-03       4.010580860709e+03 
       1.795688491646e-03       4.051627331347e+03 
       1.816481584400e-03       4.093036790598e+03 
       1.837515449821e-03       4.134804101477e+03 
       1.858792875924e-03       4.176936674895e+03 
       1.880316683009e-03       4.219435841136e+03 
       1.902089724034e-03       4.262300894484e+03 
       1.924114884992e-03       4.305531627846e+03 
       1.946395085294e-03       4.349135159820e+03 
       1.968933278156e-03       4.393103761210e+03 
       1.991732450991e-03       4.437454139893e+03 
       2.014795625805e-03       4.482174050671e+03 
       2.038125859597e-03       4.527270229176e+03 
       2.061726244764e-03       4.572740647320e+03 
       2.085599909512e-03       4.618587934455e+03 
       2.109750018268e-03       4.664816080559e+03 
       2.134179772105e-03       4.711426129226e+03 
       2.158892409158e-03       4.758414400872e+03 
       2.183891205062e-03       4.805784300786e+03 
       2.209179473380e-03       4.853538634047e+03 
       2.234760566044e-03       4.901679347334e+03 
       2.260637873800e-03       4.950202593932e+03 
       2.286814826658e-03       4.999110955781e+03 
       2.313294894344e-03       5.048409536940e+03 
       2.340081586763e-03       5.098090384560e+03 
       2.367178454461e-03       5.148163091700e+03 
       2.394589089100e-03       5.198618968431e+03 
       2.422317123928e-03       5.249468534455e+03 
       2.450366234268e-03       5.300707422755e+03 
       2.478740137997e-03       5.352333475436e+03 
       2.507442596047e-03       5.404351110077e+03 
       2.536477412898e-03       5.456758647624e+03 
       2.565848437081e-03       5.509557198895e+03 
       2.595559561696e-03       5.562745895475e+03 
       2.625614724920e-03       5.616326328476e+03 
       2.656017910531e-03       5.670296887384e+03 
       2.686773148440e-03       5.724654447281e+03 
       2.717884515219e-03       5.779405481326e+03 
       2.749356134647e-03       5.834544908677e+03 
       2.781192178252e-03       5.890074231231e+03 
       2.813396865868e-03       5.945992657235e+03 
       2.845974466191e-03       6.002298881432e+03 
       2.878929297347e-03       6.058992150646e+03 
       2.912265727463e-03       6.116072611189e+03 
       2.945988175247e-03       6.173537925338e+03 
       2.980101110573e-03       6.231388199357e+03 
       3.014609055072e-03       6.289622305905e+03 
       3.049516582737e-03       6.348237679780e+03 
       3.084828320522e-03       6.407235917978e+03 
       3.120548948959e-03       6.466611898229e+03 
       3.156683202779e-03       6.526368783067e+03 
       3.193235871539e-03       6.586498781634e+03 
       3.230211800254e-03       6.647005441549e+03 
       3.267615890045e-03       6.707884721764e+03 
       3.305453098783e-03       6.769133706619e+03 
       3.343728441748e-03       6.830750698609e+03 
       3.382446992297e-03       6.892736935056e+03 
       3.421613882531e-03       6.955084942141e+03 
       3.461234303979e-03       7.017793074755e+03 
       3.501313508284e-03       7.080859233050e+03 
       3.541856807903e-03       7.144282401239e+03 
       3.582869576805e-03       7.208058377449e+03 
       3.624357251189e-03       7.272184504550e+03 
       3.666325330201e-03       7.336655974446e+03 
       3.708779376664e-03       7.401470853209e+03 
       3.751725017816e-03       7.466626618183e+03 
       3.795167946056e-03       7.532114958852e+03 
       3.839113919695e-03       7.597936210093e+03 
       3.883568763727e-03       7.664086888830e+03 
       3.928538370592e-03       7.730559527383e+03 
       3.974028700962e-03       7.797351819531e+03 
       4.020045784533e-03       7.864458615217e+03 
       4.066595720817e-03       7.931875842965e+03 
       4.113684679960e-03       7.999597773021e+03 
       4.161318903551e-03       8.067621826797e+03 
       4.209504705456e-03       8.135939915273e+03 
       4.258248472650e-03       8.204547702591e+03 
       4.307556666066e-03       8.273439081994e+03 
       4.357435821453e-03       8.342608264520e+03 
       4.407892550237e-03       8.412051507585e+03 
       4.458933540406e-03       8.481759136619e+03 
       4.510565557385e-03       8.551729700735e+03 
       4.562795444943e-03       8.621952067286e+03 
       4.615630126095e-03       8.692422022477e+03 
       4.669076604020e-03       8.763131589818e+03 
       4.723141962992e-03       8.834074422817e+03 
       4.777833369316e-03       8.905243003765e+03 
       4.833158072277e-03       8.976628738190e+03 
       4.889123405106e-03       9.048225733734e+03 
       4.945736785947e-03       9.120024958540e+03 
       5.003005718841e-03       9.192018328601e+03 
       5.060937794724e-03       9.264199179251e+03 
       5.119540692431e-03       9.336555526404e+03 
       5.178822179710e-03       9.409081419228e+03 
       5.238790114260e-03       9.481765573010e+03 
       5.299452444766e-03       9.554600427815e+03 
       5.360817211952e-03       9.627575676518e+03 
       5.422892549654e-03       9.700728998301e+03 
       5.485686685889e-03       9.773964123833e+03 
       5.549207943952e-03       9.847291087960e+03 
       5.613464743518e-03       9.920722137343e+03 
       5.678465601755e-03       9.994248782012e+03 
       5.744219134457e-03       1.006785812353e+04 
       5.810734057183e-03       1.014153306064e+04 
       5.878019186415e-03       1.021526410307e+04 
       5.946083440723e-03       1.028903543942e+04 
       6.014935841950e-03       1.036283812971e+04 
       6.084585516408e-03       1.043666104444e+04 
       6.155041696086e-03       1.051049039436e+04 
       6.226313719873e-03       1.058431451949e+04 
       6.298411034800e-03       1.065800575235e+04 
       6.371343197288e-03       1.073177922335e+04 
       6.445119874415e-03       1.080550937710e+04 
       6.519750845200e-03       1.087916648161e+04 
       6.595246001898e-03       1.095275287773e+04 
       6.671615351310e-03       1.102625098742e+04 
       6.748869016110e-03       1.109972943148e+04 
       6.827017236188e-03       1.117298167754e+04 
       6.906070370006e-03       1.124620383072e+04 
       6.986038895971e-03       1.131917182968e+04 
       7.066933413825e-03       1.139190578212e+04 
       7.148764646048e-03       1.146454370788e+04 
       7.231543439282e-03       1.153700674161e+04 
       7.315280765766e-03       1.160936821277e+04 
       7.399987724791e-03       1.168132572728e+04 
       7.485675544174e-03       1.175314354702e+04 
       7.572355581742e-03       1.182466484189e+04 
       7.660039326841e-03       1.189588765337e+04 
       7.748738401855e-03       1.196678272422e+04 
       7.838464563751e-03       1.203739818948e+04 
       7.929229705635e-03       1.210769758158e+04 
       8.021045858328e-03       1.217759668438e+04 
       8.113925191961e-03       1.224710336233e+04 
       8.207880017589e-03       1.231622196772e+04 
       8.302922788824e-03       1.238493069575e+04 
       8.399066103480e-03       1.245317375837e+04 
       8.496322705252e-03       1.252095682823e+04 
       8.594705485394e-03       1.258827766583e+04 
       8.694227484440e-03       1.265509192371e+04 
       8.794901893921e-03       1.272137146172e+04 
       8.896742058122e-03       1.278711541186e+04 
       8.999761475846e-03       1.285230342852e+04 
       9.103973802206e-03       1.291689312430e+04 
       9.209392850432e-03       1.298086458330e+04 
       9.316032593705e-03       1.304414550400e+04 
       9.423907167007e-03       1.310688080739e+04 
       9.533030868997e-03       1.316879345727e+04 
       9.643418163903e-03       1.323016121693e+04 
       9.755083683441e-03       1.329071277587e+04 
       9.868042228755e-03       1.335050213161e+04 
       9.982308772377e-03       1.340952253640e+04 
       1.009789846022e-02       1.346774508093e+04 
       1.021482661356e-02       1.352511296828e+04 
       1.033310873110e-02       1.358154615136e+04 
       1.045276049102e-02       1.363727596910e+04 
       1.057379775301e-02       1.369198519663e+04 
       1.069623656044e-02       1.374577252056e+04 
       1.082009314245e-02       1.379860018710e+04 
       1.094538391608e-02       1.385043343377e+04 
       1.107212548849e-02       1.390125322480e+04 
       1.120033465915e-02       1.395103325591e+04 
       1.133002842203e-02       1.399972799735e+04 
       1.146122396791e-02       1.404732328495e+04 
       1.159393868660e-02       1.409381580810e+04 
       1.172819016932e-02       1.413912044224e+04 
       1.186399621093e-02       1.418326121686e+04 
       1.200137481240e-02       1.422616871389e+04 
       1.214034418309e-02       1.426784585185e+04 
       1.228092274326e-02       1.430825816479e+04 
       1.242312912644e-02       1.434735784686e+04 
       1.256698218192e-02       1.438514023359e+04 
       1.271250097728e-02       1.442154805433e+04 
       1.285970480088e-02       1.445659256325e+04 
       1.300861316442e-02       1.449021679313e+04 
       1.315924580554e-02       1.452240845867e+04 
       1.331162269044e-02       1.455313125265e+04 
       1.346576401651e-02       1.458231928239e+04 
       1.362169021501e-02       1.460999943192e+04 
       1.377942195380e-02       1.463611929333e+04 
       1.393898014004e-02       1.466063912762e+04 
       1.410038592301e-02       1.468354632105e+04 
       1.426366069685e-02       1.470482490131e+04 
       1.442882610348e-02       1.472439231405e+04 
       1.459590403538e-02       1.474229597548e+04 
       1.476491663856e-02       1.475845848812e+04 
       1.493588631545e-02       1.477284046010e+04 
       1.510883572791e-02       1.478547231824e+04 
       1.528378780020e-02       1.479630195664e+04 
       1.546076572205e-02       1.480524823818e+04 
       1.563979295168e-02       1.481236374191e+04 
       1.582089321901e-02       1.481758702859e+04 
       1.600409052869e-02       1.482088767146e+04 
       1.618940916339e-02       1.482225783489e+04 
       1.637687368695e-02       1.482168618077e+04 
       1.656650894769e-02       1.481910105553e+04 
       1.675834008169e-02       1.481451405134e+04 
       1.695239251615e-02       1.480789818959e+04 
       1.714869197279e-02       1.479923954993e+04 
       1.734726447126e-02       1.478851581283e+04 
       1.754813633266e-02       1.477564770482e+04 
       1.775133418306e-02       1.476074834671e+04 
       1.795688495710e-02       1.474369426508e+04 
       1.816481590171e-02       1.472453290149e+04 
       1.837515457977e-02       1.470316483600e+04 
       1.858792887397e-02       1.467964389438e+04 
       1.880316699074e-02       1.465398053931e+04 
       1.902089746428e-02       1.462608991866e+04 
       1.924114916066e-02       1.459600308446e+04 
       1.946395128221e-02       1.456366346993e+04 
       1.968933337196e-02       1.452915866467e+04 
       1.991732531839e-02       1.449245868845e+04 
       2.014795736037e-02       1.445352068514e+04 
       2.038126009251e-02       1.441234471798e+04 
       2.061726447080e-02       1.436889644707e+04 
       2.085600181876e-02       1.432325348708e+04 
       2.109750383415e-02       1.427543146112e+04 
       2.134180259635e-02       1.422533872254e+04 
       2.158893057453e-02       1.417305986678e+04 
       2.183892063678e-02       1.411857728252e+04 
       2.209180606039e-02       1.406188254488e+04 
       2.234762054351e-02       1.400292748117e+04 
       2.260639821838e-02       1.394205407057e+04 
       2.286817366648e-02       1.387889118780e+04 
       2.313298193594e-02       1.381351521035e+04 
       2.340085856147e-02       1.374612396153e+04 
       2.367183958739e-02       1.367682099703e+04 
       2.394596159416e-02       1.360535512149e+04 
       2.422326172890e-02       1.353185493380e+04 
       2.450377774064e-02       1.345629873173e+04 
       2.478754802083e-02       1.337905892109e+04 
       2.507461164989e-02       1.329966256810e+04 
       2.536500845063e-02       1.321852583781e+04 
       2.565877904941e-02       1.313550230252e+04 
       2.595596494589e-02       1.305072635165e+04 
       2.625660859254e-02       1.296420499203e+04 
       2.656075348487e-02       1.287599677890e+04 
       2.686844426359e-02       1.278619520365e+04 
       2.717972682992e-02       1.269479840952e+04 
       2.749464847532e-02       1.260189907936e+04 
       2.781325802694e-02       1.250755006645e+04 
       2.813560601030e-02       1.241179393538e+04 
       2.846174483043e-02       1.231475004086e+04 
       2.879172897312e-02       1.221633679178e+04 
       2.912561522773e-02       1.211688458113e+04 
       2.946346293298e-02       1.201621224340e+04 
       2.980533424744e-02       1.191454833241e+04 
       3.015129444610e-02       1.181184463991e+04 
       3.050141224475e-02       1.170827921937e+04 
       3.085576015362e-02       1.160387016151e+04 
       3.121441486191e-02       1.149874427274e+04 
       3.157745765492e-02       1.139288180207e+04 
       3.194497486519e-02       1.128648562267e+04 
       3.231705835961e-02       1.117954549603e+04 
       3.269380606392e-02       1.107207229904e+04 
       3.307532252667e-02       1.096444723338e+04 
       3.346171952428e-02       1.085644776153e+04 
       3.385311670941e-02       1.074814456943e+04 
       3.424964230475e-02       1.063981783510e+04 
       3.465143384455e-02       1.053155220549e+04 
       3.505863896660e-02       1.042321326117e+04 
       3.547141625753e-02       1.031501917297e+04 
       3.588993615471e-02       1.020699648882e+04 
       3.631438190837e-02       1.009924020620e+04 
       3.674495060820e-02       9.991836271215e+03 
       3.718185427886e-02       9.884817402194e+03 
       3.762532104998e-02       9.778311210814e+03 
       3.807559640630e-02       9.672303140827e+03 
       3.853294452476e-02       9.566947839643e+03 
       3.899764970613e-02       9.462269884998e+03 
       3.947001790946e-02       9.358262122560e+03 
       3.995037839880e-02       9.255043839428e+03 
       4.043908551280e-02       9.152848320460e+03 
       4.093652056864e-02       9.051447667502e+03 
       4.144309391337e-02       8.951031290531e+03 
       4.195924713676e-02       8.851595064800e+03 
       4.248545546140e-02       8.753230971935e+03 
       4.302223032705e-02       8.655947698463e+03 
       4.357012218807e-02       8.559817448057e+03 
       4.412972354405e-02       8.464791245372e+03 
       4.470167222561e-02       8.371048250539e+03 
       4.528665495885e-02       8.278395920549e+03 
       4.588541123348e-02       8.187096204621e+03 
       4.649873750111e-02       8.097006580718e+03 
       4.712749173145e-02       8.008037832342e+03 
       4.777259835507e-02       7.920409020169e+03 
       4.843505362176e-02       7.833967016367e+03 
       4.911593140353e-02       7.748651878410e+03 
       4.981638946998e-02       7.664458000084e+03 
       5.053767626177e-02       7.581277646491e+03 
       5.128113818390e-02       7.498977155760e+03 
       5.204822743463e-02       7.417601151738e+03 
       5.284051037744e-02       7.336809567984e+03 
       5.365967645137e-02       7.256506280519e+03 
       5.450754759912e-02       7.176363209843e+03 
       5.538608817077e-02       7.096289628227e+03 
       5.629741523360e-02       7.015841998238e+03 
       5.724380918295e-02       6.934592736389e+03 
       5.822772450527e-02       6.852156266190e+03 
       5.925180049013e-02       6.767907959806e+03 
       6.031887162269e-02       6.681271985852e+03 
       6.143197731098e-02       6.591641368671e+03 
       6.259437051392e-02       6.498107549537e+03 
       6.380952473712e-02       6.399926899415e+03 
       6.508113875857e-02       6.295980752023e+03 
       6.641313834037e-02       6.185458500606e+03 
       6.780967408600e-02       6.067305558421e+03 
       6.927511452822e-02       5.940562673826e+03 
       7.081403349953e-02       5.804320993392e+03 
       7.243119086758e-02       5.657887221756e+03 
       7.413150583845e-02       5.500846703060e+03 
       7.592002226824e-02       5.333067955841e+03 
       7.780186580123e-02       5.155039943633e+03 
       7.978219318337e-02       4.967763402445e+03 
       8.186613477741e-02       4.772972962018e+03 
       8.405873209698e-02       4.573054531789e+03 
       8.636487301529e-02       4.371155049016e+03 
       8.878922808877e-02       4.170890973323e+03 
       9.133619204006e-02       3.976351120677e+03 
       9.400983473318e-02       3.791583915313e+03 
       9.681386583222e-02       3.620176422957e+03 
       9.975161670007e-02       3.464889463797e+03 
       1.028260419835e-01       3.327306803691e+03 
       1.060397418509e-01       3.207239409022e+03 
       1.093950041860e-01       3.102757527461e+03 
       1.128938644302e-01       3.009940013005e+03 
       1.165381794261e-01       2.923432560954e+03 
       1.203297107280e-01       2.836912821285e+03 
       1.242702124928e-01       2.744157567687e+03 
       1.283615192236e-01       2.640428526572e+03 
       1.326056292218e-01       2.523569608629e+03 
       1.370047804542e-01       2.394958880000e+03 
       1.415615164871e-01       2.259388134745e+03 
       1.462787410531e-01       2.123989244766e+03 
       1.511597605711e-01       1.996555219287e+03 
       1.562083144914e-01       1.883641086823e+03 
       1.614285936561e-01       1.788780776611e+03 
       1.668252469732e-01       1.711716908152e+03 
       1.724033766220e-01       1.648347899116e+03 
       1.781685217893e-01       1.591933623317e+03 
       1.841266306134e-01       1.535099864558e+03 
       1.902840196396e-01       1.472253910717e+03 
       1.966473196875e-01       1.401203889719e+03 
       2.032234066552e-01       1.324726595487e+03 
       2.100193154608e-01       1.249164617181e+03 
       2.170421351004e-01       1.180811046428e+03 
       2.242988827385e-01       1.122811121610e+03 
       2.317963548995e-01       1.074690259390e+03 
       2.395409542786e-01       1.032955335222e+03 
       2.475384915139e-01       9.925016121709e+02 
       2.557939625426e-01       9.494592809109e+02 
       2.643113039611e-01       9.036923004038e+02 
       2.730931311500e-01       8.581447751555e+02 
       2.821404667634e-01       8.164340711353e+02 
       2.914524703695e-01       7.805159467797e+02 
       3.010261832915e-01       7.491212311490e+02 
       3.108563056159e-01       7.193916819198e+02 
       3.209350243558e-01       6.895257670302e+02 
       3.312519122696e-01       6.595685154651e+02 
       3.417939152725e-01       6.311706525270e+02 
       3.525454423554e-01       6.055758473742e+02 
       3.634885654325e-01       5.825768881492e+02 
       3.746033280250e-01       5.611225157654e+02 
       3.858681521017e-01       5.403143852738e+02 
       3.972603230683e-01       5.203583688707e+02 
       4.087565252756e-01       5.017119227251e+02 
       4.203333957598e-01       4.846033191738e+02 
       4.319680629741e-01       4.687760849908e+02 
       4.436386400883e-01       4.539182894326e+02 
       4.553246483912e-01       4.398592078324e+02 
       4.670073543051e-01       4.265898063739e+02 
       4.786700121829e-01       4.142086953279e+02 
       4.902980131663e-01       4.026827599399e+02 
       5.018789470163e-01       3.919148819662e+02 
       5.134025884986e-01       3.817432079868e+02 
       5.248608225220e-01       3.721378054110e+02 
       5.362475230178e-01       3.630809258948e+02 
       5.475583999181e-01       3.545704077650e+02 
       5.587908270079e-01       3.465435356230e+02 
       5.699436613223e-01       3.389482029321e+02 
       5.810170624986e-01       3.317466107378e+02 
       5.920123183110e-01       3.249009761320e+02 
       6.029316806783e-01       3.184005306312e+02 
       6.137782148171e-01       3.122106725551e+02 
       6.245556629212e-01       3.063188428181e+02 
       6.352683227813e-01       3.006892260885e+02 
       6.459209410590e-01       2.953028650857e+02 
       6.565186204633e-01       2.901434261483e+02 
       6.670667397860e-01       2.851903771635e+02 
       6.775708856022e-01       2.804370249735e+02 
       6.880367943850e-01       2.758610528229e+02 
       6.984703037989e-01       2.714544220913e+02 
       7.088773119943e-01       2.672023818697e+02 
       7.192637438115e-01       2.630923438617e+02 
       7.296355229028e-01       2.591192918941e+02 
       7.399985488863e-01       2.552688040683e+02 
       7.503586787472e-01       2.515374252501e+02 
       7.607217118058e-01       2.479141706351e+02 
       7.710933776593e-01       2.443919896730e+02 
       7.814793265901e-01       2.409667908487e+02 
       7.918851220094e-01       2.376288003901e+02 
       8.023162345699e-01       2.343764533367e+02 
       8.127780376411e-01       2.312017241083e+02 
       8.232758038913e-01       2.281011653604e+02 
       8.338147027648e-01       2.250710046877e+02 
       8.443997986817e-01       2.221050612745e+02 
       8.550360498188e-01       2.192025498669e+02 
       8.657283073606e-01       2.163572386783e+02 
       8.764813151301e-01       2.135680435416e+02 
       8.872997095334e-01       2.108311236745e+02 
       8.981880197638e-01       2.081434533393e+02 
       9.091506682298e-01       2.055037514103e+02 
       9.201919711813e-01       2.029078174830e+02 
       9.313161395150e-01       2.003555823442e+02 
       9.425272797538e-01       1.978430896834e+02 
       9.538293951929e-01       1.953699782831e+02 
       9.652263872161e-01       1.929336439898e+02 
       9.767220567846e-01       1.905326678716e+02 
       9.883201061049e-01       1.881655977378e+02 
       1.000024140480e+00       1.858308732599e+02 
       1.011837670350e+00       1.835278475776e+02 
       1.023764113532e+00       1.812543538172e+02 
       1.035806797652e+00       1.790103277587e+02 
       1.047968962780e+00       1.767936684805e+02 
       1.060253764263e+00       1.746044971835e+02 
       1.072664275748e+00       1.724408011729e+02 
       1.085203492398e+00       1.703030156597e+02 
       1.097874334280e+00       1.681890944986e+02 
       1.110679649921e+00       1.660994752984e+02 
       1.123622220008e+00       1.640325314833e+02 
       1.136704761226e+00       1.619885269462e+02 
       1.149929930204e+00       1.599661064721e+02 
       1.163300327547e+00       1.579654332018e+02 
       1.176818501947e+00       1.559853587298e+02 
       1.190486954324e+00       1.540260914855e+02 
       1.204308141995e+00       1.520865382572e+02 
       1.218284482836e+00       1.501666920830e+02 
       1.232418359414e+00       1.482660789774e+02 
       1.246712123070e+00       1.463842329595e+02 
       1.261168097931e+00       1.445210395889e+02 
       1.275788584823e+00       1.426758744086e+02 
       1.290575865083e+00       1.408488182300e+02 
       1.305532204235e+00       1.390392350069e+02 
       1.320659855534e+00       1.372471288155e+02 
       1.335961063354e+00       1.354721645929e+02 
       1.351438066416e+00       1.337140181191e+02 
       1.367093100848e+00       1.319726929648e+02 
       1.382928403082e+00       1.302477164100e+02 
       1.398946212560e+00       1.285390528830e+02 
       1.415148774287e+00       1.268465432131e+02 
       1.431538341199e+00       1.251698505180e+02 
       1.448117176363e+00       1.235089237164e+02 
       1.464887555023e+00       1.218636016729e+02 
       1.481851766480e+00       1.202336356143e+02 
       1.499012115827e+00       1.186189820592e+02 
       1.516370925540e+00       1.170194621529e+02 
       1.533930536939e+00       1.154348725419e+02 
       1.551693311526e+00       1.138651981437e+02 
       1.569661632204e+00       1.123102467451e+02 
       1.587837904393e+00       1.107698812305e+02 
       1.606224557059e+00       1.092440164081e+02 
       1.624824043640e+00       1.077325373296e+02 
       1.643638842912e+00       1.062353624598e+02 
       1.662671459773e+00       1.047523452294e+02 
       1.681924425974e+00       1.032834102139e+02 
       1.701400300791e+00       1.018284981914e+02 
       1.721101671655e+00       1.003874635983e+02 
       1.741031154736e+00       9.896022117737e+01 
       1.761191395498e+00       9.754669201420e+01 
       1.781585069220e+00       9.614681332789e+01 
       1.802214881499e+00       9.476050391421e+01 
       1.823083568720e+00       9.338767654303e+01 
       1.844193898526e+00       9.202824290267e+01 
       1.865548670261e+00       9.068215315436e+01 
       1.887150715408e+00       8.934933662519e+01 
       1.909002898018e+00       8.802972674233e+01 
       1.931108115134e+00       8.672325755524e+01 
       1.953469297209e+00       8.542986080880e+01 
       1.976089408525e+00       8.414948509495e+01 
       1.998971447604e+00       8.288205602819e+01 
       2.022118447627e+00       8.162751619765e+01 
       2.045533476848e+00       8.038581967774e+01 
       2.069219639011e+00       7.915690181186e+01 
       2.093180073773e+00       7.794071843274e+01 
       2.117417957125e+00       7.673721251661e+01 
       2.141936501814e+00       7.554633301816e+01 
       2.166738957782e+00       7.436802886199e+01 
       2.191828612590e+00       7.320225009099e+01 
       2.217208791863e+00       7.204894822015e+01 
       2.242882859728e+00       7.090807592664e+01 
       2.268854219265e+00       6.977958522581e+01 
       2.295126312956e+00       6.866343042588e+01 
       2.321702623142e+00       6.755956351248e+01 
       2.348586672489e+00       6.646793928767e+01 
       2.375782024450e+00       6.538851229784e+01 
       2.403292283742e+00       6.432123899595e+01 
       2.431121096820e+00       6.326607342623e+01 
       2.459272152364e+00       6.222297108277e+01 
       2.487749181768e+00       6.119188667704e+01 
       2.516555959629e+00       6.017277572511e+01 
       2.545696304257e+00       5.916559448029e+01 
       2.575174078173e+00       5.817029709351e+01 
       2.604993188623e+00       5.718683994011e+01 
       2.635157588098e+00       5.621517548511e+01 
       2.665671274857e+00       5.525525870918e+01 
       2.696538293457e+00       5.430704399997e+01 
       2.727762735286e+00       5.337048473014e+01 
       2.759348739111e+00       5.244553351639e+01 
       2.791300491623e+00       5.153214252786e+01 
       2.823622227991e+00       5.063026351454e+01 
       2.856318232427e+00       4.973984738951e+01 
       2.889392838751e+00       4.886084449531e+01 
       2.922850430967e+00       4.799320366563e+01 
       2.956695443840e+00       4.713687375786e+01 
       2.990932363493e+00       4.629180196614e+01 
       3.025565727990e+00       4.545793487650e+01 
       3.060600127948e+00       4.463521779903e+01 
       3.096040207137e+00       4.382359510636e+01 
       3.131890663103e+00       4.302301008176e+01 
       3.168156247783e+00       4.223340488550e+01 
       3.204841768143e+00       4.145472031502e+01 
       3.241952086807e+00       4.068689622010e+01 
       3.279492122709e+00       3.992987089475e+01 
       3.317466851740e+00       3.918358159114e+01 
       3.355881307408e+00       3.844796409962e+01 
       3.394740581509e+00       3.772295305194e+01 
       3.434049824797e+00       3.700848157625e+01 
       3.473814247669e+00       3.630448160822e+01 
       3.514039120857e+00       3.561088360743e+01 
       3.554729776125e+00       3.492761678076e+01 
       3.595891606974e+00       3.425460893755e+01 
       3.637530069360e+00       3.359178652679e+01 
       3.679650682417e+00       3.293907467417e+01 
       3.722259029187e+00       3.229639715398e+01 
       3.765360757359e+00       3.166367643040e+01 
       3.808961580021e+00       3.104083369233e+01 
       3.853067276414e+00       3.042778881642e+01 
       3.897683692702e+00       2.982446043802e+01 
       3.942816742741e+00       2.923076598095e+01 
       3.988472408869e+00       2.864662166433e+01 
       4.034656742694e+00       2.807194254919e+01 
       4.081375865900e+00       2.750664257784e+01 
       4.128635971057e+00       2.695063460119e+01 
       4.176443322440e+00       2.640383043695e+01 
       4.224804256861e+00       2.586614090033e+01 
       4.273725184510e+00       2.533747585558e+01 
       4.323212589804e+00       2.481774425912e+01 
       4.373273032243e+00       2.430685421113e+01 
       4.423913147286e+00       2.380471300625e+01 
       4.475139647225e+00       2.331122718015e+01 
       4.526959322076e+00       2.282630256545e+01 
       4.579379040483e+00       2.234984434422e+01 
       4.632405750621e+00       2.188175709921e+01 
       4.686046481124e+00       2.142194486795e+01 
       4.740308342011e+00       2.097031119784e+01 
       4.795198525636e+00       2.052675919764e+01 
       4.850724307630e+00       2.009119159287e+01 
       4.906893047878e+00       1.966351077786e+01 
       4.963712191484e+00       1.924361886925e+01 
       5.021189269765e+00       1.883141775808e+01 
       5.079331901244e+00       1.842680916148e+01 
       5.138147792665e+00       1.802969467360e+01 
       5.197644740011e+00       1.763997581577e+01 
       5.257830629537e+00       1.725755408561e+01 
       5.318713438818e+00       1.688233100533e+01 
       5.380301237805e+00       1.651420816884e+01 
       5.442602189892e+00       1.615308728783e+01 
       5.505624553005e+00       1.579887023669e+01 
       5.569376680689e+00       1.545145909622e+01 
       5.633867023219e+00       1.511075619620e+01 
       5.699104128721e+00       1.477666415662e+01 
       5.765096644302e+00       1.444908592766e+01 
       5.831853317198e+00       1.412792482849e+01 
       5.899382995935e+00       1.381308458460e+01 
       5.967694631498e+00       1.350446936402e+01 
       6.036797278521e+00       1.320198381204e+01 
       6.106700096483e+00       1.290553308481e+01 
       6.177412350930e+00       1.261502288146e+01 
       6.248943414692e+00       1.233035947509e+01 
       6.321302769135e+00       1.205144974231e+01 
       6.394500005413e+00       1.177820119161e+01 
       6.468544825741e+00       1.151052199040e+01 
       6.543447044678e+00       1.124832099081e+01 
       6.619216590434e+00       1.099150775424e+01 
       6.695863506180e+00       1.073999257470e+01 
       6.773397951380e+00       1.049368650088e+01 
       6.851830203142e+00       1.025250135710e+01 
       6.931170657576e+00       1.001634976306e+01 
       7.011429831173e+00       9.785145152393e+00 
       7.092618362199e+00       9.558801790136e+00 
       7.174747012107e+00       9.337234789076e+00 
       7.257826666960e+00       9.120360124993e+00 
       7.341868338877e+00       8.908094650845e+00 
       7.426883167489e+00       8.700356109910e+00 
       7.512882421421e+00       8.497063147901e+00 
       7.599877499779e+00       8.298135324091e+00 
       7.687879933669e+00       8.103493121465e+00 
       7.776901387716e+00       7.913057955926e+00 
       7.866953661619e+00       7.726752184571e+00 
       7.958048691709e+00       7.544499113082e+00 
       8.050198552532e+00       7.366223002238e+00 
       8.143415458455e+00       7.191849073580e+00 
       8.237711765275e+00       7.021303514260e+00 
       8.333099971867e+00       6.854513481087e+00 
       8.429592721835e+00       6.691407103809e+00 
       8.527202805187e+00       6.531913487647e+00 
       8.625943160034e+00       6.375962715105e+00 
       8.725826874304e+00       6.223485847092e+00 
       8.826867187475e+00       6.074414923366e+00 
       8.929077492331e+00       5.928682962336e+00 
       9.032471336736e+00       5.786223960243e+00 
       9.137062425434e+00       5.646972889735e+00 
       9.242864621859e+00       5.510865697880e+00 
       9.349891949978e+00       5.377839303615e+00 
       9.458158596148e+00       5.247831594679e+00 
       9.567678910995e+00       5.120781424032e+00 
       9.678467411318e+00       4.996628605795e+00 
       9.790538782014e+00       4.875313910730e+00 
       9.903907878020e+00       4.756779061276e+00 
       1.001858972629e+01       4.640966726172e+00 
       1.013459952777e+01       4.527820514681e+00 
       1.025195265945e+01       4.417284970433e+00 
       1.037066467634e+01       4.309305564917e+00 
       1.049075131361e+01       4.203828690626e+00 
       1.061222848859e+01       4.100801653895e+00 
       1.073511230297e+01       4.000172667427e+00 
       1.085941904486e+01       3.901890842542e+00 
       1.098516519098e+01       3.805906181159e+00 
       1.111236740884e+01       3.712169567532e+00 
       1.124104255897e+01       3.620632759751e+00 
       1.137120769712e+01       3.531248381032e+00 
       1.150288007653e+01       3.443969910803e+00 
       1.163607715023e+01       3.358751675607e+00 
       1.177081657336e+01       3.275548839836e+00 
       1.190711620547e+01       3.194317396309e+00 
       1.204499411294e+01       3.115014156707e+00 
       1.218446857133e+01       3.037596741879e+00 
       1.232555806783e+01       2.962023572038e+00 
       1.246828130371e+01       2.888253856841e+00 
       1.261265719676e+01       2.816247585393e+00 
       1.275870488387e+01       2.745965516160e+00 
       1.290644372349e+01       2.677369166819e+00 
       1.305589329824e+01       2.610420804047e+00 
       1.320707341751e+01       2.545083433264e+00 
       1.336000412006e+01       2.481320788334e+00 
       1.351470567668e+01       2.419097321247e+00 
       1.367119859289e+01       2.358378191769e+00 
       1.382950361168e+01       2.299129257094e+00 
       1.398964171619e+01       2.241317061478e+00 
       1.415163413255e+01       2.184908825897e+00 
       1.431550233269e+01       2.129872437702e+00 
       1.448126803716e+01       2.076176440302e+00 
       1.464895321802e+01       2.023790022873e+00 
       1.481858010177e+01       1.972683010098e+00 
       1.499017117225e+01       1.922825851952e+00 
       1.516374917369e+01       1.874189613524e+00 
       1.533933711366e+01       1.826745964901e+00 
       1.551695826614e+01       1.780467171095e+00 
       1.569663617464e+01       1.735326082045e+00 
       1.587839465525e+01       1.691296122678e+00 
       1.606225779988e+01       1.648351283037e+00 
       1.624824997939e+01       1.606466108490e+00 
       1.643639584683e+01       1.565615690016e+00 
       1.662672034074e+01       1.525775654570e+00 
       1.681924868841e+01       1.486922155537e+00 
       1.701400640929e+01       1.449031863270e+00 
       1.721101931828e+01       1.412081955727e+00 
       1.741031352924e+01       1.376050109191e+00 
       1.761191545840e+01       1.340914489101e+00 
       1.781585182788e+01       1.306653740967e+00 
       1.802214966923e+01       1.273246981397e+00 
       1.823083632699e+01       1.240673789224e+00 
       1.844193946235e+01       1.208914196732e+00 
       1.865548705682e+01       1.177948680999e+00 
       1.887150741589e+01       1.147758155340e+00 
       1.909002917283e+01       1.118323960859e+00 
       1.931108129246e+01       1.089627858115e+00 
       1.953469307499e+01       1.061652018896e+00 
       1.976089415994e+01       1.034379018105e+00 
       1.998971453000e+01       1.007791825761e+00 
       2.022118451506e+01       9.818737991087e-01 
       2.045533479624e+01       9.566086748453e-01 
       2.069219640988e+01       9.319805614591e-01 
       2.093180075175e+01       9.079739316828e-01 
       2.117417958113e+01       8.845736150600e-01 
       2.141936502508e+01       8.617647906266e-01 
       2.166738958266e+01       8.395329797053e-01 
       2.191828612927e+01       8.178640388142e-01 
       2.217208792096e+01       7.967441526890e-01 
       2.242882859888e+01       7.761598274173e-01 
       2.268854219375e+01       7.560978836866e-01 
       2.295126313030e+01       7.365454501439e-01 
       2.321702623193e+01       7.174899568667e-01 
       2.348586672523e+01       6.989191289454e-01 
       2.375782024473e+01       6.808209801751e-01 
       2.403292283757e+01       6.631838068575e-01 
       2.431121096830e+01       6.459961817114e-01 
       2.459272152371e+01       6.292469478907e-01 
       2.487749181772e+01       6.129252131093e-01 
       2.516555959632e+01       5.970203438722e-01 
       2.545696304259e+01       5.815219598113e-01 
       2.575174078174e+01       5.664199281253e-01 
       2.604993188624e+01       5.517043581226e-01 
       2.635157588099e+01       5.373655958658e-01 
       2.665671274858e+01       5.233942189166e-01 
       2.696538293457e+01       5.097810311813e-01 
       2.727762735286e+01       4.965170578535e-01 
       2.759348739111e+01       4.835935404551e-01 
       2.791300491623e+01       4.710019319723e-01 
       2.823622227991e+01       4.587338920873e-01 
       2.856318232427e+01       4.467812825031e-01 
       2.889392838751e+01       4.351361623607e-01 
       2.922850430967e+01       4.237907837478e-01 
       2.956695443840e+01       4.127375872965e-01 
       2.990932363493e+01       4.019691978704e-01 
       3.025565727990e+01       3.914784203386e-01 
