# Matter power spectrum P(k) at redshift z=1
# for k=1.08312e-05 to 30.2868 h/Mpc,
# number of wavenumbers equal to 1158
#    1:k (h/Mpc)              2:P (Mpc/h)^3        
       1.083123087395e-05       1.453900006413e+01 
       1.095665061644e-05       1.470178824928e+01 
       1.108352265109e-05       1.486639764481e+01 
       1.121186379467e-05       1.503285152578e+01 
       1.134169105865e-05       1.520116908730e+01 
       1.147302165149e-05       1.537137179213e+01 
       1.160587298093e-05       1.554348180017e+01 
       1.174026265625e-05       1.571751884090e+01 
       1.187620849068e-05       1.589350512612e+01 
       1.201372850368e-05       1.607146335751e+01 
       1.215284092338e-05       1.625141390034e+01 
       1.229356418898e-05       1.643338009764e+01 
       1.243591695320e-05       1.661738344567e+01 
       1.257991808474e-05       1.680344865455e+01 
       1.272558667079e-05       1.699159790741e+01 
       1.287294201958e-05       1.718185426508e+01 
       1.302200366288e-05       1.737424242217e+01 
       1.317279135867e-05       1.756878539736e+01 
       1.332532509368e-05       1.776550634544e+01 
       1.347962508610e-05       1.796443279301e+01 
       1.363571178823e-05       1.816558661852e+01 
       1.379360588918e-05       1.836899506836e+01 
       1.395332831765e-05       1.857467936852e+01 
       1.411490024468e-05       1.878266943107e+01 
       1.427834308645e-05       1.899298714211e+01 
       1.444367850713e-05       1.920566640061e+01 
       1.461092842174e-05       1.942072469595e+01 
       1.478011499910e-05       1.963819011001e+01 
       1.495126066469e-05       1.985809650482e+01 
       1.512438810368e-05       2.008046409100e+01 
       1.529952026394e-05       2.030532294908e+01 
       1.547668035903e-05       2.053270103424e+01 
       1.565589187134e-05       2.076262645833e+01 
       1.583717855516e-05       2.099512798591e+01 
       1.602056443985e-05       2.123023450726e+01 
       1.620607383300e-05       2.146797532032e+01 
       1.639373132368e-05       2.170837991871e+01 
       1.658356178569e-05       2.195147806105e+01 
       1.677559038086e-05       2.219730041560e+01 
       1.696984256235e-05       2.244587706812e+01 
       1.716634407810e-05       2.269723935831e+01 
       1.736512097416e-05       2.295141812457e+01 
       1.756619959820e-05       2.320844523185e+01 
       1.776960660297e-05       2.346835259966e+01 
       1.797536894985e-05       2.373117221609e+01 
       1.818351391241e-05       2.399693798619e+01 
       1.839406908004e-05       2.426567822498e+01 
       1.860706236160e-05       2.453743504759e+01 
       1.882252198913e-05       2.481223628373e+01 
       1.904047652156e-05       2.509011778090e+01 
       1.926095484853e-05       2.537111359885e+01 
       1.948398619420e-05       2.565525827158e+01 
       1.970960012113e-05       2.594258949608e+01 
       1.993782653422e-05       2.623313920437e+01 
       2.016869568461e-05       2.652694792316e+01 
       2.040223817378e-05       2.682404848160e+01 
       2.063848495751e-05       2.712448114262e+01 
       2.087746735007e-05       2.742828052887e+01 
       2.111921702831e-05       2.773548566249e+01 
       2.136376603589e-05       2.804613623753e+01 
       2.161114678753e-05       2.836026834131e+01 
       2.186139207326e-05       2.867792259471e+01 
       2.211453506283e-05       2.899913807099e+01 
       2.237060931006e-05       2.932395664973e+01 
       2.262964875734e-05       2.965241544055e+01 
       2.289168774004e-05       2.998455902221e+01 
       2.315676099116e-05       3.032042619174e+01 
       2.342490364586e-05       3.066005969503e+01 
       2.369615124617e-05       3.100350286714e+01 
       2.397053974566e-05       3.135079743339e+01 
       2.424810551423e-05       3.170198711513e+01 
       2.452888534292e-05       3.205711571688e+01 
       2.481291644880e-05       3.241622834162e+01 
       2.510023647987e-05       3.277936793079e+01 
       2.539088352010e-05       3.314658187669e+01 
       2.568489609444e-05       3.351791434042e+01 
       2.598231317394e-05       3.389341417036e+01 
       2.628317418090e-05       3.427312580926e+01 
       2.658751899414e-05       3.465709829600e+01 
       2.689538795421e-05       3.504537708062e+01 
       2.720682186883e-05       3.543801452232e+01 
       2.752186201822e-05       3.583505683495e+01 
       2.784055016060e-05       3.623655558312e+01 
       2.816292853776e-05       3.664256128391e+01 
       2.848903988059e-05       3.705312225327e+01 
       2.881892741479e-05       3.746829137898e+01 
       2.915263486661e-05       3.788812065258e+01 
       2.949020646861e-05       3.831266247657e+01 
       2.983168696552e-05       3.874197018737e+01 
       3.017712162024e-05       3.917609672591e+01 
       3.052655621973e-05       3.961509822592e+01 
       3.088003708119e-05       4.005902889238e+01 
       3.123761105812e-05       4.050794402913e+01 
       3.159932554655e-05       4.096190076961e+01 
       3.196522849136e-05       4.142095542971e+01 
       3.233536839259e-05       4.188516544254e+01 
       3.270979431187e-05       4.235458995623e+01 
       3.308855587895e-05       4.282928687135e+01 
       3.347170329828e-05       4.330931707487e+01 
       3.385928735562e-05       4.379474013992e+01 
       3.425135942483e-05       4.428561677715e+01 
       3.464797147463e-05       4.478200930844e+01 
       3.504917607552e-05       4.528398038295e+01 
       3.545502640673e-05       4.579159227795e+01 
       3.586557626329e-05       4.630490991454e+01 
       3.628088006313e-05       4.682399728740e+01 
       3.670099285433e-05       4.734891944224e+01 
       3.712597032238e-05       4.787974332858e+01 
       3.755586879759e-05       4.841653540465e+01 
       3.799074526252e-05       4.895936330674e+01 
       3.843065735959e-05       4.950829526374e+01 
       3.887566339866e-05       5.006340194910e+01 
       3.932582236481e-05       5.062475197867e+01 
       3.978119392611e-05       5.119241722502e+01 
       4.024183844158e-05       5.176646847625e+01 
       4.070781696915e-05       5.234697851476e+01 
       4.117919127377e-05       5.293402147764e+01 
       4.165602383558e-05       5.352767173496e+01 
       4.213837785824e-05       5.412800348656e+01 
       4.262631727723e-05       5.473509290407e+01 
       4.311990676841e-05       5.534901762469e+01 
       4.361921175653e-05       5.596985481947e+01 
       4.412429842391e-05       5.659768364123e+01 
       4.463523371926e-05       5.723258345957e+01 
       4.515208536650e-05       5.787463485282e+01 
       4.567492187374e-05       5.852391935531e+01 
       4.620381254240e-05       5.918051981288e+01 
       4.673882747637e-05       5.984452021054e+01 
       4.728003759129e-05       6.051600441401e+01 
       4.782751462398e-05       6.119505790976e+01 
       4.838133114194e-05       6.188176608667e+01 
       4.894156055293e-05       6.257621843434e+01 
       4.950827711476e-05       6.327850364860e+01 
       5.008155594510e-05       6.398870900797e+01 
       5.066147303143e-05       6.470692738253e+01 
       5.124810524113e-05       6.543324952843e+01 
       5.184153033168e-05       6.616776913390e+01 
       5.244182696092e-05       6.691057923275e+01 
       5.304907469752e-05       6.766177554707e+01 
       5.366335403151e-05       6.842145406219e+01 
       5.428474638495e-05       6.918971256761e+01 
       5.491333412272e-05       6.996664950709e+01 
       5.554920056345e-05       7.075236344700e+01 
       5.619242999055e-05       7.154695687687e+01 
       5.684310766338e-05       7.235053194061e+01 
       5.750131982856e-05       7.316319239869e+01 
       5.816715373140e-05       7.398504067271e+01 
       5.884069762746e-05       7.481618510113e+01 
       5.952204079426e-05       7.565673217421e+01 
       6.021127354309e-05       7.650678994974e+01 
       6.090848723101e-05       7.736647027098e+01 
       6.161377427294e-05       7.823588114479e+01 
       6.232722815392e-05       7.911513754872e+01 
       6.304894344147e-05       8.000435302179e+01 
       6.377901579819e-05       8.090364258479e+01 
       6.451754199436e-05       8.181312278372e+01 
       6.526461992085e-05       8.273291197119e+01 
       6.602034860201e-05       8.366313020489e+01 
       6.678482820887e-05       8.460389705590e+01 
       6.755816007237e-05       8.555533909628e+01 
       6.834044669681e-05       8.651757554846e+01 
       6.913179177344e-05       8.749073549239e+01 
       6.993230019418e-05       8.847494631722e+01 
       7.074207806557e-05       8.947033302761e+01 
       7.156123272278e-05       9.047703104950e+01 
       7.238987274388e-05       9.149517086599e+01 
       7.322810796420e-05       9.252488377522e+01 
       7.407604949091e-05       9.356630659570e+01 
       7.493380971774e-05       9.461957851321e+01 
       7.580150233989e-05       9.568483651109e+01 
       7.667924236906e-05       9.676222093535e+01 
       7.756714614876e-05       9.785187550297e+01 
       7.846533136966e-05       9.895394284885e+01 
       7.937391708524e-05       1.000685697614e+02 
       8.029302372756e-05       1.011959036600e+02 
       8.122277312320e-05       1.023360962480e+02 
       8.216328850944e-05       1.034892957464e+02 
       8.311469455058e-05       1.046556583150e+02 
       8.407711735446e-05       1.058353393166e+02 
       8.505068448917e-05       1.070284957437e+02 
       8.603552499998e-05       1.082352887359e+02 
       8.703176942645e-05       1.094558772170e+02 
       8.803954981968e-05       1.106904251124e+02 
       8.905899975988e-05       1.119391004953e+02 
       9.009025437403e-05       1.132020703106e+02 
       9.113345035381e-05       1.144795049434e+02 
       9.218872597373e-05       1.157715783174e+02 
       9.325622110942e-05       1.170784612965e+02 
       9.433607725621e-05       1.184003337035e+02 
       9.542843754786e-05       1.197373726950e+02 
       9.653344677554e-05       1.210897624831e+02 
       9.765125140703e-05       1.224576853846e+02 
       9.878199960612e-05       1.238413277392e+02 
       9.992584125226e-05       1.252408788799e+02 
       1.010829279604e-04       1.266565301021e+02 
       1.022534131012e-04       1.280884749713e+02 
       1.034374518211e-04       1.295369103604e+02 
       1.046352010632e-04       1.310020347780e+02 
       1.058468195879e-04       1.324840504200e+02 
       1.070724679939e-04       1.339831613860e+02 
       1.083123087395e-04       1.354995746693e+02 
       1.095665061644e-04       1.370335002573e+02 
       1.108352265109e-04       1.385851509207e+02 
       1.121186379467e-04       1.401547419360e+02 
       1.134169105865e-04       1.417424921778e+02 
       1.147302165149e-04       1.433486224314e+02 
       1.160587298093e-04       1.449733565528e+02 
       1.174026265626e-04       1.466169230312e+02 
       1.187620849068e-04       1.482795515585e+02 
       1.201372850368e-04       1.499614756794e+02 
       1.215284092338e-04       1.516629318968e+02 
       1.229356418898e-04       1.533841601271e+02 
       1.243591695320e-04       1.551254037662e+02 
       1.257991808474e-04       1.568869087258e+02 
       1.272558667079e-04       1.586689246733e+02 
       1.287294201958e-04       1.604717051073e+02 
       1.302200366288e-04       1.622955058619e+02 
       1.317279135867e-04       1.641405875982e+02 
       1.332532509368e-04       1.660072134312e+02 
       1.347962508610e-04       1.678956503532e+02 
       1.363571178823e-04       1.698061690654e+02 
       1.379360588918e-04       1.717390439569e+02 
       1.395332831765e-04       1.736945531951e+02 
       1.411490024468e-04       1.756729784958e+02 
       1.427834308645e-04       1.776746056169e+02 
       1.444367850713e-04       1.796997238912e+02 
       1.461092842174e-04       1.817486269834e+02 
       1.478011499910e-04       1.838216118922e+02 
       1.495126066469e-04       1.859136426273e+02 
       1.512438810368e-04       1.880355768218e+02 
       1.529952026394e-04       1.901825062372e+02 
       1.547668035903e-04       1.923547448896e+02 
       1.565589187134e-04       1.945526103443e+02 
       1.583717855516e-04       1.967764253209e+02 
       1.602056443985e-04       1.990265153448e+02 
       1.620607383300e-04       2.013032114678e+02 
       1.639373132368e-04       2.036068488226e+02 
       1.658356178569e-04       2.059377670397e+02 
       1.677559038086e-04       2.082963096913e+02 
       1.696984256235e-04       2.106828257015e+02 
       1.716634407810e-04       2.130976681253e+02 
       1.736512097416e-04       2.155411940141e+02 
       1.756619959820e-04       2.180137659019e+02 
       1.776960660297e-04       2.205157511527e+02 
       1.797536894985e-04       2.230475202907e+02 
       1.818351391241e-04       2.256094509853e+02 
       1.839406908004e-04       2.282019242794e+02 
       1.860706236160e-04       2.308253248243e+02 
       1.882252198913e-04       2.334800445153e+02 
       1.904047652156e-04       2.361664781610e+02 
       1.926095484853e-04       2.388850264178e+02 
       1.948398619420e-04       2.416360957129e+02 
       1.970960012114e-04       2.444200946710e+02 
       1.993782653422e-04       2.472374387360e+02 
       2.016869568461e-04       2.500885493399e+02 
       2.040223817378e-04       2.529738496978e+02 
       2.063848495751e-04       2.558937714172e+02 
       2.087746735007e-04       2.588487483688e+02 
       2.111921702831e-04       2.618392207204e+02 
       2.136376603589e-04       2.648656332652e+02 
       2.161114678753e-04       2.679284356275e+02 
       2.186139207326e-04       2.710280818282e+02 
       2.211453506283e-04       2.741650324713e+02 
       2.237060931006e-04       2.773397509520e+02 
       2.262964875734e-04       2.805527062588e+02 
       2.289168774004e-04       2.838043732190e+02 
       2.315676099116e-04       2.870952292065e+02 
       2.342490364586e-04       2.904257586305e+02 
       2.369615124617e-04       2.937964482138e+02 
       2.397053974566e-04       2.972077914094e+02 
       2.424810551423e-04       3.006602846004e+02 
       2.452888534292e-04       3.041544293878e+02 
       2.481291644880e-04       3.076907312050e+02 
       2.510023647987e-04       3.112697005315e+02 
       2.539088352010e-04       3.148918505970e+02 
       2.568489609444e-04       3.185576997393e+02 
       2.598231317394e-04       3.222677706874e+02 
       2.628317418090e-04       3.260225877872e+02 
       2.658751899414e-04       3.298226818413e+02 
       2.689538795421e-04       3.336685846449e+02 
       2.720682186883e-04       3.375608327962e+02 
       2.752186201822e-04       3.414999658802e+02 
       2.784055016060e-04       3.454865265176e+02 
       2.816292853776e-04       3.495210597948e+02 
       2.848903988059e-04       3.536041138521e+02 
       2.881892741479e-04       3.577362391437e+02 
       2.915263486661e-04       3.619179886703e+02 
       2.949020646861e-04       3.661499169477e+02 
       2.983168696552e-04       3.704325806861e+02 
       3.017712162024e-04       3.747665380419e+02 
       3.052655621973e-04       3.791523481937e+02 
       3.088003708119e-04       3.835905721970e+02 
       3.123761105812e-04       3.880817713666e+02 
       3.159932554655e-04       3.926265074248e+02 
       3.196522849136e-04       3.972253427142e+02 
       3.233536839259e-04       4.018788391306e+02 
       3.270979431187e-04       4.065875588338e+02 
       3.308855587895e-04       4.113520619888e+02 
       3.347170329828e-04       4.161729092713e+02 
       3.385928735562e-04       4.210506587309e+02 
       3.425135942483e-04       4.259858683912e+02 
       3.464797147463e-04       4.309790922842e+02 
       3.504917607552e-04       4.360308835948e+02 
       3.545502640673e-04       4.411417917690e+02 
       3.586557626329e-04       4.463123634054e+02 
       3.628088006314e-04       4.515431417914e+02 
       3.670099285433e-04       4.568346662629e+02 
       3.712597032238e-04       4.621874717902e+02 
       3.755586879759e-04       4.676020885083e+02 
       3.799074526252e-04       4.730790417214e+02 
       3.843065735959e-04       4.786188511754e+02 
       3.887566339866e-04       4.842220304442e+02 
       3.932582236481e-04       4.898890878544e+02 
       3.978119392611e-04       4.956205230479e+02 
       4.024183844159e-04       5.014168310011e+02 
       4.070781696915e-04       5.072784975056e+02 
       4.117919127377e-04       5.132060009857e+02 
       4.165602383558e-04       5.191998114040e+02 
       4.213837785824e-04       5.252603906667e+02 
       4.262631727723e-04       5.313881908180e+02 
       4.311990676841e-04       5.375836550897e+02 
       4.361921175653e-04       5.438472165706e+02 
       4.412429842391e-04       5.501792986160e+02 
       4.463523371926e-04       5.565803132962e+02 
       4.515208536650e-04       5.630506629262e+02 
       4.567492187374e-04       5.695907382325e+02 
       4.620381254240e-04       5.762009172195e+02 
       4.673882747637e-04       5.828815689473e+02 
       4.728003759129e-04       5.896330482932e+02 
       4.782751462398e-04       5.964556988869e+02 
       4.838133114194e-04       6.033498513077e+02 
       4.894156055293e-04       6.103158242421e+02 
       4.950827711476e-04       6.173539229733e+02 
       5.008155594510e-04       6.244644402069e+02 
       5.066147303143e-04       6.316476554414e+02 
       5.124810524113e-04       6.389038357624e+02 
       5.184153033168e-04       6.462332331783e+02 
       5.244182696092e-04       6.536360885242e+02 
       5.304907469752e-04       6.611126282064e+02 
       5.366335403151e-04       6.686630658707e+02 
       5.428474638495e-04       6.762876021868e+02 
       5.491333412272e-04       6.839864245174e+02 
       5.554920056346e-04       6.917597076730e+02 
       5.619242999055e-04       6.996076133754e+02 
       5.684310766338e-04       7.075302917108e+02 
       5.750131982856e-04       7.155278789395e+02 
       5.816715373140e-04       7.236005018631e+02 
       5.884069762746e-04       7.317482736422e+02 
       5.952204079426e-04       7.399712969419e+02 
       6.021127354309e-04       7.482696647257e+02 
       6.090848723101e-04       7.566434580002e+02 
       6.161377427295e-04       7.650927511237e+02 
       6.232722815392e-04       7.736176044651e+02 
       6.304894344147e-04       7.822180739943e+02 
       6.377901579819e-04       7.908942061028e+02 
       6.451754199436e-04       7.996460388508e+02 
       6.526461992085e-04       8.084736060894e+02 
       6.602034860201e-04       8.173769341209e+02 
       6.678482820887e-04       8.263560457388e+02 
       6.755816007237e-04       8.354109576725e+02 
       6.834044669681e-04       8.445416826254e+02 
       6.913179177344e-04       8.537482349282e+02 
       6.993230019419e-04       8.630306237482e+02 
       7.074207806557e-04       8.723888586090e+02 
       7.156123272278e-04       8.818229497417e+02 
       7.238987274388e-04       8.913329078574e+02 
       7.322810796420e-04       9.009187481917e+02 
       7.407604949091e-04       9.105804863324e+02 
       7.493380971774e-04       9.203181458003e+02 
       7.580150233989e-04       9.301317504556e+02 
       7.667924236906e-04       9.400213395877e+02 
       7.756714614876e-04       9.499869521336e+02 
       7.846533136966e-04       9.600286389530e+02 
       7.937391708524e-04       9.701464649373e+02 
       8.029302372756e-04       9.803404972423e+02 
       8.122277312320e-04       9.906108223454e+02 
       8.216328850945e-04       1.000957537701e+03 
       8.311469455058e-04       1.011380758562e+03 
       8.407711735446e-04       1.021880612240e+03 
       8.505068448917e-04       1.032457242786e+03 
       8.603552499998e-04       1.043110812116e+03 
       8.703176942645e-04       1.053841506458e+03 
       8.803954981968e-04       1.064649523243e+03 
       8.905899975988e-04       1.075535088047e+03 
       9.009025437403e-04       1.086498444750e+03 
       9.113345035382e-04       1.097539860535e+03 
       9.218872597373e-04       1.108659630339e+03 
       9.325622110943e-04       1.119858062339e+03 
       9.433607725621e-04       1.131135507787e+03 
       9.542843754786e-04       1.142492330104e+03 
       9.653344677554e-04       1.153928923497e+03 
       9.765125140703e-04       1.165445711407e+03 
       9.878199960612e-04       1.177043146341e+03 
       9.992584125226e-04       1.188721707131e+03 
       1.010829279604e-03       1.200481905388e+03 
       1.022534131012e-03       1.212324275119e+03 
       1.034374518211e-03       1.224249392475e+03 
       1.046352010632e-03       1.236257851953e+03 
       1.058468195879e-03       1.248350291039e+03 
       1.070724679939e-03       1.260527368669e+03 
       1.083123087395e-03       1.272789777783e+03 
       1.095665061644e-03       1.285138247833e+03 
       1.108352265109e-03       1.297573532690e+03 
       1.121186379467e-03       1.310096419972e+03 
       1.134169105865e-03       1.322707729692e+03 
       1.147302165149e-03       1.335408309800e+03 
       1.160587298093e-03       1.348199049868e+03 
       1.174026265626e-03       1.361080850700e+03 
       1.187620849068e-03       1.374054657539e+03 
       1.201372850368e-03       1.387121444087e+03 
       1.215284092338e-03       1.400282204544e+03 
       1.229356418898e-03       1.413537972523e+03 
       1.243591695320e-03       1.426889802238e+03 
       1.257991808474e-03       1.440338776690e+03 
       1.272558667079e-03       1.453886003442e+03 
       1.287294201958e-03       1.467532615794e+03 
       1.302200366288e-03       1.481279777341e+03 
       1.317279135867e-03       1.495128670521e+03 
       1.332532509368e-03       1.509080492789e+03 
       1.347962508610e-03       1.523136472944e+03 
       1.363571178823e-03       1.537297855254e+03 
       1.379360588918e-03       1.551565910175e+03 
       1.395332831765e-03       1.565941914675e+03 
       1.411490024468e-03       1.580427175836e+03 
       1.427834308645e-03       1.595023003068e+03 
       1.444367850713e-03       1.609730720982e+03 
       1.461092842174e-03       1.624551682227e+03 
       1.478011499910e-03       1.639487225285e+03 
       1.495126066469e-03       1.654538719713e+03 
       1.512438810368e-03       1.669707540923e+03 
       1.529952026394e-03       1.684995027665e+03 
       1.547668035903e-03       1.700401048826e+03 
       1.565589187134e-03       1.715928527607e+03 
       1.583717855517e-03       1.731578838416e+03 
       1.602056443985e-03       1.747353392207e+03 
       1.620607383300e-03       1.763253561042e+03 
       1.639373132368e-03       1.779280744784e+03 
       1.658356178569e-03       1.795436332911e+03 
       1.677559038086e-03       1.811721713277e+03 
       1.696984256235e-03       1.828138257516e+03 
       1.716634407810e-03       1.844687339516e+03 
       1.736512097417e-03       1.861370320095e+03 
       1.756619959820e-03       1.878188561572e+03 
       1.776960660297e-03       1.895143394882e+03 
       1.797536894985e-03       1.912236160141e+03 
       1.818351391241e-03       1.929468163996e+03 
       1.839406908004e-03       1.946840736607e+03 
       1.860706236160e-03       1.964355131031e+03 
       1.882252198913e-03       1.982012641249e+03 
       1.904047652156e-03       1.999814503579e+03 
       1.926095484853e-03       2.017761972241e+03 
       1.948398619420e-03       2.035856249910e+03 
       1.970960012114e-03       2.054098529917e+03 
       1.993782653422e-03       2.072489977818e+03 
       2.016869568461e-03       2.091031738393e+03 
       2.040223817378e-03       2.109724932199e+03 
       2.063848495751e-03       2.128570663263e+03 
       2.087746735007e-03       2.147569979199e+03 
       2.111921702831e-03       2.166723941778e+03 
       2.136376603589e-03       2.186033578895e+03 
       2.161114678753e-03       2.205499808612e+03 
       2.186139207326e-03       2.225123643835e+03 
       2.211453506283e-03       2.244905980254e+03 
       2.237060931007e-03       2.264847698359e+03 
       2.262964875734e-03       2.284949655959e+03 
       2.289168774004e-03       2.305212719416e+03 
       2.315676099116e-03       2.325637618928e+03 
       2.342490364586e-03       2.346225131675e+03 
       2.369615124617e-03       2.366975947636e+03 
       2.397053974566e-03       2.387890753590e+03 
       2.424810551423e-03       2.408970197255e+03 
       2.452888534292e-03       2.430214816596e+03 
       2.481291644880e-03       2.451625281669e+03 
       2.510023647987e-03       2.473202064774e+03 
       2.539088352010e-03       2.494945498989e+03 
       2.568489609444e-03       2.516856213580e+03 
       2.598231317394e-03       2.538934508400e+03 
       2.628317418090e-03       2.561180743162e+03 
       2.658751899414e-03       2.583595238522e+03 
       2.689538795421e-03       2.606178224707e+03 
       2.720682186883e-03       2.628929936117e+03 
       2.752186201822e-03       2.651850532122e+03 
       2.784055016061e-03       2.674940107236e+03 
       2.816292853776e-03       2.698198729486e+03 
       2.848903988059e-03       2.721626448475e+03 
       2.881892741479e-03       2.745223228509e+03 
       2.915263486661e-03       2.768989116997e+03 
       2.949020646861e-03       2.792923601858e+03 
       2.983168696552e-03       2.817026881678e+03 
       3.017712162024e-03       2.841298582326e+03 
       3.052655621973e-03       2.865738355890e+03 
       3.088003708119e-03       2.890346032015e+03 
       3.123761105812e-03       2.915121122065e+03 
       3.159932554655e-03       2.940063138997e+03 
       3.196522849136e-03       2.965171578394e+03 
       3.233536839259e-03       2.990445867291e+03 
       3.270979431187e-03       3.015885385959e+03 
       3.308855587895e-03       3.041489471287e+03 
       3.347170329828e-03       3.067257358197e+03 
       3.385928735562e-03       3.093188180018e+03 
       3.425135942483e-03       3.119281149587e+03 
       3.464797147463e-03       3.145535294947e+03 
       3.504917607552e-03       3.171949620524e+03 
       3.545502640673e-03       3.198522838479e+03 
       3.586557626329e-03       3.225254160353e+03 
       3.628088006314e-03       3.252142306017e+03 
       3.670099285434e-03       3.279185824046e+03 
       3.712597032239e-03       3.306383467779e+03 
       3.755586879759e-03       3.333733805284e+03 
       3.799074526252e-03       3.361235305118e+03 
       3.843065735959e-03       3.388886573361e+03 
       3.887566339866e-03       3.416686204017e+03 
       3.932582236481e-03       3.444631620621e+03 
       3.978119392611e-03       3.472721874732e+03 
       4.024183844159e-03       3.500954695585e+03 
       4.070781696915e-03       3.529328497448e+03 
       4.117919127377e-03       3.557840993555e+03 
       4.165602383558e-03       3.586490324578e+03 
       4.213837785824e-03       3.615274243202e+03 
       4.262631727723e-03       3.644190205464e+03 
       4.311990676841e-03       3.673236496535e+03 
       4.361921175653e-03       3.702410202297e+03 
       4.412429842392e-03       3.731708979990e+03 
       4.463523371927e-03       3.761129792381e+03 
       4.515208536650e-03       3.790671437267e+03 
       4.567492187374e-03       3.820329762235e+03 
       4.620381254240e-03       3.850102326302e+03 
       4.673882747637e-03       3.879986104190e+03 
       4.728003759129e-03       3.909978383927e+03 
       4.782751462399e-03       3.940075878240e+03 
       4.838133114194e-03       3.970275013009e+03 
       4.894156055293e-03       4.000573228746e+03 
       4.950827711476e-03       4.030966711773e+03 
       5.008155594510e-03       4.061451943604e+03 
       5.066147303143e-03       4.092025929764e+03 
       5.124810524113e-03       4.122683741373e+03 
       5.184153033168e-03       4.153422674226e+03 
       5.244182696092e-03       4.184237966827e+03 
       5.304907469752e-03       4.215126277696e+03 
       5.366335403151e-03       4.246083448810e+03 
       5.428474638495e-03       4.277105245744e+03 
       5.491333412272e-03       4.308186850384e+03 
       5.554920056346e-03       4.339324219071e+03 
       5.619242999055e-03       4.370512985987e+03 
       5.684310766338e-03       4.401748367606e+03 
       5.750131982856e-03       4.433026439579e+03 
       5.816715373140e-03       4.464340593515e+03 
       5.884069762746e-03       4.495686908341e+03 
       5.952204079426e-03       4.527059445591e+03 
       6.021127354309e-03       4.558454772805e+03 
       6.090848723101e-03       4.589866621055e+03 
       6.161377427295e-03       4.621289489193e+03 
       6.232722815392e-03       4.652718388084e+03 
       6.304894344147e-03       4.684145986542e+03 
       6.377901579819e-03       4.715568125376e+03 
       6.451754199437e-03       4.746979539704e+03 
       6.526461992085e-03       4.778379448976e+03 
       6.602034860201e-03       4.809746890310e+03 
       6.678482820887e-03       4.841084625471e+03 
       6.755816007237e-03       4.872382208482e+03 
       6.834044669681e-03       4.903637687963e+03 
       6.913179177344e-03       4.934844606810e+03 
       6.993230019419e-03       4.965997683709e+03 
       7.074207806557e-03       4.997087424765e+03 
       7.156123272278e-03       5.028086457153e+03 
       7.238987274388e-03       5.059022182289e+03 
       7.322810796420e-03       5.089870566201e+03 
       7.407604949091e-03       5.120636099247e+03 
       7.493380971774e-03       5.151304156295e+03 
       7.580150233989e-03       5.181865301568e+03 
       7.667924236907e-03       5.212309487449e+03 
       7.756714614876e-03       5.242627129186e+03 
       7.846533136966e-03       5.272815967668e+03 
       7.937391708524e-03       5.302878926001e+03 
       8.029302372756e-03       5.332776304049e+03 
       8.122277312320e-03       5.362517716498e+03 
       8.216328850945e-03       5.392092421638e+03 
       8.311469455058e-03       5.421491985935e+03 
       8.407711735446e-03       5.450712706937e+03 
       8.505068448917e-03       5.479740401678e+03 
       8.603552499998e-03       5.508568198199e+03 
       8.703176942645e-03       5.537185001840e+03 
       8.803954981968e-03       5.565582004484e+03 
       8.905899975988e-03       5.593748545417e+03 
       9.009025437403e-03       5.621676635560e+03 
       9.113345035382e-03       5.649356691731e+03 
       9.218872597374e-03       5.676778651239e+03 
       9.325622110943e-03       5.703931647434e+03 
       9.433607725621e-03       5.730805789322e+03 
       9.542843754786e-03       5.757389991006e+03 
       9.653344677554e-03       5.783675190252e+03 
       9.765125140703e-03       5.809649465491e+03 
       9.878199960612e-03       5.835302684074e+03 
       9.992584125226e-03       5.860623632567e+03 
       1.010829279604e-02       5.885601761598e+03 
       1.022534131012e-02       5.910226086795e+03 
       1.034374518211e-02       5.934485824087e+03 
       1.046352010632e-02       5.958368360159e+03 
       1.058468195879e-02       5.981862880959e+03 
       1.070724679939e-02       6.004959346541e+03 
       1.083123087395e-02       6.027643353067e+03 
       1.095665061644e-02       6.049904096773e+03 
       1.108352265109e-02       6.071730859705e+03 
       1.121186379467e-02       6.093110876038e+03 
       1.134169105865e-02       6.114033227801e+03 
       1.147302165149e-02       6.134482811415e+03 
       1.160587298093e-02       6.154452562914e+03 
       1.174026265626e-02       6.173922536137e+03 
       1.187620849068e-02       6.192888044023e+03 
       1.201372850368e-02       6.211330459103e+03 
       1.215284092338e-02       6.229243043484e+03 
       1.229356418898e-02       6.246608471939e+03 
       1.243591695320e-02       6.263417306791e+03 
       1.257991808474e-02       6.279657263344e+03 
       1.272558667079e-02       6.295310771482e+03 
       1.287294201958e-02       6.310373522118e+03 
       1.302200366288e-02       6.324824498720e+03 
       1.317279135867e-02       6.338659939775e+03 
       1.332532509368e-02       6.351859017436e+03 
       1.347962508611e-02       6.364411401270e+03 
       1.363571178823e-02       6.376301798770e+03 
       1.379360588919e-02       6.387523088294e+03 
       1.395332831766e-02       6.398062312781e+03 
       1.411490024469e-02       6.407902741157e+03 
       1.427834308646e-02       6.417033879171e+03 
       1.444367850715e-02       6.425444597162e+03 
       1.461092842178e-02       6.433124556952e+03 
       1.478011499915e-02       6.440053330483e+03 
       1.495126066476e-02       6.446226205420e+03 
       1.512438810380e-02       6.451630769179e+03 
       1.529952026412e-02       6.456248420797e+03 
       1.547668035931e-02       6.460077607159e+03 
       1.565589187177e-02       6.463099158652e+03 
       1.583717855581e-02       6.465304176211e+03 
       1.602056444082e-02       6.466692123936e+03 
       1.620607383444e-02       6.467229319975e+03 
       1.639373132582e-02       6.466928778943e+03 
       1.658356178885e-02       6.465766126438e+03 
       1.677559038549e-02       6.463740343331e+03 
       1.696984256912e-02       6.460836371258e+03 
       1.716634408795e-02       6.457036234875e+03 
       1.736512098841e-02       6.452351511644e+03 
       1.756619961871e-02       6.446752849600e+03 
       1.776960663235e-02       6.440247642974e+03 
       1.797536899175e-02       6.432824938224e+03 
       1.818351397188e-02       6.424479235138e+03 
       1.839406916406e-02       6.415190632443e+03 
       1.860706247975e-02       6.404960715461e+03 
       1.882252215450e-02       6.393802573748e+03 
       1.904047675198e-02       6.381682969888e+03 
       1.926095516815e-02       6.368608847587e+03 
       1.948398663557e-02       6.354582672893e+03 
       1.970960072795e-02       6.339594442126e+03 
       1.993782736486e-02       6.323634971877e+03 
       2.016869681673e-02       6.306703916068e+03 
       2.040223971021e-02       6.288826172515e+03 
       2.063848703383e-02       6.269971800449e+03 
       2.087747014427e-02       6.250156827607e+03 
       2.111922077304e-02       6.229372579021e+03 
       2.136377103395e-02       6.207622148062e+03 
       2.161115343139e-02       6.184915345545e+03 
       2.186140086949e-02       6.161262245036e+03 
       2.211454666258e-02       6.136643793403e+03 
       2.237062454691e-02       6.111098192893e+03 
       2.262966869409e-02       6.084593578319e+03 
       2.289171372639e-02       6.057181592996e+03 
       2.315679473436e-02       6.028826162282e+03 
       2.342494729702e-02       5.999583792855e+03 
       2.369620750517e-02       5.969422596982e+03 
       2.397061198822e-02       5.938372760527e+03 
       2.424819794513e-02       5.906450222760e+03 
       2.452900318010e-02       5.873670459065e+03 
       2.481306614350e-02       5.840034807472e+03 
       2.510042597908e-02       5.805576711437e+03 
       2.539112257798e-02       5.770322283434e+03 
       2.568519664056e-02       5.734253919009e+03 
       2.598268974703e-02       5.697414184143e+03 
       2.628364443780e-02       5.659858851679e+03 
       2.658810430471e-02       5.621489777688e+03 
       2.689611409427e-02       5.582463271848e+03 
       2.720771982421e-02       5.542774609155e+03 
       2.752296891449e-02       5.502318710093e+03 
       2.784191033418e-02       5.461388736717e+03 
       2.816459476571e-02       5.419685513502e+03 
       2.849107478770e-02       5.377554520899e+03 
       2.882140507802e-02       5.334762374520e+03 
       2.915564263850e-02       5.291476570861e+03 
       2.949384704287e-02       5.247724579562e+03 
       2.983608070941e-02       5.203525889358e+03 
       3.018240919990e-02       5.158883302255e+03 
       3.053290154644e-02       5.113823206634e+03 
       3.088763060775e-02       5.068403511960e+03 
       3.124667345649e-02       5.022671981164e+03 
       3.161011179922e-02       4.976666591776e+03 
       3.197803243066e-02       4.930367989837e+03 
       3.235052772394e-02       4.883846961308e+03 
       3.272769615852e-02       4.837129636728e+03 
       3.310964288758e-02       4.790226793554e+03 
       3.349648034680e-02       4.743252561270e+03 
       3.388832890662e-02       4.696193018319e+03 
       3.428531757004e-02       4.649024088869e+03 
       3.468758471849e-02       4.601878903344e+03 
       3.509527890826e-02       4.554725404028e+03 
       3.550855972067e-02       4.507641246744e+03 
       3.592759866901e-02       4.460597244371e+03 
       3.635258016612e-02       4.413709220476e+03 
       3.678370255678e-02       4.366947312529e+03 
       3.722117921955e-02       4.320372679521e+03 
       3.766523974341e-02       4.273989843743e+03 
       3.811613118525e-02       4.227841897680e+03 
       3.857411941488e-02       4.181969534018e+03 
       3.903949055525e-02       4.136406150951e+03 
       3.951255252625e-02       4.091098601849e+03 
       3.999363670176e-02       4.046197355964e+03 
       4.048309969040e-02       4.001664907494e+03 
       4.098132525180e-02       3.957489532978e+03 
       4.148872636137e-02       3.913775719461e+03 
       4.200574743795e-02       3.870477514917e+03 
       4.253286675008e-02       3.827644599969e+03 
       4.307059901820e-02       3.785267289756e+03 
       4.361949823142e-02       3.743394374555e+03 
       4.418016069956e-02       3.702021673420e+03 
       4.475322836215e-02       3.661177721985e+03 
       4.533939237833e-02       3.620852988927e+03 
       4.593939702259e-02       3.581061475767e+03 
       4.655404391309e-02       3.541809554618e+03 
       4.718419660034e-02       3.503090289832e+03 
       4.783078554492e-02       3.464908802130e+03 
       4.849481351340e-02       3.427241059563e+03 
       4.917736142136e-02       3.390057562058e+03 
       4.987959465107e-02       3.353386162704e+03 
       5.060276986945e-02       3.317099032398e+03 
       5.134824236740e-02       3.281298889561e+03 
       5.211747393584e-02       3.245806383023e+03 
       5.291204128498e-02       3.210590654823e+03 
       5.373364500083e-02       3.175458005187e+03 
       5.458411901676e-02       3.140647916436e+03 
       5.546544055599e-02       3.105682763589e+03 
       5.637974047243e-02       3.070540036843e+03 
       5.732931388171e-02       3.035034326455e+03 
       5.831663092904e-02       2.998968163226e+03 
       5.934434748550e-02       2.962096084493e+03 
       6.041531549813e-02       2.924138143850e+03 
       6.153259264091e-02       2.884785251628e+03 
       6.269945082416e-02       2.843694900692e+03 
       6.391938302089e-02       2.800457446997e+03 
       6.519610776249e-02       2.754673537464e+03 
       6.653357055129e-02       2.705886328636e+03 
       6.793594134185e-02       2.653671389409e+03 
       6.940760717106e-02       2.597568068300e+03 
       7.095315898906e-02       2.537208787807e+03 
       7.257737177942e-02       2.472266093827e+03 
       7.428517718742e-02       2.402558462844e+03 
       7.608162812339e-02       2.328052863944e+03 
       7.797185519953e-02       2.248954753861e+03 
       7.996101540182e-02       2.165736139330e+03 
       8.205423408827e-02       2.079162897238e+03 
       8.425654220264e-02       1.990345325383e+03 
       8.657281143132e-02       1.900728512217e+03 
       8.900769080508e-02       1.811894761309e+03 
       9.156554882947e-02       1.725691075555e+03 
       9.425042548318e-02       1.643886203978e+03 
       9.706599824047e-02       1.568085109932e+03 
       1.000155655963e-01       1.499516417447e+03 
       1.031020504245e-01       1.438806383865e+03 
       1.063280239959e-01       1.385836049953e+03 
       1.096957498146e-01       1.339662084057e+03 
       1.132072448346e-01       1.298502157619e+03 
       1.168643543134e-01       1.259888781388e+03 
       1.206688357167e-01       1.220985816807e+03 
       1.246224467797e-01       1.179034634627e+03 
       1.287270330354e-01       1.131975269034e+03 
       1.329846107298e-01       1.078983569150e+03 
       1.373974419095e-01       1.020799784419e+03 
       1.419680994194e-01       9.596738625145e+02 
       1.466995204452e-01       8.988774523275e+02 
       1.515950479794e-01       8.419102986265e+02 
       1.566584601192e-01       7.916300086800e+02 
       1.618939874041e-01       7.495246669210e+02 
       1.673063184907e-01       7.153380589060e+02 
       1.729005943688e-01       6.870978790080e+02 
       1.786823910939e-01       6.617011330251e+02 
       1.846576906831e-01       6.358725983316e+02 
       1.908328394403e-01       6.071525918397e+02 
       1.972144925824e-01       5.747287129927e+02 
       2.038095436558e-01       5.400487052442e+02 
       2.106250369219e-01       5.060442390777e+02 
       2.176680606788e-01       4.754899226225e+02 
       2.249456194367e-01       4.496838033327e+02 
       2.324644830436e-01       4.282740097999e+02 
       2.402310113331e-01       4.096097979651e+02 
       2.482509537301e-01       3.913430953422e+02 
       2.565292245694e-01       3.718236712828e+02 
       2.650696567297e-01       3.511367822504e+02 
       2.738747385722e-01       3.306936943697e+02 
       2.829453420466e-01       3.121310211272e+02 
       2.922804530380e-01       2.962436610039e+02 
       3.018769182775e-01       2.823429930322e+02 
       3.117292260021e-01       2.691167491628e+02 
       3.218293394656e-01       2.557963571439e+02 
       3.321666027563e-01       2.424748883732e+02 
       3.427277366096e-01       2.299477395780e+02 
       3.534969376648e-01       2.187363452943e+02 
       3.644560879195e-01       2.087035649885e+02 
       3.755850724837e-01       1.993400725577e+02 
       3.868621941164e-01       1.902621748458e+02 
       3.982646637866e-01       1.815927130962e+02 
       4.097691390954e-01       1.735428617773e+02 
       4.213522780321e-01       1.662087397444e+02 
       4.329912749273e-01       1.594500994109e+02 
       4.446643485784e-01       1.531330910316e+02 
       4.563511587154e-01       1.471697578026e+02 
       4.680331350540e-01       1.415735202304e+02 
       4.796937118495e-01       1.363838260747e+02 
       4.913184688695e-01       1.315850958380e+02 
       5.028951861846e-01       1.271261842351e+02 
       5.144138246663e-01       1.229309677975e+02 
       5.258664465253e-01       1.189902901691e+02 
       5.372470908746e-01       1.152965265637e+02 
       5.485516185698e-01       1.118503647940e+02 
       5.597775389330e-01       1.086176333357e+02 
       5.709238288410e-01       1.055771349486e+02 
       5.819907523897e-01       1.027095816624e+02 
       5.929796871860e-01       9.999930744540e+01 
       6.038929614041e-01       9.744172247132e+01 
       6.147337041521e-01       9.502094256157e+01 
       6.255057104367e-01       9.273184612402e+01 
       6.362133210667e-01       9.055673662885e+01 
       6.468613171631e-01       8.848829480401e+01 
       6.574548284894e-01       8.651853006484e+01 
       6.679992545437e-01       8.463888637929e+01 
       6.785001972081e-01       8.284661666372e+01 
       6.889634037047e-01       8.113104982680e+01 
       6.993947186255e-01       7.948962612439e+01 
       7.098000438657e-01       7.791480313646e+01 
       7.201853053771e-01       7.640174127098e+01 
       7.305564257582e-01       7.494822804559e+01 
       7.409193018043e-01       7.354755182874e+01 
       7.512797862434e-01       7.219898647181e+01 
       7.616436729826e-01       7.089693454666e+01 
       7.720166852823e-01       6.963894625616e+01 
       7.824044663567e-01       6.842306182934e+01 
       7.928125719747e-01       6.724484324978e+01 
       8.032464647025e-01       6.610421515600e+01 
       8.137115094832e-01       6.499704667840e+01 
       8.242129703045e-01       6.392245588578e+01 
       8.347560077447e-01       6.287856262469e+01 
       8.453456772275e-01       6.186266862163e+01 
       8.559869278483e-01       6.087481496959e+01 
       8.666846016603e-01       5.991179162410e+01 
       8.774434333361e-01       5.897376496402e+01 
       8.882680501355e-01       5.805860455901e+01 
       8.991629721308e-01       5.716532931135e+01 
       9.101326126531e-01       5.629334717035e+01 
       9.211812789337e-01       5.544069527408e+01 
       9.323131729259e-01       5.460771502652e+01 
       9.435323922983e-01       5.379223340408e+01 
       9.548429315955e-01       5.299463230099e+01 
       9.662486835699e-01       5.221325807119e+01 
       9.777534406851e-01       5.144800314927e+01 
       9.893608967995e-01       5.069797525077e+01 
       1.001074649034e+00       4.996249753618e+01 
       1.012898199832e+00       4.924135116342e+01 
       1.024834959209e+00       4.853348732939e+01 
       1.036888247211e+00       4.783905798482e+01 
       1.049061296560e+00       4.715689013994e+01 
       1.061357255508e+00       4.648731798763e+01 
       1.073779190875e+00       4.582916625499e+01 
       1.086330091283e+00       4.518282518103e+01 
       1.099012870553e+00       4.454719925639e+01 
       1.111830371282e+00       4.392267376925e+01 
       1.124785368550e+00       4.330826092557e+01 
       1.137880573773e+00       4.270430193975e+01 
       1.151118638652e+00       4.210992756754e+01 
       1.164502159218e+00       4.152539805175e+01 
       1.178033679944e+00       4.094999369292e+01 
       1.191715697889e+00       4.038385432998e+01 
       1.205550666870e+00       3.982648242333e+01 
       1.219541001619e+00       3.927778929570e+01 
       1.233689081917e+00       3.873756589102e+01 
       1.247997256666e+00       3.820546915897e+01 
       1.262467847895e+00       3.768156647306e+01 
       1.277103154669e+00       3.716533585544e+01 
       1.291905456884e+00       3.665695598536e+01 
       1.306877018937e+00       3.615596649527e+01 
       1.322020093255e+00       3.566236208750e+01 
       1.337336923667e+00       3.517600715620e+01 
       1.352829748624e+00       3.469657908176e+01 
       1.368500804241e+00       3.422417833182e+01 
       1.384352327175e+00       3.375846360752e+01 
       1.400386557325e+00       3.329935680311e+01 
       1.416605740362e+00       3.284682640019e+01 
       1.433012130088e+00       3.240055774955e+01 
       1.449607990617e+00       3.196056296152e+01 
       1.466395598411e+00       3.152671830742e+01 
       1.483377244146e+00       3.109878451939e+01 
       1.500555234432e+00       3.067676076371e+01 
       1.517931893395e+00       3.026053653393e+01 
       1.535509564128e+00       2.984990555246e+01 
       1.553290610012e+00       2.944482973813e+01 
       1.571277415934e+00       2.904525063298e+01 
       1.589472389393e+00       2.865099009293e+01 
       1.607877961513e+00       2.826195774486e+01 
       1.626496587973e+00       2.787811799241e+01 
       1.645330749860e+00       2.749936077571e+01 
       1.664382954448e+00       2.712554855941e+01 
       1.683655735927e+00       2.675661705489e+01 
       1.703151656070e+00       2.639250894411e+01 
       1.722873304854e+00       2.603312960168e+01 
       1.742823301049e+00       2.567836834843e+01 
       1.763004292764e+00       2.532814703237e+01 
       1.783418957972e+00       2.498241383243e+01 
       1.804070005000e+00       2.464110218476e+01 
       1.824960173012e+00       2.430412697070e+01 
       1.846092232467e+00       2.397130936302e+01 
       1.867468985562e+00       2.364277533665e+01 
       1.889093266674e+00       2.331836678881e+01 
       1.910967942787e+00       2.299801997484e+01 
       1.933095913913e+00       2.268175663449e+01 
       1.955480113511e+00       2.236933977130e+01 
       1.978123508905e+00       2.206079002169e+01 
       2.001029101699e+00       2.175604907828e+01 
       2.024199928191e+00       2.145505534660e+01 
       2.047639059789e+00       2.115775298124e+01 
       2.071349603430e+00       2.086408819589e+01 
       2.095334702001e+00       2.057401245181e+01 
       2.119597534759e+00       2.028746886919e+01 
       2.144141317760e+00       2.000440640581e+01 
       2.168969304286e+00       1.972477447842e+01 
       2.194084785285e+00       1.944852568628e+01 
       2.219491089803e+00       1.917560921013e+01 
       2.245191585431e+00       1.890597906332e+01 
       2.271189678750e+00       1.863959151832e+01 
       2.297488815786e+00       1.837640179384e+01 
       2.324092482465e+00       1.811636502964e+01 
       2.351004205078e+00       1.785943966779e+01 
       2.378227550747e+00       1.760558484337e+01 
       2.405766127898e+00       1.735475838710e+01 
       2.433623586741e+00       1.710692273296e+01 
       2.461803619753e+00       1.686203773496e+01 
       2.490309962167e+00       1.662006592259e+01 
       2.519146392468e+00       1.638097254801e+01 
       2.548316732895e+00       1.614472217445e+01 
       2.577824849944e+00       1.591127965772e+01 
       2.607674654884e+00       1.568060886669e+01 
       2.637870104275e+00       1.545267485767e+01 
       2.668415200491e+00       1.522744550186e+01 
       2.699313992252e+00       1.500489095313e+01 
       2.730570575158e+00       1.478498077376e+01 
       2.762189092237e+00       1.456768141442e+01 
       2.794173734488e+00       1.435296123274e+01 
       2.826528741440e+00       1.414079439733e+01 
       2.859258401716e+00       1.393115346218e+01 
       2.892367053596e+00       1.372398556966e+01 
       2.925859085596e+00       1.351930516815e+01 
       2.959738937049e+00       1.331706807498e+01 
       2.994011098691e+00       1.311724326354e+01 
       3.028680113262e+00       1.291980564916e+01 
       3.063750576102e+00       1.272473284354e+01 
       3.099227135761e+00       1.253199489181e+01 
       3.135114494621e+00       1.234157150402e+01 
       3.171417409511e+00       1.215343688760e+01 
       3.208140692344e+00       1.196756662668e+01 
       3.245289210750e+00       1.178394001988e+01 
       3.282867888726e+00       1.160254225621e+01 
       3.320881707285e+00       1.142333085575e+01 
       3.359335705117e+00       1.124629308602e+01 
       3.398234979258e+00       1.107141015277e+01 
       3.437584685764e+00       1.089865789991e+01 
       3.477390040398e+00       1.072801773637e+01 
       3.517656319314e+00       1.055946769946e+01 
       3.558388859766e+00       1.039298769249e+01 
       3.599593060807e+00       1.022855869308e+01 
       3.641274384008e+00       1.006615963856e+01 
       3.683438354186e+00       9.905772299895e+00 
       3.726090560127e+00       9.747377696536e+00 
       3.769236655336e+00       9.590955842872e+00 
       3.812882358782e+00       9.436489206495e+00 
       3.857033455654e+00       9.283959416183e+00 
       3.901695798132e+00       9.133348374041e+00 
       3.946875306163e+00       8.984636532186e+00 
       3.992577968240e+00       8.837809594217e+00 
       4.038809842202e+00       8.692848680488e+00 
       4.085577056034e+00       8.549736688349e+00 
       4.132885808680e+00       8.408456458415e+00 
       4.180742370863e+00       8.268992316022e+00 
       4.229153085919e+00       8.131325874978e+00 
       4.278124370635e+00       7.995441779036e+00 
       4.327662716103e+00       7.861323800311e+00 
       4.377774688577e+00       7.728956066196e+00 
       4.428466930343e+00       7.598322585550e+00 
       4.479746160605e+00       7.469407211527e+00 
       4.531619176367e+00       7.342195556830e+00 
       4.584092853343e+00       7.216671723753e+00 
       4.637174146862e+00       7.092820403347e+00 
       4.690870092791e+00       6.970626599652e+00 
       4.745187808469e+00       6.850075370634e+00 
       4.800134493652e+00       6.731151694833e+00 
       4.855717431463e+00       6.613841156655e+00 
       4.911943989359e+00       6.498128971118e+00 
       4.968821620111e+00       6.384001122343e+00 
       5.026357862787e+00       6.271443012507e+00 
       5.084560343753e+00       6.160440133848e+00 
       5.143436777685e+00       6.050978587968e+00 
       5.202994968591e+00       5.943044362361e+00 
       5.263242810844e+00       5.836623258419e+00 
       5.324188290231e+00       5.731702069104e+00 
       5.385839485009e+00       5.628266694468e+00 
       5.448204566977e+00       5.526303738337e+00 
       5.511291802559e+00       5.425798960625e+00 
       5.575109553899e+00       5.326739564310e+00 
       5.639666279973e+00       5.229111916512e+00 
       5.704970537703e+00       5.132902603613e+00 
       5.771030983098e+00       5.038098404757e+00 
       5.837856372399e+00       4.944686190520e+00 
       5.905455563239e+00       4.852652597427e+00 
       5.973837515818e+00       4.761984844510e+00 
       6.043011294088e+00       4.672669725446e+00 
       6.112986066960e+00       4.584694325645e+00 
       6.183771109514e+00       4.498045844763e+00 
       6.255375804230e+00       4.412711191814e+00 
       6.327809642234e+00       4.328677808861e+00 
       6.401082224551e+00       4.245932720259e+00 
       6.475203263384e+00       4.164463319621e+00 
       6.550182583396e+00       4.084256890083e+00 
       6.626030123015e+00       4.005300765968e+00 
       6.702755935749e+00       3.927582396125e+00 
       6.780370191522e+00       3.851089126322e+00 
       6.858883178020e+00       3.775808445489e+00 
       6.938305302054e+00       3.701727832141e+00 
       7.018647090940e+00       3.628834797627e+00 
       7.099919193896e+00       3.557116879837e+00 
       7.182132383451e+00       3.486561640712e+00 
       7.265297556874e+00       3.417156663756e+00 
       7.349425737618e+00       3.348889561790e+00 
       7.434528076783e+00       3.281747964526e+00 
       7.520615854592e+00       3.215719523353e+00 
       7.607700481887e+00       3.150791911409e+00 
       7.695793501640e+00       3.086952821387e+00 
       7.784906590486e+00       3.024189966256e+00 
       7.875051560268e+00       2.962491077162e+00 
       7.966240359604e+00       2.901843906991e+00 
       8.058485075472e+00       2.842236227314e+00 
       8.151797934807e+00       2.783655830833e+00 
       8.246191306129e+00       2.726090530739e+00 
       8.341677701177e+00       2.669528162342e+00 
       8.438269776568e+00       2.613956583614e+00 
       8.535980335479e+00       2.559363676034e+00 
       8.634822329337e+00       2.505737346627e+00 
       8.734808859542e+00       2.453065527653e+00 
       8.835953179200e+00       2.401336179895e+00 
       8.938268694881e+00       2.350537293268e+00 
       9.041768968396e+00       2.300656888909e+00 
       9.146467718594e+00       2.251683020796e+00 
       9.252378823181e+00       2.203603777914e+00 
       9.359516320560e+00       2.156407286170e+00 
       9.467894411688e+00       2.110081710510e+00 
       9.577527461966e+00       2.064615257277e+00 
       9.688430003135e+00       2.019996176285e+00 
       9.800616735206e+00       1.976212763231e+00 
       9.914102528410e+00       1.933253362068e+00 
       1.002890242517e+01       1.891106367360e+00 
       1.014503164208e+01       1.849760226717e+00 
       1.026250557194e+01       1.809203443240e+00 
       1.038133978580e+01       1.769424577925e+00 
       1.050155003501e+01       1.730412252122e+00 
       1.062315225330e+01       1.692155149954e+00 
       1.074616255891e+01       1.654642020711e+00 
       1.087059725673e+01       1.617861681227e+00 
       1.099647284044e+01       1.581803018203e+00 
       1.112380599472e+01       1.546454990557e+00 
       1.125261359743e+01       1.511806631598e+00 
       1.138291272189e+01       1.477847051293e+00 
       1.151472063909e+01       1.444565438380e+00 
       1.164805482005e+01       1.411951062462e+00 
       1.178293293805e+01       1.379993276016e+00 
       1.191937287106e+01       1.348681516357e+00 
       1.205739270403e+01       1.318005307509e+00 
       1.219701073134e+01       1.287954262026e+00 
       1.233824545921e+01       1.258518082709e+00 
       1.248111560815e+01       1.229686564284e+00 
       1.262564011545e+01       1.201449594969e+00 
       1.277183813766e+01       1.173797157985e+00 
       1.291972905319e+01       1.146719332979e+00 
       1.306933246482e+01       1.120206297370e+00 
       1.322066820230e+01       1.094248327616e+00 
       1.337375632503e+01       1.068835800405e+00 
       1.352861712468e+01       1.043959193760e+00 
       1.368527112788e+01       1.019609088081e+00 
       1.384373909894e+01       9.957761670879e-01 
       1.400404204262e+01       9.724512187101e-01 
       1.416620120691e+01       9.496251358849e-01 
       1.433023808582e+01       9.272889172881e-01 
       1.449617442227e+01       9.054336679893e-01 
       1.466403221093e+01       8.840506000351e-01 
       1.483383370118e+01       8.631310329652e-01 
       1.500560140003e+01       8.426663942495e-01 
       1.517935807508e+01       8.226482196692e-01 
       1.535512675760e+01       8.030681536211e-01 
       1.553293074555e+01       7.839179493629e-01 
       1.571279360664e+01       7.651894691904e-01 
       1.589473918150e+01       7.468746845552e-01 
       1.607879158683e+01       7.289656761206e-01 
       1.626497521856e+01       7.114546337575e-01 
       1.645331475514e+01       6.943338564850e-01 
       1.664383516077e+01       6.775957523519e-01 
       1.683656168873e+01       6.612328382677e-01 
       1.703151988470e+01       6.452377397755e-01 
       1.722873559018e+01       6.296031907805e-01 
       1.742823494590e+01       6.143220332235e-01 
       1.763004439529e+01       5.993872167099e-01 
       1.783419068796e+01       5.847917980912e-01 
       1.804070088330e+01       5.705289410028e-01 
       1.824960235399e+01       5.565919153583e-01 
       1.846092278971e+01       5.429740968041e-01 
       1.867469020075e+01       5.296689661329e-01 
       1.889093292175e+01       5.166701086602e-01 
       1.910967961544e+01       5.039712135652e-01 
       1.933095927647e+01       4.915660731958e-01 
       1.955480123521e+01       4.794485823416e-01 
       1.978123516167e+01       4.676127374749e-01 
       2.001029106943e+01       4.560526359621e-01 
       2.024199931960e+01       4.447624752468e-01 
       2.047639062485e+01       4.337365520056e-01 
       2.071349605350e+01       4.229692612787e-01 
       2.095334703361e+01       4.124550955770e-01 
       2.119597535718e+01       4.021886439657e-01 
       2.144141318432e+01       3.921645911279e-01 
       2.168969304756e+01       3.823777164075e-01 
       2.194084785611e+01       3.728228928341e-01 
       2.219491090029e+01       3.634950861309e-01 
       2.245191585586e+01       3.543893537065e-01 
       2.271189678856e+01       3.455008436320e-01 
       2.297488815858e+01       3.368247936054e-01 
       2.324092482514e+01       3.283565299029e-01 
       2.351004205111e+01       3.200914663199e-01 
       2.378227550769e+01       3.120251031016e-01 
       2.405766127912e+01       3.041530258652e-01 
       2.433623586750e+01       2.964709045140e-01 
       2.461803619759e+01       2.889744921448e-01 
       2.490309962171e+01       2.816596239499e-01 
       2.519146392471e+01       2.745222161136e-01 
       2.548316732896e+01       2.675582647061e-01 
       2.577824849945e+01       2.607638445726e-01 
       2.607674654885e+01       2.541351082223e-01 
       2.637870104276e+01       2.476682847147e-01 
       2.668415200492e+01       2.413596785461e-01 
       2.699313992252e+01       2.352056685363e-01 
       2.730570575159e+01       2.292027067161e-01 
       2.762189092237e+01       2.233473172172e-01 
       2.794173734488e+01       2.176360951641e-01 
       2.826528741440e+01       2.120657055689e-01 
       2.859258401716e+01       2.066328822304e-01 
       2.892367053596e+01       2.013344266374e-01 
       2.925859085596e+01       1.961672068763e-01 
       2.959738937049e+01       1.911281565453e-01 
       2.994011098692e+01       1.862142736733e-01 
       3.028680113262e+01       1.814226196464e-01 
