Run parameters:
does_de_cluster=True
save_data=True
time_domain=True
number_of_points=50
varied_parameter=trans_steepness
varied_par_values=[0.5, 1, 5]
init_value=-0.5
final_value=-0.9
n_samples=1

Cosmological parameters:
omega_matter_now=0.3
omega_rad_now=0
hubble_constant_standard_units=67
scale_at_lss=0.0009165902841429881
a_min=1e-10
a_max=1
min_redshift=0
max_redshift=20
spectral_index=1
sigma8=0.85

Dark energy eos parameters:
selected_de_eos=de_eos_1
w_i=-0.4
w_f=-0.5,-0.7,-0.9
trans_steepness=10
trans_z=0.5
w=-1
c_eff_value=0

Precision parameters:
virialization_scale_tol=1.0e-06
turn_around_scale_tol=1.0e-06
a_ini=1.0e-10
nonlinear_perturbations_atol=1.0e-10
nonlinear_perturbations_rtol=1.0e-08
growth_factor_atol=1.0e-10
growth_factor_rtol=1.0e-08
dark_density_evolution_atol=1.0e-10
dark_density_evolution_rtol=1.0e-08
dark_density_evolution_max_step=1.0e-03
friedmann_atol=1.0e-10
friedmann_rtol=1.0e-08
friedmann_max_stepsize=1.0e-03
exact_decimals=5.0e+00
numerical_infty=1.0e+11
normalization_integrand_atol=1.0e-08
normalization_integrand_rtol=1.0e-06
mass_variance_filtered_spectrum_atol=1.0e-06
mass_variance_filtered_spectrum_rtol=1.0e-04
log_der_of_log_sigma_atol=1.0e-06
log_der_of_log_sigma_rtol=1.0e-04

*********************************
0.000000000e+00	8.677581434e+17
2.448448256e-08	8.324931716e+17
4.953985947e-08	7.986613390e+17
7.517944204e-08	7.662044040e+17
1.014168519e-07	7.350664920e+17
1.282660285e-07	7.051939989e+17
1.557412359e-07	6.765354992e+17
1.838570712e-07	6.490416572e+17
2.126284716e-07	6.226651421e+17
2.420707225e-07	5.973605467e+17
2.721994660e-07	5.730843092e+17
3.030307088e-07	5.497946378e+17
3.345808306e-07	5.274514393e+17
3.638267116e-07	5.060162499e+17
3.927864335e-07	4.854521689e+17
4.224213970e-07	4.657237950e+17
4.527473464e-07	4.467971659e+17
4.837803932e-07	4.286396994e+17
5.155370245e-07	4.112201372e+17
5.480341118e-07	3.945084916e+17
5.812889199e-07	3.784759934e+17
6.153191164e-07	3.630950427e+17
6.501427806e-07	3.483391611e+17
6.857784135e-07	3.341829462e+17
7.222449475e-07	3.206020283e+17
7.595617562e-07	3.075730275e+17
7.977486653e-07	2.950735146e+17
8.368259623e-07	2.830819715e+17
8.768144083e-07	2.715777547e+17
9.136239370e-07	2.605410598e+17
9.498501390e-07	2.499528871e+17
9.869210122e-07	2.397950089e+17
1.024856251e-06	2.300499384e+17
1.063676010e-06	2.207008996e+17
1.103400913e-06	2.117317979e+17
1.144052065e-06	2.031271931e+17
1.185651063e-06	1.948722723e+17
1.228220006e-06	1.869528247e+17
1.271781512e-06	1.793552168e+17
1.316358724e-06	1.720663694e+17
1.361975323e-06	1.650737348e+17
1.408655545e-06	1.583652750e+17
1.456424190e-06	1.519294415e+17
1.505306637e-06	1.457551549e+17
1.553528356e-06	1.398317862e+17
1.598029792e-06	1.341491382e+17
1.643568850e-06	1.286974284e+17
1.690169723e-06	1.234672716e+17
1.737857168e-06	1.184496640e+17
1.786656522e-06	1.136359678e+17
1.836593710e-06	1.090178963e+17
1.887695262e-06	1.045874993e+17
1.939988327e-06	1.003371500e+17
1.993500688e-06	9.625953137e+16
2.048260773e-06	9.234762379e+16
2.104297677e-06	8.859469288e+16
2.161641170e-06	8.499427798e+16
2.220321716e-06	8.154018096e+16
2.280370492e-06	7.822645558e+16
2.339272247e-06	7.504739725e+16
2.394194786e-06	7.199753322e+16
2.450397931e-06	6.907161314e+16
2.507911541e-06	6.626460002e+16
2.566766172e-06	6.357166159e+16
2.626993092e-06	6.098816194e+16
2.688624297e-06	5.850965358e+16
2.751692531e-06	5.613186975e+16
2.816231300e-06	5.385071708e+16
2.882274892e-06	5.166226856e+16
2.949858396e-06	4.956275678e+16
3.019017715e-06	4.754856742e+16
3.089789593e-06	4.561623304e+16
3.162211629e-06	4.376242714e+16
3.236322299e-06	4.198395836e+16
3.304041585e-06	4.027776509e+16
3.372126262e-06	3.864091009e+16
3.441798441e-06	3.707057553e+16
3.513095137e-06	3.556405806e+16
3.586054228e-06	3.411876421e+16
3.660714475e-06	3.273220591e+16
3.737115544e-06	3.140199619e+16
3.815298024e-06	3.012584509e+16
3.895303452e-06	2.890155571e+16
3.977174333e-06	2.772702043e+16
4.060954163e-06	2.660021730e+16
4.146687452e-06	2.551920651e+16
4.234419747e-06	2.448212711e+16
4.324197660e-06	2.348719375e+16
4.406360708e-06	2.253269366e+16
4.489185794e-06	2.161698366e+16
4.573942077e-06	2.073848736e+16
4.660674587e-06	1.989569242e+16
4.749429402e-06	1.908714797e+16
4.840253676e-06	1.831146209e+16
4.933195661e-06	1.756729945e+16
5.028304736e-06	1.685337896e+16
5.125631428e-06	1.616847160e+16
5.225227446e-06	1.551139832e+16
5.327145702e-06	1.488102794e+16
5.431440343e-06	1.427627530e+16
5.538166779e-06	1.369609930e+16
5.642966851e-06	1.313950118e+16
5.741820935e-06	1.260552274e+16
5.842979959e-06	1.209324474e+16
5.946497665e-06	1.160178530e+16
6.052429049e-06	1.113029836e+16
6.160830391e-06	1.067797225e+16
6.271759281e-06	1.024402831e+16
6.385274654e-06	9.827719490e+15
6.501436816e-06	9.428329114e+15
6.620307483e-06	9.045169632e+15
6.741949807e-06	8.677581434e+15
6.866428414e-06	8.324931716e+15
6.993809436e-06	7.986613390e+15
7.120765333e-06	7.662044040e+15
7.239197325e-06	7.350664920e+15
7.360390745e-06	7.051939989e+15
7.484409981e-06	6.765354992e+15
7.611320922e-06	6.490416572e+15
7.741190991e-06	6.226651421e+15
7.874089186e-06	5.973605467e+15
8.010086113e-06	5.730843092e+15
8.149254022e-06	5.497946378e+15
8.291666851e-06	5.274514393e+15
8.437400259e-06	5.060162499e+15
8.586531672e-06	4.854521689e+15
8.739140319e-06	4.657237950e+15
8.886519222e-06	4.467971659e+15
9.028916455e-06	4.286396994e+15
9.174633905e-06	4.112201372e+15
9.323748987e-06	3.945084916e+15
9.476340922e-06	3.784759934e+15
9.632490779e-06	3.630950427e+15
9.792281516e-06	3.483391611e+15
9.955798027e-06	3.341829462e+15
1.012312718e-05	3.206020283e+15
1.029435788e-05	3.075730275e+15
1.046958110e-05	2.950735146e+15
1.064888992e-05	2.830819715e+15
1.082890238e-05	2.715777547e+15
1.099678410e-05	2.605410598e+15
1.116858025e-05	2.499528871e+15
1.134438209e-05	2.397950089e+15
1.152428303e-05	2.300499384e+15
1.170837865e-05	2.207008996e+15
1.189676675e-05	2.117317979e+15
1.208954741e-05	2.031271931e+15
1.228682306e-05	1.948722723e+15
1.248869850e-05	1.869528247e+15
1.269528098e-05	1.793552168e+15
1.290668026e-05	1.720663694e+15
1.311846835e-05	1.650737348e+15
1.331703693e-05	1.583652750e+15
1.352023544e-05	1.519294415e+15
1.372817185e-05	1.457551549e+15
1.394095662e-05	1.398317862e+15
1.415870280e-05	1.341491382e+15
1.438152608e-05	1.286974284e+15
1.460954484e-05	1.234672716e+15
1.484288022e-05	1.184496640e+15
1.508165617e-05	1.136359678e+15
1.532599957e-05	1.090178963e+15
1.557604022e-05	1.045874993e+15
1.581723034e-05	1.003371500e+15
1.605281838e-05	9.625953137e+14
1.629389952e-05	9.234762379e+14
1.654060185e-05	8.859469288e+14
1.679305644e-05	8.499427798e+14
1.705139740e-05	8.154018096e+14
1.731576199e-05	7.822645558e+14
1.758629065e-05	7.504739725e+14
1.786312712e-05	7.199753322e+14
1.814641847e-05	6.907161314e+14
1.843631520e-05	6.626460002e+14
1.872528570e-05	6.357166159e+14
1.899922613e-05	6.098816194e+14
1.927955391e-05	5.850965358e+14
1.956641798e-05	5.613186975e+14
1.985997074e-05	5.385071708e+14
2.016036814e-05	5.166226856e+14
2.046776979e-05	4.956275678e+14
2.078233898e-05	4.754856742e+14
2.110424286e-05	4.561623304e+14
2.143365243e-05	4.376242714e+14
2.177074271e-05	4.198395836e+14
2.210686063e-05	4.027776509e+14
2.242628483e-05	3.864091009e+14
2.275315692e-05	3.707057553e+14
2.308765054e-05	3.556405806e+14
2.342994341e-05	3.411876421e+14
2.378021738e-05	3.273220591e+14
2.413865854e-05	3.140199619e+14
2.450545732e-05	3.012584509e+14
2.488080859e-05	2.890155571e+14
2.526491177e-05	2.772702043e+14
2.565797093e-05	2.660021730e+14
2.603898613e-05	2.551920651e+14
2.641243457e-05	2.448212711e+14
2.679459055e-05	2.348719375e+14
2.718565710e-05	2.253269366e+14
2.758584198e-05	2.161698366e+14
2.799535780e-05	2.073848736e+14
2.841442214e-05	1.989569242e+14
2.884325761e-05	1.908714797e+14
2.928209207e-05	1.831146209e+14
2.973115864e-05	1.756729945e+14
3.018456104e-05	1.685337896e+14
3.061230164e-05	1.616847160e+14
3.105001569e-05	1.551139832e+14
3.149793574e-05	1.488102794e+14
3.195629974e-05	1.427627530e+14
3.242535123e-05	1.369609930e+14
3.290533939e-05	1.313950118e+14
3.339651924e-05	1.260552274e+14
3.389915172e-05	1.209324474e+14
3.441350387e-05	1.160178530e+14
3.493984895e-05	1.113029836e+14
3.543121383e-05	1.067797225e+14
3.593377220e-05	1.024402831e+14
3.644804852e-05	9.827719490e+13
3.697431601e-05	9.428329114e+13
3.751285425e-05	9.045169632e+13
3.806394936e-05	8.677581434e+13
3.862789413e-05	8.324931716e+13
3.920498815e-05	7.986613390e+13
3.979553803e-05	7.662044040e+13
4.039467765e-05	7.350664920e+13
4.095983713e-05	7.051939989e+13
4.153817418e-05	6.765354992e+13
4.212999608e-05	6.490416572e+13
4.273561724e-05	6.226651421e+13
4.335535942e-05	5.973605467e+13
4.398955186e-05	5.730843092e+13
4.463853150e-05	5.497946378e+13
4.530264312e-05	5.274514393e+13
4.598223956e-05	5.060162499e+13
4.665139357e-05	4.854521689e+13
4.730320075e-05	4.657237950e+13
4.797020585e-05	4.467971659e+13
4.865276322e-05	4.286396994e+13
4.935123549e-05	4.112201372e+13
5.006599375e-05	3.945084916e+13
5.079741772e-05	3.784759934e+13
5.154589600e-05	3.630950427e+13
5.231182623e-05	3.483391611e+13
5.309379472e-05	3.341829462e+13
5.382994881e-05	3.206020283e+13
5.458326750e-05	3.075730275e+13
5.535415100e-05	2.950735146e+13
5.614300886e-05	2.830819715e+13
5.695026019e-05	2.715777547e+13
5.777633386e-05	2.605410598e+13
5.862166875e-05	2.499528871e+13
5.948671394e-05	2.397950089e+13
6.037192904e-05	2.300499384e+13
6.121710561e-05	2.207008996e+13
6.206961691e-05	2.117317979e+13
6.294200585e-05	2.031271931e+13
6.383473591e-05	1.948722723e+13
6.474828138e-05	1.869528247e+13
6.568312761e-05	1.793552168e+13
6.663977126e-05	1.720663694e+13
6.761872056e-05	1.650737348e+13
6.862049561e-05	1.583652750e+13
6.957706309e-05	1.519294415e+13
7.054368365e-05	1.457551549e+13
7.153284250e-05	1.398317862e+13
7.254506515e-05	1.341491382e+13
7.358088937e-05	1.286974284e+13
7.464086547e-05	1.234672716e+13
7.572555658e-05	1.184496640e+13
7.683553897e-05	1.136359678e+13
7.796506800e-05	1.090178963e+13
7.903807177e-05	1.045874993e+13
8.013609433e-05	1.003371500e+13
8.125971901e-05	9.625953137e+12
8.240954277e-05	9.234762379e+12
8.358617650e-05	8.859469288e+12
8.479024529e-05	8.499427798e+12
8.602238885e-05	8.154018096e+12
8.728326178e-05	7.822645558e+12
8.852574737e-05	7.504739725e+12
8.974676713e-05	7.199753322e+12
9.099625689e-05	6.907161314e+12
9.227488047e-05	6.626460002e+12
9.358331719e-05	6.357166159e+12
9.492226217e-05	6.098816194e+12
9.629242677e-05	5.850965358e+12
9.769453892e-05	5.613186975e+12
9.911923333e-05	5.385071708e+12
1.004793279e-04	5.166226856e+12
1.018711351e-04	4.956275678e+12
1.032953946e-04	4.754856742e+12
1.047528629e-04	4.561623304e+12
1.062443144e-04	4.376242714e+12
1.077705414e-04	4.198395836e+12
1.093323549e-04	4.027776509e+12
1.109305844e-04	3.864091009e+12
1.124620786e-04	3.707057553e+12
1.140149339e-04	3.556405806e+12
1.156039965e-04	3.411876421e+12
1.172301105e-04	3.273220591e+12
1.188941400e-04	3.140199619e+12
1.205969690e-04	3.012584509e+12
1.223395021e-04	2.890155571e+12
1.241226651e-04	2.772702043e+12
1.258390481e-04	2.660021730e+12
1.275742920e-04	2.551920651e+12
1.293499957e-04	2.448212711e+12
1.311671028e-04	2.348719375e+12
1.330265787e-04	2.253269366e+12
1.349294111e-04	2.161698366e+12
1.368766111e-04	2.073848736e+12
1.388692131e-04	1.989569242e+12
1.407721699e-04	1.908714797e+12
1.427141347e-04	1.831146209e+12
1.447013794e-04	1.756729945e+12
1.467349599e-04	1.685337896e+12
1.488159565e-04	1.616847160e+12
1.509454749e-04	1.551139832e+12
1.531246463e-04	1.488102794e+12
1.553169337e-04	1.427627530e+12
1.574437921e-04	1.369609930e+12
1.596202417e-04	1.313950118e+12
1.618474386e-04	1.260552274e+12
1.641265661e-04	1.209324474e+12
1.664588350e-04	1.160178530e+12
1.688454845e-04	1.113029836e+12
1.712877825e-04	1.067797225e+12
1.736725921e-04	1.024402831e+12
1.760595717e-04	9.827719490e+11
1.785022075e-04	9.428329114e+11
1.810017972e-04	9.045169632e+11
1.835596688e-04	8.677581434e+11
1.861771811e-04	8.324931716e+11
1.888557250e-04	7.986613390e+11
1.915479398e-04	7.662044040e+11
1.941693159e-04	7.350664920e+11
1.968518136e-04	7.051939989e+11
1.995968579e-04	6.765354992e+11
2.024059073e-04	6.490416572e+11
2.052804541e-04	6.226651421e+11
2.082220255e-04	5.973605467e+11
2.112321842e-04	5.730843092e+11
2.141151281e-04	5.497946378e+11
2.170648384e-04	5.274514393e+11
2.200833259e-04	5.060162499e+11
2.231721942e-04	4.854521689e+11
2.263330843e-04	4.657237950e+11
2.295676755e-04	4.467971659e+11
2.328776863e-04	4.286396994e+11
2.360802275e-04	4.112201372e+11
2.393277987e-04	3.945084916e+11
2.426510922e-04	3.784759934e+11
2.460518735e-04	3.630950427e+11
2.495319494e-04	3.483391611e+11
2.530931687e-04	3.341829462e+11
2.567374235e-04	3.206020283e+11
2.602675002e-04	3.075730275e+11
2.638472960e-04	2.950735146e+11
2.675105604e-04	2.830819715e+11
2.712592395e-04	2.715777547e+11
2.750953250e-04	2.605410598e+11
2.790208549e-04	2.499528871e+11
2.830379148e-04	2.397950089e+11
2.869018781e-04	2.300499384e+11
2.908524499e-04	2.207008996e+11
2.948951356e-04	2.117317979e+11
2.990320829e-04	2.031271931e+11
3.032654897e-04	1.948722723e+11
3.075976050e-04	1.869528247e+11
3.119678601e-04	1.793552168e+11
3.162330327e-04	1.720663694e+11
3.205976546e-04	1.650737348e+11
3.250640445e-04	1.583652750e+11
3.296345754e-04	1.519294415e+11
3.343116754e-04	1.457551549e+11
3.390978294e-04	1.398317862e+11
3.438211456e-04	1.341491382e+11
3.485384277e-04	1.286974284e+11
3.533657007e-04	1.234672716e+11
3.583055291e-04	1.184496640e+11
3.633605375e-04	1.136359678e+11
3.685334113e-04	1.090178963e+11
3.738002605e-04	1.045874993e+11
3.789040184e-04	1.003371500e+11
3.841267785e-04	9.625953137e+10
3.894713154e-04	9.234762379e+10
3.949404686e-04	8.859469288e+10
4.005371438e-04	8.499427798e+10
4.062643143e-04	8.154018096e+10
4.118973850e-04	7.822645558e+10
4.175537372e-04	7.504739725e+10
4.233419761e-04	7.199753322e+10
4.292651769e-04	6.907161314e+10
4.353264865e-04	6.626460002e+10
4.415291251e-04	6.357166159e+10
4.477395048e-04	6.098816194e+10
4.538714294e-04	5.850965358e+10
4.601463295e-04	5.613186975e+10
4.665675388e-04	5.385071708e+10
4.731384687e-04	5.166226856e+10
4.798626103e-04	4.956275678e+10
4.866711784e-04	4.754856742e+10
4.933249469e-04	4.561623304e+10
5.001338585e-04	4.376242714e+10
5.071015306e-04	4.198395836e+10
5.142316649e-04	4.027776509e+10
5.215280496e-04	3.864091009e+10
5.289550355e-04	3.707057553e+10
5.361816718e-04	3.556405806e+10
5.435768085e-04	3.411876421e+10
5.511443744e-04	3.273220591e+10
5.588883902e-04	3.140199619e+10
5.668129698e-04	3.012584509e+10
5.748777646e-04	2.890155571e+10
5.827335578e-04	2.772702043e+10
5.907725212e-04	2.660021730e+10
5.989989258e-04	2.551920651e+10
6.074171419e-04	2.448212711e+10
6.160316420e-04	2.348719375e+10
6.247525932e-04	2.253269366e+10
6.332996673e-04	2.161698366e+10
6.420460300e-04	2.073848736e+10
6.509963280e-04	1.989569242e+10
6.601553163e-04	1.908714797e+10
6.695278608e-04	1.831146209e+10
6.789220473e-04	1.756729945e+10
6.882289946e-04	1.685337896e+10
6.977529481e-04	1.616847160e+10
7.074989675e-04	1.551139832e+10
7.174722308e-04	1.488102794e+10
7.276780365e-04	1.427627530e+10
7.377610238e-04	1.369609930e+10
7.479036084e-04	1.313950118e+10
7.582826834e-04	1.260552274e+10
7.689037628e-04	1.209324474e+10
7.797724895e-04	1.160178530e+10
7.908703189e-04	1.113029836e+10
8.016802100e-04	1.067797225e+10
8.127421508e-04	1.024402831e+10
8.240620181e-04	9.827719490e+09
8.356458261e-04	9.428329114e+09
8.474997288e-04	9.045169632e+09
8.593311607e-04	8.677581434e+09
8.711298986e-04	8.324931716e+09
8.832037428e-04	7.986613390e+09
8.955591076e-04	7.662044040e+09
9.082025572e-04	7.350664920e+09
9.211226689e-04	7.051939989e+09
9.337165865e-04	6.765354992e+09
9.466041512e-04	6.490416572e+09
9.597922098e-04	6.226651421e+09
9.732877688e-04	5.973605467e+09
9.870979981e-04	5.730843092e+09
1.000793025e-03	5.497946378e+09
1.014559416e-03	5.274514393e+09
1.028646791e-03	5.060162499e+09
1.043062636e-03	4.854521689e+09
1.057814608e-03	4.657237950e+09
1.072654112e-03	4.467971659e+09
1.087326949e-03	4.286396994e+09
1.102341906e-03	4.112201372e+09
1.117706961e-03	3.945084916e+09
1.133430276e-03	3.784759934e+09
1.149520205e-03	3.630950427e+09
1.165583201e-03	3.483391611e+09
1.181601396e-03	3.341829462e+09
1.197993080e-03	3.206020283e+09
1.214766963e-03	3.075730275e+09
1.231931954e-03	2.950735146e+09
1.249201578e-03	2.830819715e+09
1.266301710e-03	2.715777547e+09
1.283800559e-03	2.605410598e+09
1.301707421e-03	2.499528871e+09
1.320031810e-03	2.397950089e+09
1.338783461e-03	2.300499384e+09
1.357338414e-03	2.207008996e+09
1.376035140e-03	2.117317979e+09
1.395167810e-03	2.031271931e+09
1.414746588e-03	1.948722723e+09
1.434781876e-03	1.869528247e+09
1.454618016e-03	1.793552168e+09
1.474607497e-03	1.720663694e+09
1.495063066e-03	1.650737348e+09
1.515995588e-03	1.583652750e+09
1.537416185e-03	1.519294415e+09
1.559123659e-03	1.457551549e+09
1.580512378e-03	1.398317862e+09
1.602399808e-03	1.341491382e+09
1.624797578e-03	1.286974284e+09
1.647717588e-03	1.234672716e+09
1.670800087e-03	1.184496640e+09
1.693699962e-03	1.136359678e+09
1.717133784e-03	1.090178963e+09
1.741114002e-03	1.045874993e+09
1.765653357e-03	1.003371500e+09
1.790730251e-03	9.625953137e+08
1.815266498e-03	9.234762379e+08
1.840374847e-03	8.859469288e+08
1.866068637e-03	8.499427798e+08
1.892361517e-03	8.154018096e+08
1.918905128e-03	7.822645558e+08
1.945202557e-03	7.504739725e+08
1.972113152e-03	7.199753322e+08
1.999651210e-03	6.907161314e+08
2.027831361e-03	6.626460002e+08
2.056556608e-03	6.357166159e+08
2.084691866e-03	6.098816194e+08
2.113483142e-03	5.850965358e+08
2.142945732e-03	5.613186975e+08
2.173095289e-03	5.385071708e+08
2.203947830e-03	5.166226856e+08
2.234144470e-03	4.956275678e+08
2.264970703e-03	4.754856742e+08
2.296515699e-03	4.561623304e+08
2.328796216e-03	4.376242714e+08
2.361829404e-03	4.198395836e+08
2.394264249e-03	4.027776509e+08
2.427292962e-03	3.864091009e+08
2.461091792e-03	3.707057553e+08
2.495678695e-03	3.556405806e+08
2.531072046e-03	3.411876421e+08
2.565809960e-03	3.273220591e+08
2.601223120e-03	3.140199619e+08
2.637461994e-03	3.012584509e+08
2.674545835e-03	2.890155571e+08
2.712470446e-03	2.772702043e+08
2.749600042e-03	2.660021730e+08
2.787595373e-03	2.551920651e+08
2.826476625e-03	2.448212711e+08
2.866264455e-03	2.348719375e+08
2.906654931e-03	2.253269366e+08
2.946517877e-03	2.161698366e+08
2.987310291e-03	2.073848736e+08
3.029053845e-03	1.989569242e+08
3.071770716e-03	1.908714797e+08
3.114692917e-03	1.831146209e+08
3.157517557e-03	1.756729945e+08
3.201340721e-03	1.685337896e+08
3.246185691e-03	1.616847160e+08
3.292076293e-03	1.551139832e+08
3.337595516e-03	1.488102794e+08
3.383630193e-03	1.427627530e+08
3.430738242e-03	1.369609930e+08
3.478944689e-03	1.313950118e+08
3.528069267e-03	1.260552274e+08
3.576455946e-03	1.209324474e+08
3.625970836e-03	1.160178530e+08
3.676640244e-03	1.113029836e+08
3.728491089e-03	1.067797225e+08
3.780382037e-03	1.024402831e+08
3.832456940e-03	9.827719490e+07
3.885746052e-03	9.428329114e+07
3.940277684e-03	9.045169632e+07
3.996004831e-03	8.677581434e+07
4.050802995e-03	8.324931716e+07
4.106878865e-03	7.986613390e+07
4.164262232e-03	7.662044040e+07
4.222983583e-03	7.350664920e+07
4.281650541e-03	7.051939989e+07
4.340691265e-03	6.765354992e+07
4.401108617e-03	6.490416572e+07
4.462934694e-03	6.226651421e+07
4.525678499e-03	5.973605467e+07
4.587874000e-03	5.730843092e+07
4.651519688e-03	5.497946378e+07
4.716649375e-03	5.274514393e+07
4.783297664e-03	5.060162499e+07
4.849158494e-03	4.854521689e+07
4.916239832e-03	4.657237950e+07
4.984885277e-03	4.467971659e+07
5.055131299e-03	4.286396994e+07
5.125319544e-03	4.112201372e+07
5.196057731e-03	3.945084916e+07
5.268445291e-03	3.784759934e+07
5.342520681e-03	3.630950427e+07
5.417178216e-03	3.483391611e+07
5.491809326e-03	3.341829462e+07
5.568180579e-03	3.206020283e+07
5.646332548e-03	3.075730275e+07
5.725604960e-03	2.950735146e+07
5.804381003e-03	2.830819715e+07
5.884993833e-03	2.715777547e+07
5.967486278e-03	2.605410598e+07
6.051522960e-03	2.499528871e+07
6.134713016e-03	2.397950089e+07
6.219842780e-03	2.300499384e+07
6.306957479e-03	2.207008996e+07
6.395911725e-03	2.117317979e+07
6.483803172e-03	2.031271931e+07
6.573743947e-03	1.948722723e+07
6.665781834e-03	1.869528247e+07
6.759810962e-03	1.793552168e+07
6.852710782e-03	1.720663694e+07
6.947776709e-03	1.650737348e+07
7.045059248e-03	1.583652750e+07
7.144324728e-03	1.519294415e+07
7.242560917e-03	1.457551549e+07
7.343087638e-03	1.398317862e+07
7.445958298e-03	1.341491382e+07
7.550625905e-03	1.286974284e+07
7.654548980e-03	1.234672716e+07
7.760895185e-03	1.184496640e+07
7.869721020e-03	1.136359678e+07
7.979960997e-03	1.090178963e+07
8.089945620e-03	1.045874993e+07
8.202494708e-03	1.003371500e+07
8.317668056e-03	9.625953137e+06
8.433655307e-03	9.234762379e+06
8.550102026e-03	8.859469288e+06
8.669263885e-03	8.499427798e+06
8.791204190e-03	8.154018096e+06
8.913118487e-03	7.822645558e+06
9.036455608e-03	7.504739725e+06
9.162668528e-03	7.199753322e+06
9.291824302e-03	6.907161314e+06
9.419850522e-03	6.626460002e+06
9.550536114e-03	6.357166159e+06
9.684268847e-03	6.098816194e+06
9.820080409e-03	5.850965358e+06
9.955448154e-03	5.613186975e+06
1.009397221e-02	5.385071708e+06
1.023572618e-02	5.166226856e+06
1.037807191e-02	4.956275678e+06
1.052161181e-02	4.754856742e+06
1.066849857e-02	4.561623304e+06
1.081881022e-02	4.376242714e+06
1.096789278e-02	4.198395836e+06
1.112015302e-02	4.027776509e+06
1.127596346e-02	3.864091009e+06
1.143354925e-02	3.707057553e+06
1.159143518e-02	3.556405806e+06
1.175300248e-02	3.411876421e+06
1.191833697e-02	3.273220591e+06
1.208312158e-02	3.140199619e+06
1.225071622e-02	3.012584509e+06
1.242221860e-02	2.890155571e+06
1.259602107e-02	2.772702043e+06
1.276992659e-02	2.660021730e+06
1.294788700e-02	2.551920651e+06
1.312999684e-02	2.448212711e+06
1.331148999e-02	2.348719375e+06
1.349621264e-02	2.253269366e+06
1.368524239e-02	2.161698366e+06
1.387629890e-02	2.073848736e+06
1.406810280e-02	1.989569242e+06
1.426437891e-02	1.908714797e+06
1.446523151e-02	1.831146209e+06
1.466450338e-02	1.756729945e+06
1.486836824e-02	1.685337896e+06
1.507698654e-02	1.616847160e+06
1.528640067e-02	1.551139832e+06
1.549821346e-02	1.488102794e+06
1.571496501e-02	1.427627530e+06
1.593482335e-02	1.369609930e+06
1.615496090e-02	1.313950118e+06
1.638023131e-02	1.260552274e+06
1.661075424e-02	1.209324474e+06
1.683970222e-02	1.160178530e+06
1.707389613e-02	1.113029836e+06
1.731355065e-02	1.067797225e+06
1.755357661e-02	1.024402831e+06
1.779711871e-02	9.827719490e+05
1.804633939e-02	9.428329114e+05
1.829777315e-02	9.045169632e+05
1.855110921e-02	8.677581434e+05
1.881035220e-02	8.324931716e+05
1.907353322e-02	7.986613390e+05
1.933713120e-02	7.662044040e+05
1.960687539e-02	7.350664920e+05
1.988215314e-02	7.051939989e+05
2.015650438e-02	6.765354992e+05
2.043725256e-02	6.490416572e+05
2.072454683e-02	6.226651421e+05
2.101060731e-02	5.973605467e+05
2.130288747e-02	5.730843092e+05
2.160198260e-02	5.497946378e+05
2.190088040e-02	5.274514393e+05
2.220524703e-02	5.060162499e+05
2.251671045e-02	4.854521689e+05
2.282882901e-02	4.657237950e+05
2.314586454e-02	4.467971659e+05
2.347029226e-02	4.286396994e+05
2.379602675e-02	4.112201372e+05
2.412634301e-02	3.945084916e+05
2.446436111e-02	3.784759934e+05
2.480411894e-02	3.630950427e+05
2.514835872e-02	3.483391611e+05
2.550062500e-02	3.341829462e+05
2.585482628e-02	3.206020283e+05
2.621366500e-02	3.075730275e+05
2.658087061e-02	2.950735146e+05
2.694994872e-02	2.830819715e+05
2.732409613e-02	2.715777547e+05
2.770696738e-02	2.605410598e+05
2.809136952e-02	2.499528871e+05
2.848157158e-02	2.397950089e+05
2.888087181e-02	2.300499384e+05
2.928105959e-02	2.207008996e+05
2.968810034e-02	2.117317979e+05
3.010463189e-02	2.031271931e+05
3.052108201e-02	1.948722723e+05
3.094578567e-02	1.869528247e+05
3.138039196e-02	1.793552168e+05
3.181359684e-02	1.720663694e+05
3.225682991e-02	1.650737348e+05
3.270873479e-02	1.583652750e+05
3.316086618e-02	1.519294415e+05
3.362353973e-02	1.457551549e+05
3.409319442e-02	1.398317862e+05
3.456525953e-02	1.341491382e+05
3.504833158e-02	1.286974284e+05
3.553627608e-02	1.234672716e+05
3.602925944e-02	1.184496640e+05
3.653373749e-02	1.136359678e+05
3.704053034e-02	1.090178963e+05
3.755546744e-02	1.045874993e+05
3.808241112e-02	1.003371500e+05
3.860863038e-02	9.625953137e+04
3.914661039e-02	9.234762379e+04
3.969401890e-02	8.859469288e+04
4.024337839e-02	8.499427798e+04
4.080554706e-02	8.154018096e+04
4.137353758e-02	7.822645558e+04
4.194771249e-02	7.504739725e+04
4.253527520e-02	7.199753322e+04
4.312448427e-02	6.907161314e+04
4.372471394e-02	6.626460002e+04
4.433673760e-02	6.357166159e+04
4.495002630e-02	6.098816194e+04
4.557761480e-02	5.850965358e+04
4.621212117e-02	5.613186975e+04
4.685348635e-02	5.385071708e+04
4.750980598e-02	5.166226856e+04
4.816749778e-02	4.956275678e+04
4.883835078e-02	4.754856742e+04
4.952061723e-02	4.561623304e+04
5.020645218e-02	4.376242714e+04
5.090827845e-02	4.198395836e+04
5.161511642e-02	4.027776509e+04
5.233274685e-02	3.864091009e+04
5.306537545e-02	3.707057553e+04
5.379929727e-02	3.556405806e+04
5.455033164e-02	3.411876421e+04
5.530900278e-02	3.273220591e+04
5.607722216e-02	3.140199619e+04
5.686296400e-02	3.012584509e+04
5.764889785e-02	2.890155571e+04
5.845315700e-02	2.772702043e+04
5.926650380e-02	2.660021730e+04
6.008944887e-02	2.551920651e+04
6.093121465e-02	2.448212711e+04
6.177342124e-02	2.348719375e+04
6.263526520e-02	2.253269366e+04
6.350629684e-02	2.161698366e+04
6.438845860e-02	2.073848736e+04
6.528933022e-02	1.989569242e+04
6.619243571e-02	1.908714797e+04
6.711659854e-02	1.831146209e+04
6.804850312e-02	1.756729945e+04
6.899475842e-02	1.685337896e+04
6.995800160e-02	1.616847160e+04
7.092703029e-02	1.551139832e+04
7.191865341e-02	1.488102794e+04
7.291481129e-02	1.427627530e+04
7.393045730e-02	1.369609930e+04
7.495953537e-02	1.313950118e+04
7.599994521e-02	1.260552274e+04
7.706267434e-02	1.209324474e+04
7.812861213e-02	1.160178530e+04
7.921940394e-02	1.113029836e+04
8.031799272e-02	1.067797225e+04
8.143571414e-02	1.024402831e+04
8.256966246e-02	9.827719490e+03
8.371514525e-02	9.428329114e+03
8.488523877e-02	9.045169632e+03
8.605934085e-02	8.677581434e+03
8.726081897e-02	8.324931716e+03
8.846998851e-02	7.986613390e+03
8.970165879e-02	7.662044040e+03
9.094882108e-02	7.350664920e+03
9.221161765e-02	7.051939989e+03
9.349761790e-02	6.765354992e+03
9.479250441e-02	6.490416572e+03
9.611758324e-02	6.226651421e+03
9.744617674e-02	5.973605467e+03
9.880511101e-02	5.730843092e+03
1.001745425e-01	5.497946378e+03
1.015683817e-01	5.274514393e+03
1.029795613e-01	5.060162499e+03
1.044093881e-01	4.854521689e+03
1.058632457e-01	4.657237950e+03
1.073301772e-01	4.467971659e+03
1.088276629e-01	4.286396994e+03
1.103328516e-01	4.112201372e+03
1.118731362e-01	3.945084916e+03
1.134195713e-01	3.784759934e+03
1.150002220e-01	3.630950427e+03
1.165925552e-01	3.483391611e+03
1.182148273e-01	3.341829462e+03
1.198540826e-01	3.206020283e+03
1.215192717e-01	3.075730275e+03
1.232064954e-01	2.950735146e+03
1.249159380e-01	2.830819715e+03
1.266521993e-01	2.715777547e+03
1.284072745e-01	2.605410598e+03
1.301936660e-01	2.499528871e+03
1.319957965e-01	2.397950089e+03
1.338334345e-01	2.300499384e+03
1.356840887e-01	2.207008996e+03
1.375741137e-01	2.117317979e+03
1.394748065e-01	2.031271931e+03
1.414183838e-01	1.948722723e+03
1.433706781e-01	1.869528247e+03
1.453684933e-01	1.793552168e+03
1.473745069e-01	1.720663694e+03
1.494267771e-01	1.650737348e+03
1.514891730e-01	1.583652750e+03
1.535976012e-01	1.519294415e+03
1.557176358e-01	1.457551549e+03
1.578839786e-01	1.398317862e+03
1.600629355e-01	1.341491382e+03
1.622890058e-01	1.286974284e+03
1.645281960e-01	1.234672716e+03
1.668158638e-01	1.184496640e+03
1.691166264e-01	1.136359678e+03
1.714678213e-01	1.090178963e+03
1.738315239e-01	1.045874993e+03
1.762482363e-01	1.003371500e+03
1.786762755e-01	9.625953137e+02
1.811585804e-01	9.234762379e+02
1.836543606e-01	8.859469288e+02
1.862033359e-01	8.499427798e+02
1.887693535e-01	8.154018096e+02
1.913864676e-01	7.822645558e+02
1.940249255e-01	7.504739725e+02
1.967116769e-01	7.199753322e+02
1.994248476e-01	6.907161314e+02
2.021827653e-01	6.626460002e+02
2.049729926e-01	6.357166159e+02
2.078036365e-01	6.098816194e+02
2.106733379e-01	5.850965358e+02
2.135782993e-01	5.613186975e+02
2.165299681e-01	5.385071708e+02
2.195108696e-01	5.166226856e+02
2.225470771e-01	4.956275678e+02
2.256055732e-01	4.754856742e+02
2.287266418e-01	4.561623304e+02
2.318667482e-01	4.376242714e+02
2.350681102e-01	4.198395836e+02
2.382988480e-01	4.027776509e+02
2.415822329e-01	3.864091009e+02
2.449064430e-01	3.707057553e+02
2.482736126e-01	3.556405806e+02
2.516942241e-01	3.411876421e+02
2.551469723e-01	3.273220591e+02
2.586670049e-01	3.140199619e+02
2.622071576e-01	3.012584509e+02
2.658157808e-01	2.890155571e+02
2.694591396e-01	2.772702043e+02
2.731580931e-01	2.660021730e+02
2.769080173e-01	2.551920651e+02
2.806991995e-01	2.448212711e+02
2.845590203e-01	2.348719375e+02
2.884443610e-01	2.253269366e+02
2.924021463e-01	2.161698366e+02
2.963989713e-01	2.073848736e+02
3.004539685e-01	1.989569242e+02
3.045685597e-01	1.908714797e+02
3.087227661e-01	1.831146209e+02
3.129523634e-01	1.756729945e+02
3.172142361e-01	1.685337896e+02
3.215461722e-01	1.616847160e+02
3.259342156e-01	1.551139832e+02
3.303705495e-01	1.488102794e+02
3.348852412e-01	1.427627530e+02
3.394315026e-01	1.369609930e+02
3.440537841e-01	1.313950118e+02
3.487351835e-01	1.260552274e+02
3.534671684e-01	1.209324474e+02
3.582804762e-01	1.160178530e+02
3.631317180e-01	1.113029836e+02
3.680579668e-01	1.067797225e+02
3.730539056e-01	1.024402831e+02
3.780952546e-01	9.827719490e+01
3.832208635e-01	9.428329114e+01
3.883989856e-01	9.045169632e+01
3.936429585e-01	8.677581434e+01
3.989730053e-01	8.324931716e+01
4.043404900e-01	7.986613390e+01
4.097921604e-01	7.662044040e+01
4.153204303e-01	7.350664920e+01
4.208959274e-01	7.051939989e+01
4.265603214e-01	6.765354992e+01
4.322914513e-01	6.490416572e+01
4.380829200e-01	6.226651421e+01
4.439649962e-01	5.973605467e+01
4.499067978e-01	5.730843092e+01
4.559191658e-01	5.497946378e+01
4.620237942e-01	5.274514393e+01
4.681843047e-01	5.060162499e+01
4.744223998e-01	4.854521689e+01
4.807543395e-01	4.657237950e+01
4.871418257e-01	4.467971659e+01
4.936103540e-01	4.286396994e+01
5.001742316e-01	4.112201372e+01
5.067971952e-01	3.945084916e+01
5.135007190e-01	3.784759934e+01
5.203010068e-01	3.630950427e+01
5.271681896e-01	3.483391611e+01
5.341111068e-01	3.341829462e+01
5.411521016e-01	3.206020283e+01
5.482724933e-01	3.075730275e+01
5.554590167e-01	2.950735146e+01
5.627448202e-01	2.830819715e+01
5.701276665e-01	2.715777547e+01
5.775618059e-01	2.605410598e+01
5.850963073e-01	2.499528871e+01
5.927315275e-01	2.397950089e+01
6.004366669e-01	2.300499384e+01
6.082235281e-01	2.207008996e+01
6.161119958e-01	2.117317979e+01
6.241006123e-01	2.031271931e+01
6.321432571e-01	1.948722723e+01
6.402882564e-01	1.869528247e+01
6.485357981e-01	1.793552168e+01
6.568720784e-01	1.720663694e+01
6.652766445e-01	1.650737348e+01
6.737842831e-01	1.583652750e+01
6.823950702e-01	1.519294415e+01
6.910933200e-01	1.457551549e+01
6.998636960e-01	1.398317862e+01
7.087375260e-01	1.341491382e+01
7.177147689e-01	1.286974284e+01
7.267898202e-01	1.234672716e+01
7.359289522e-01	1.184496640e+01
7.451715796e-01	1.136359678e+01
7.545175425e-01	1.090178963e+01
7.639666389e-01	1.045874993e+01
7.734947812e-01	1.003371500e+01
7.831079139e-01	9.625953137e+00
7.928239774e-01	9.234762379e+00
8.026426540e-01	8.859469288e+00
8.125635848e-01	8.499427798e+00
8.225662447e-01	8.154018096e+00
8.326530225e-01	7.822645558e+00
8.428416064e-01	7.504739725e+00
8.531315342e-01	7.199753322e+00
8.635223059e-01	6.907161314e+00
8.740133852e-01	6.626460002e+00
8.845808950e-01	6.357166159e+00
8.952393973e-01	6.098816194e+00
9.059975375e-01	5.850965358e+00
9.168547040e-01	5.613186975e+00
9.278102559e-01	5.385071708e+00
9.388635256e-01	5.166226856e+00
9.500138208e-01	4.956275678e+00
9.612516767e-01	4.754856742e+00
9.725711015e-01	4.561623304e+00
9.839868082e-01	4.376242714e+00
9.954980821e-01	4.198395836e+00
1.007104196e+00	4.027776509e+00
1.018804413e+00	3.864091009e+00
1.030597991e+00	3.707057553e+00
1.042484185e+00	3.556405806e+00
1.054462249e+00	3.411876421e+00
1.066531445e+00	3.273220591e+00
1.078691039e+00	3.140199619e+00
1.090940313e+00	3.012584509e+00
1.103278564e+00	2.890155571e+00
1.115705111e+00	2.772702043e+00
1.128219296e+00	2.660021730e+00
1.140820492e+00	2.551920651e+00
1.153508107e+00	2.448212711e+00
1.166281587e+00	2.348719375e+00
1.179140424e+00	2.253269366e+00
1.192084158e+00	2.161698366e+00
1.205112385e+00	2.073848736e+00
1.218224762e+00	1.989569242e+00
1.231421047e+00	1.908714797e+00
1.244707018e+00	1.831146209e+00
1.257398694e+00	1.889924932e+00
1.269667835e+00	1.825700520e+00
1.282049644e+00	1.763658616e+00
1.294521997e+00	1.703725051e+00
1.307083552e+00	1.645828181e+00
1.319733110e+00	1.589898792e+00
1.332469626e+00	1.535870024e+00
1.345292226e+00	1.483677290e+00
1.358200219e+00	1.433258197e+00
1.371193117e+00	1.384552471e+00
1.384268820e+00	1.337501889e+00
1.397406792e+00	1.292050205e+00
1.410626570e+00	1.248143083e+00
1.423928742e+00	1.205728035e+00
1.437314204e+00	1.164754358e+00
1.450782637e+00	1.125173070e+00
1.464297001e+00	1.086936853e+00
1.477912003e+00	1.050000000e+00
#################################
0.000000000e+00	6.803680994e+17
2.113993379e-08	6.527185037e+17
4.277277850e-08	6.261925646e+17
6.491002712e-08	6.007446177e+17
8.756344064e-08	5.763308543e+17
1.107450543e-07	5.529092460e+17
1.344671838e-07	5.304394724e+17
1.587424322e-07	5.088828518e+17
1.835836963e-07	4.882022745e+17
2.090041737e-07	4.683621386e+17
2.350173697e-07	4.493282894e+17
2.616371044e-07	4.310679601e+17
2.888775202e-07	4.135497154e+17
3.167530894e-07	3.967433977e+17
3.452786214e-07	3.806200748e+17
3.744692712e-07	3.651519904e+17
4.043405470e-07	3.503125161e+17
4.349083189e-07	3.360761058e+17
4.629141608e-07	3.224182513e+17
4.904090574e-07	3.093154408e+17
5.185450410e-07	2.967451176e+17
5.473370594e-07	2.846856419e+17
5.768004092e-07	2.731162534e+17
6.069507434e-07	2.620170352e+17
6.378040804e-07	2.513688800e+17
6.693768115e-07	2.411534570e+17
7.016857107e-07	2.313531804e+17
7.347479429e-07	2.219511789e+17
7.685810733e-07	2.129312669e+17
8.032030764e-07	2.042779167e+17
8.386323462e-07	1.959762314e+17
8.748877054e-07	1.880119198e+17
9.119884154e-07	1.803712712e+17
9.499541871e-07	1.730411322e+17
9.842504320e-07	1.660088840e+17
1.018691574e-06	1.592624205e+17
1.053935765e-06	1.527901277e+17
1.090001731e-06	1.465808635e+17
1.126908631e-06	1.406239387e+17
1.164676074e-06	1.349090984e+17
1.203324125e-06	1.294265044e+17
1.242873316e-06	1.241667185e+17
1.283344658e-06	1.191206860e+17
1.324759654e-06	1.142797200e+17
1.367140306e-06	1.096354869e+17
1.410509130e-06	1.051799916e+17
1.454889166e-06	1.009055639e+17
1.500303993e-06	9.680484540e+16
1.546777738e-06	9.287077670e+16
1.590917263e-06	8.909658530e+16
1.633281157e-06	8.547577391e+16
1.676632832e-06	8.200210929e+16
1.720995320e-06	7.866961153e+16
1.766392189e-06	7.547254371e+16
1.812847558e-06	7.240540208e+16
1.860386107e-06	6.946290654e+16
1.909033092e-06	6.663999158e+16
1.958814359e-06	6.393179755e+16
2.009756355e-06	6.133366228e+16
2.061886143e-06	5.884111307e+16
2.115231420e-06	5.644985900e+16
2.169820526e-06	5.415578351e+16
2.225682463e-06	5.195493735e+16
2.282846910e-06	4.984353175e+16
2.335878700e-06	4.781793192e+16
2.388227986e-06	4.587465080e+16
2.441797878e-06	4.401034301e+16
2.496616836e-06	4.222179914e+16
2.552713985e-06	4.050594021e+16
2.610119128e-06	3.885981237e+16
2.668862762e-06	3.728058180e+16
2.728976096e-06	3.576552985e+16
2.790491068e-06	3.431204835e+16
2.853440359e-06	3.291763514e+16
2.917857411e-06	3.157988973e+16
2.983776449e-06	3.029650918e+16
3.051232493e-06	2.906528416e+16
3.120261382e-06	2.788409509e+16
3.187265493e-06	2.675090858e+16
3.250756219e-06	2.566377382e+16
3.315727332e-06	2.462081932e+16
3.382213349e-06	2.362024963e+16
3.450249592e-06	2.266034226e+16
3.519872208e-06	2.173944473e+16
3.591118185e-06	2.085597171e+16
3.664025374e-06	2.000840230e+16
3.738632509e-06	1.919527741e+16
3.814979228e-06	1.841519725e+16
3.893106090e-06	1.766681889e+16
3.973054604e-06	1.694885401e+16
4.054867244e-06	1.626006663e+16
4.138587474e-06	1.559927100e+16
4.218566195e-06	1.496532955e+16
4.295888961e-06	1.435715096e+16
4.375014630e-06	1.377368824e+16
4.455985238e-06	1.321393697e+16
4.538843804e-06	1.267693352e+16
4.623634348e-06	1.216175345e+16
4.710401917e-06	1.166750987e+16
4.799192609e-06	1.119335193e+16
4.890053597e-06	1.073846339e+16
4.983033151e-06	1.030206113e+16
5.078180671e-06	9.883393907e+15
5.175546705e-06	9.481740969e+15
5.275182982e-06	9.096410874e+15
5.375501480e-06	8.726740274e+15
5.467886138e-06	8.372092781e+15
5.562424890e-06	8.031857869e+15
5.659167963e-06	7.705449821e+15
5.758166752e-06	7.392306726e+15
5.859473855e-06	7.091889507e+15
5.963143093e-06	6.803680994e+15
6.069229542e-06	6.527185037e+15
6.177789565e-06	6.261925646e+15
6.288880836e-06	6.007446177e+15
6.402562375e-06	5.763308543e+15
6.518894579e-06	5.529092460e+15
6.637939252e-06	5.304394724e+15
6.757923879e-06	5.088828518e+15
6.868716430e-06	4.882022745e+15
6.982092284e-06	4.683621386e+15
7.098111674e-06	4.493282894e+15
7.216836240e-06	4.310679601e+15
7.338329057e-06	4.135497154e+15
7.462654670e-06	3.967433977e+15
7.589879131e-06	3.806200748e+15
7.720070031e-06	3.651519904e+15
7.853296538e-06	3.503125161e+15
7.989629431e-06	3.360761058e+15
8.129141140e-06	3.224182513e+15
8.271905785e-06	3.093154408e+15
8.409678737e-06	2.967451176e+15
8.543017755e-06	2.846856419e+15
8.679465782e-06	2.731162534e+15
8.819095311e-06	2.620170352e+15
8.961980523e-06	2.513688800e+15
9.108197328e-06	2.411534570e+15
9.257823410e-06	2.313531804e+15
9.410938259e-06	2.219511789e+15
9.567623223e-06	2.129312669e+15
9.727961545e-06	2.042779167e+15
9.892038407e-06	1.959762314e+15
1.005994098e-05	1.880119198e+15
1.022650287e-05	1.803712712e+15
1.038384770e-05	1.730411322e+15
1.054486126e-05	1.660088840e+15
1.070962912e-05	1.592624205e+15
1.087823879e-05	1.527901277e+15
1.105077987e-05	1.465808635e+15
1.122734402e-05	1.406239387e+15
1.140802503e-05	1.349090984e+15
1.159291891e-05	1.294265044e+15
1.178212388e-05	1.241667185e+15
1.197574047e-05	1.191206860e+15
1.217387153e-05	1.142797200e+15
1.236807990e-05	1.096354869e+15
1.255434580e-05	1.051799916e+15
1.274495479e-05	1.009055639e+15
1.294000812e-05	9.680484540e+14
1.313960943e-05	9.287077670e+14
1.334386476e-05	8.909658530e+14
1.355288262e-05	8.547577391e+14
1.376677407e-05	8.200210929e+14
1.398565273e-05	7.866961153e+14
1.420963489e-05	7.547254371e+14
1.443883955e-05	7.240540208e+14
1.467338848e-05	6.946290654e+14
1.489263888e-05	6.663999158e+14
1.511381155e-05	6.393179755e+14
1.534014121e-05	6.133366228e+14
1.557174811e-05	5.884111307e+14
1.580875529e-05	5.644985900e+14
1.605128866e-05	5.415578351e+14
1.629947708e-05	5.195493735e+14
1.655345241e-05	4.984353175e+14
1.681334957e-05	4.781793192e+14
1.707930664e-05	4.587465080e+14
1.735146493e-05	4.401034301e+14
1.761239229e-05	4.222179914e+14
1.786977093e-05	4.050594021e+14
1.813315076e-05	3.885981237e+14
1.840267170e-05	3.728058180e+14
1.867847695e-05	3.576552985e+14
1.896071304e-05	3.431204835e+14
1.924952991e-05	3.291763514e+14
1.954508099e-05	3.157988973e+14
1.984752332e-05	3.029650918e+14
2.015701757e-05	2.906528416e+14
2.047372817e-05	2.788409509e+14
2.077526163e-05	2.675090858e+14
2.107559675e-05	2.566377382e+14
2.138293465e-05	2.462081932e+14
2.169743862e-05	2.362024963e+14
2.201927575e-05	2.266034226e+14
2.234861702e-05	2.173944473e+14
2.268563741e-05	2.085597171e+14
2.303051595e-05	2.000840230e+14
2.338343588e-05	1.919527741e+14
2.374458470e-05	1.841519725e+14
2.411028255e-05	1.766681889e+14
2.445365516e-05	1.694885401e+14
2.480503403e-05	1.626006663e+14
2.516460586e-05	1.559927100e+14
2.553256168e-05	1.496532955e+14
2.590909696e-05	1.435715096e+14
2.629441176e-05	1.377368824e+14
2.668871078e-05	1.321393697e+14
2.709220351e-05	1.267693352e+14
2.750510430e-05	1.216175345e+14
2.792763253e-05	1.166750987e+14
2.833012424e-05	1.119335193e+14
2.873285788e-05	1.073846339e+14
2.914498189e-05	1.030206113e+14
2.956671522e-05	9.883393907e+13
2.999828193e-05	9.481740969e+13
3.043991130e-05	9.096410874e+13
3.089183795e-05	8.726740274e+13
3.135430199e-05	8.372092781e+13
3.182754910e-05	8.031857869e+13
3.231183072e-05	7.705449821e+13
3.277744051e-05	7.392306726e+13
3.324013353e-05	7.091889507e+13
3.371361497e-05	6.803680994e+13
3.419813637e-05	6.527185037e+13
3.469395516e-05	6.261925646e+13
3.520133474e-05	6.007446177e+13
3.572054468e-05	5.763308543e+13
3.625186082e-05	5.529092460e+13
3.679556544e-05	5.304394724e+13
3.735194738e-05	5.088828518e+13
3.787935758e-05	4.882022745e+13
3.841214488e-05	4.683621386e+13
3.895735495e-05	4.493282894e+13
3.951527745e-05	4.310679601e+13
4.008620880e-05	4.135497154e+13
4.067045232e-05	3.967433977e+13
4.126831839e-05	3.806200748e+13
4.188012466e-05	3.651519904e+13
4.250619616e-05	3.503125161e+13
4.313212591e-05	3.360761058e+13
4.373294890e-05	3.224182513e+13
4.434778103e-05	3.093154408e+13
4.497694894e-05	2.967451176e+13
4.562078690e-05	2.846856419e+13
4.627963695e-05	2.731162534e+13
4.695384913e-05	2.620170352e+13
4.764378163e-05	2.513688800e+13
4.834980100e-05	2.411534570e+13
4.907228233e-05	2.313531804e+13
4.975621590e-05	2.219511789e+13
5.045099952e-05	2.129312669e+13
5.116198311e-05	2.042779167e+13
5.188954440e-05	1.959762314e+13
5.263406994e-05	1.880119198e+13
5.339595527e-05	1.803712712e+13
5.417560515e-05	1.730411322e+13
5.497343380e-05	1.660088840e+13
5.578986509e-05	1.592624205e+13
5.657314143e-05	1.527901277e+13
5.735983195e-05	1.465808635e+13
5.816486539e-05	1.406239387e+13
5.898866946e-05	1.349090984e+13
5.983168182e-05	1.294265044e+13
6.069435034e-05	1.241667185e+13
6.157713334e-05	1.191206860e+13
6.248049982e-05	1.142797200e+13
6.340492972e-05	1.096354869e+13
6.428763951e-05	1.051799916e+13
6.518008742e-05	1.009055639e+13
6.609334416e-05	9.680484540e+12
6.702789493e-05	9.287077670e+12
6.798423622e-05	8.909658530e+12
6.896287611e-05	8.547577391e+12
6.996433454e-05	8.200210929e+12
7.098914356e-05	7.866961153e+12
7.202719335e-05	7.547254371e+12
7.301834902e-05	7.240540208e+12
7.403261505e-05	6.946290654e+12
7.507053029e-05	6.663999158e+12
7.613264617e-05	6.393179755e+12
7.721952696e-05	6.133366228e+12
7.833175008e-05	5.884111307e+12
7.946990644e-05	5.644985900e+12
8.063460072e-05	5.415578351e+12
8.177257394e-05	5.195493735e+12
8.290098756e-05	4.984353175e+12
8.405571193e-05	4.781793192e+12
8.523736051e-05	4.587465080e+12
8.644656110e-05	4.401034301e+12
8.768395610e-05	4.222179914e+12
8.895020293e-05	4.050594021e+12
9.024597430e-05	3.885981237e+12
9.154677446e-05	3.728058180e+12
9.280428448e-05	3.576552985e+12
9.409111533e-05	3.431204835e+12
9.540795068e-05	3.291763514e+12
9.675549011e-05	3.157988973e+12
9.813444956e-05	3.029650918e+12
9.954556163e-05	2.906528416e+12
1.009895760e-04	2.788409509e+12
1.024575499e-04	2.675090858e+12
1.038611787e-04	2.566377382e+12
1.052975353e-04	2.462081932e+12
1.067673828e-04	2.362024963e+12
1.082715021e-04	2.266034226e+12
1.098106924e-04	2.173944473e+12
1.113857713e-04	2.085597171e+12
1.129975756e-04	2.000840230e+12
1.146358114e-04	1.919527741e+12
1.162049573e-04	1.841519725e+12
1.178106903e-04	1.766681889e+12
1.194538635e-04	1.694885401e+12
1.211353499e-04	1.626006663e+12
1.228560428e-04	1.559927100e+12
1.246168564e-04	1.496532955e+12
1.264187261e-04	1.435715096e+12
1.282287679e-04	1.377368824e+12
1.299855533e-04	1.321393697e+12
1.317833010e-04	1.267693352e+12
1.336229660e-04	1.216175345e+12
1.355055257e-04	1.166750987e+12
1.374319803e-04	1.119335193e+12
1.394033532e-04	1.073846339e+12
1.414206917e-04	1.030206113e+12
1.434022155e-04	9.883393907e+11
1.453718876e-04	9.481740969e+11
1.473874858e-04	9.096410874e+11
1.494500808e-04	8.726740274e+11
1.515607685e-04	8.372092781e+11
1.537206702e-04	8.031857869e+11
1.559309334e-04	7.705449821e+11
1.581821722e-04	7.392306726e+11
1.603431771e-04	7.091889507e+11
1.625545693e-04	6.803680994e+11
1.648175235e-04	6.527185037e+11
1.671332421e-04	6.261925646e+11
1.695029554e-04	6.007446177e+11
1.719279222e-04	5.763308543e+11
1.744094309e-04	5.529092460e+11
1.768335317e-04	5.304394724e+11
1.792629493e-04	5.088828518e+11
1.817490126e-04	4.882022745e+11
1.842930424e-04	4.683621386e+11
1.868963903e-04	4.493282894e+11
1.895604394e-04	4.310679601e+11
1.922866050e-04	4.135497154e+11
1.949936214e-04	3.967433977e+11
1.976659653e-04	3.806200748e+11
2.004006192e-04	3.651519904e+11
2.031990358e-04	3.503125161e+11
2.060627019e-04	3.360761058e+11
2.089931389e-04	3.224182513e+11
2.119919037e-04	3.093154408e+11
2.149901212e-04	2.967451176e+11
2.179332989e-04	2.846856419e+11
2.209451015e-04	2.731162534e+11
2.240271290e-04	2.620170352e+11
2.271810188e-04	2.513688800e+11
2.304084466e-04	2.411534570e+11
2.337111269e-04	2.313531804e+11
2.370076290e-04	2.219511789e+11
2.402529362e-04	2.129312669e+11
2.435739129e-04	2.042779167e+11
2.469723234e-04	1.959762314e+11
2.504499731e-04	1.880119198e+11
2.540087098e-04	1.803712712e+11
2.576504240e-04	1.730411322e+11
2.612508391e-04	1.660088840e+11
2.648333909e-04	1.592624205e+11
2.684994755e-04	1.527901277e+11
2.722510406e-04	1.465808635e+11
2.760900794e-04	1.406239387e+11
2.800186314e-04	1.349090984e+11
2.840387839e-04	1.294265044e+11
2.879470020e-04	1.241667185e+11
2.919062207e-04	1.191206860e+11
2.959577548e-04	1.142797200e+11
3.001037568e-04	1.096354869e+11
3.043464295e-04	1.051799916e+11
3.086880267e-04	1.009055639e+11
3.130683483e-04	9.680484540e+10
3.173487124e-04	9.287077670e+10
3.217288800e-04	8.909658530e+10
3.262111782e-04	8.547577391e+10
3.307979881e-04	8.200210929e+10
3.354917468e-04	7.866961153e+10
3.402949479e-04	7.547254371e+10
3.449967165e-04	7.240540208e+10
3.497370707e-04	6.946290654e+10
3.545879538e-04	6.663999158e+10
3.595519428e-04	6.393179755e+10
3.646316752e-04	6.133366228e+10
3.698298494e-04	5.884111307e+10
3.750349476e-04	5.644985900e+10
3.801702386e-04	5.415578351e+10
3.854252670e-04	5.195493735e+10
3.908028247e-04	4.984353175e+10
3.963057687e-04	4.781793192e+10
4.019370225e-04	4.587465080e+10
4.076645544e-04	4.401034301e+10
4.132330715e-04	4.222179914e+10
4.189314273e-04	4.050594021e+10
4.247626493e-04	3.885981237e+10
4.307298355e-04	3.728058180e+10
4.368361560e-04	3.576552985e+10
4.430848550e-04	3.431204835e+10
4.491487207e-04	3.291763514e+10
4.553335964e-04	3.157988973e+10
4.616626822e-04	3.029650918e+10
4.681393406e-04	2.906528416e+10
4.747670126e-04	2.788409509e+10
4.815492192e-04	2.675090858e+10
4.881606770e-04	2.566377382e+10
4.948797070e-04	2.462081932e+10
5.017554017e-04	2.362024963e+10
5.087914142e-04	2.266034226e+10
5.159914823e-04	2.173944473e+10
5.233594315e-04	2.085597171e+10
5.305348559e-04	2.000840230e+10
5.378405963e-04	1.919527741e+10
5.453166816e-04	1.841519725e+10
5.529670836e-04	1.766681889e+10
5.607958668e-04	1.694885401e+10
5.687926107e-04	1.626006663e+10
5.765619186e-04	1.559927100e+10
5.845123801e-04	1.496532955e+10
5.926482193e-04	1.435715096e+10
6.009737583e-04	1.377368824e+10
6.094934204e-04	1.321393697e+10
6.180979167e-04	1.267693352e+10
6.265598537e-04	1.216175345e+10
6.352190941e-04	1.166750987e+10
6.440802383e-04	1.119335193e+10
6.531479941e-04	1.073846339e+10
6.624271790e-04	1.030206113e+10
6.716531350e-04	9.883393907e+09
6.808768520e-04	9.481740969e+09
6.903156346e-04	9.096410874e+09
6.999744973e-04	8.726740274e+09
7.098585716e-04	8.372092781e+09
7.199731087e-04	8.031857869e+09
7.298325903e-04	7.705449821e+09
7.398945070e-04	7.392306726e+09
7.501910331e-04	7.091889507e+09
7.607276390e-04	6.803680994e+09
7.715099224e-04	6.527185037e+09
7.823124689e-04	6.261925646e+09
7.930467845e-04	6.007446177e+09
8.040313875e-04	5.763308543e+09
8.152721139e-04	5.529092460e+09
8.267749356e-04	5.304394724e+09
8.385459637e-04	5.088828518e+09
8.500189480e-04	4.882022745e+09
8.617462086e-04	4.683621386e+09
8.737469088e-04	4.493282894e+09
8.860274242e-04	4.310679601e+09
8.985942792e-04	4.135497154e+09
9.110758528e-04	3.967433977e+09
9.236052477e-04	3.806200748e+09
9.364267852e-04	3.651519904e+09
9.495472770e-04	3.503125161e+09
9.629736939e-04	3.360761058e+09
9.764866533e-04	3.224182513e+09
9.898438830e-04	3.093154408e+09
1.003512557e-03	2.967451176e+09
1.017499939e-03	2.846856419e+09
1.031813458e-03	2.731162534e+09
1.046460719e-03	2.620170352e+09
1.061072741e-03	2.513688800e+09
1.075657684e-03	2.411534570e+09
1.090582698e-03	2.313531804e+09
1.105855712e-03	2.219511789e+09
1.121484841e-03	2.129312669e+09
1.137182251e-03	2.042779167e+09
1.152755431e-03	1.959762314e+09
1.168691723e-03	1.880119198e+09
1.184999595e-03	1.803712712e+09
1.201687711e-03	1.730411322e+09
1.218764936e-03	1.660088840e+09
1.235615842e-03	1.592624205e+09
1.252646323e-03	1.527901277e+09
1.270073896e-03	1.465808635e+09
1.287907821e-03	1.406239387e+09
1.306157571e-03	1.349090984e+09
1.324160005e-03	1.294265044e+09
1.342371448e-03	1.241667185e+09
1.361007521e-03	1.191206860e+09
1.380078122e-03	1.142797200e+09
1.399593385e-03	1.096354869e+09
1.419277631e-03	1.051799916e+09
1.438767381e-03	1.009055639e+09
1.458711566e-03	9.680484540e+08
1.479120781e-03	9.287077670e+08
1.500005869e-03	8.909658530e+08
1.520925147e-03	8.547577391e+08
1.541795577e-03	8.200210929e+08
1.563152635e-03	7.866961153e+08
1.585007667e-03	7.547254371e+08
1.607372282e-03	7.240540208e+08
1.630083113e-03	6.946290654e+08
1.652448718e-03	6.663999158e+08
1.675335813e-03	6.393179755e+08
1.698756557e-03	6.133366228e+08
1.722723392e-03	5.884111307e+08
1.746749678e-03	5.644985900e+08
1.770724738e-03	5.415578351e+08
1.795258815e-03	5.195493735e+08
1.820364942e-03	4.984353175e+08
1.846056458e-03	4.781793192e+08
1.872030151e-03	4.587465080e+08
1.897685447e-03	4.401034301e+08
1.923938936e-03	4.222179914e+08
1.950804566e-03	4.050594021e+08
1.978296611e-03	3.885981237e+08
2.006242952e-03	3.728058180e+08
2.033716434e-03	3.576552985e+08
2.061830504e-03	3.431204835e+08
2.090600097e-03	3.291763514e+08
2.120040499e-03	3.157988973e+08
2.150018527e-03	3.029650918e+08
2.179460004e-03	2.906528416e+08
2.209587956e-03	2.788409509e+08
2.240418388e-03	2.675090858e+08
2.271967681e-03	2.566377382e+08
2.304036464e-03	2.462081932e+08
2.335608676e-03	2.362024963e+08
2.367917043e-03	2.266034226e+08
2.400978732e-03	2.173944473e+08
2.434811306e-03	2.085597171e+08
2.469029801e-03	2.000840230e+08
2.502909592e-03	1.919527741e+08
2.537579344e-03	1.841519725e+08
2.573057476e-03	1.766681889e+08
2.609362837e-03	1.694885401e+08
2.645789741e-03	1.626006663e+08
2.682169345e-03	1.559927100e+08
2.719397197e-03	1.496532955e+08
2.757493074e-03	1.435715096e+08
2.796477218e-03	1.377368824e+08
2.835170820e-03	1.321393697e+08
2.874259261e-03	1.267693352e+08
2.914259110e-03	1.216175345e+08
2.955191618e-03	1.166750987e+08
2.997029479e-03	1.119335193e+08
3.038096561e-03	1.073846339e+08
3.080121188e-03	1.030206113e+08
3.123125685e-03	9.883393907e+07
3.167132900e-03	9.481740969e+07
3.211387594e-03	9.096410874e+07
3.255565678e-03	8.726740274e+07
3.300773844e-03	8.372092781e+07
3.347036109e-03	8.031857869e+07
3.394377052e-03	7.705449821e+07
3.441106723e-03	7.392306726e+07
3.488658866e-03	7.091889507e+07
3.537319763e-03	6.803680994e+07
3.587115264e-03	6.527185037e+07
3.637288014e-03	6.261925646e+07
3.687333684e-03	6.007446177e+07
3.738546248e-03	5.763308543e+07
3.790952914e-03	5.529092460e+07
3.844581524e-03	5.304394724e+07
3.897383340e-03	5.088828518e+07
3.951310736e-03	4.882022745e+07
4.006495535e-03	4.683621386e+07
4.062967055e-03	4.493282894e+07
4.119427082e-03	4.310679601e+07
4.176243323e-03	4.135497154e+07
4.234384324e-03	3.967433977e+07
4.293880974e-03	3.806200748e+07
4.354120616e-03	3.651519904e+07
4.414011331e-03	3.503125161e+07
4.475298493e-03	3.360761058e+07
4.538014661e-03	3.224182513e+07
4.602158525e-03	3.093154408e+07
4.665321790e-03	2.967451176e+07
4.729957806e-03	2.846856419e+07
4.796100913e-03	2.731162534e+07
4.863786250e-03	2.620170352e+07
4.930924089e-03	2.513688800e+07
4.999125297e-03	2.411534570e+07
5.068916724e-03	2.313531804e+07
5.140335447e-03	2.219511789e+07
5.211612844e-03	2.129312669e+07
5.283610197e-03	2.042779167e+07
5.357286282e-03	1.959762314e+07
5.432680241e-03	1.880119198e+07
5.508230961e-03	1.803712712e+07
5.584271073e-03	1.730411322e+07
5.662084181e-03	1.660088840e+07
5.741711624e-03	1.592624205e+07
5.821672944e-03	1.527901277e+07
5.902019213e-03	1.465808635e+07
5.984238882e-03	1.406239387e+07
6.068375632e-03	1.349090984e+07
6.152888444e-03	1.294265044e+07
6.237822250e-03	1.241667185e+07
6.324736422e-03	1.191206860e+07
6.413677135e-03	1.142797200e+07
6.502886073e-03	1.096354869e+07
6.592708074e-03	1.051799916e+07
6.684624417e-03	1.009055639e+07
6.778683934e-03	9.680484540e+06
6.872737512e-03	9.287077670e+06
6.967769027e-03	8.909658530e+06
7.065016352e-03	8.547577391e+06
7.164531151e-03	8.200210929e+06
7.263581917e-03	7.866961153e+06
7.364166415e-03	7.547254371e+06
7.467096200e-03	7.240540208e+06
7.572425956e-03	6.946290654e+06
7.676630667e-03	6.663999158e+06
7.783135368e-03	6.393179755e+06
7.892123395e-03	6.133366228e+06
8.002925461e-03	5.884111307e+06
8.113172468e-03	5.644985900e+06
8.225990057e-03	5.415578351e+06
8.341438166e-03	5.195493735e+06
8.457752361e-03	4.984353175e+06
8.574578840e-03	4.781793192e+06
8.694129312e-03	4.587465080e+06
8.816467292e-03	4.401034301e+06
8.938465024e-03	4.222179914e+06
9.062310025e-03	4.050594021e+06
9.189042667e-03	3.885981237e+06
9.318247253e-03	3.728058180e+06
9.446588061e-03	3.576552985e+06
9.577921337e-03	3.431204835e+06
9.712316856e-03	3.291763514e+06
9.847596054e-03	3.157988973e+06
9.983745755e-03	3.029650918e+06
1.012307000e-02	2.906528416e+06
1.026564281e-02	2.788409509e+06
1.040718488e-02	2.675090858e+06
1.055166926e-02	2.566377382e+06
1.069952251e-02	2.462081932e+06
1.084893541e-02	2.362024963e+06
1.099882243e-02	2.266034226e+06
1.115220431e-02	2.173944473e+06
1.130916253e-02	2.085597171e+06
1.146526692e-02	2.000840230e+06
1.162443760e-02	1.919527741e+06
1.178731960e-02	1.841519725e+06
1.195177105e-02	1.766681889e+06
1.211700334e-02	1.694885401e+06
1.228608828e-02	1.626006663e+06
1.245911570e-02	1.559927100e+06
1.263071555e-02	1.496532955e+06
1.280629618e-02	1.435715096e+06
1.298597076e-02	1.377368824e+06
1.316642287e-02	1.321393697e+06
1.334880626e-02	1.267693352e+06
1.353544222e-02	1.216175345e+06
1.372501022e-02	1.166750987e+06
1.391451852e-02	1.119335193e+06
1.410844550e-02	1.073846339e+06
1.430689420e-02	1.030206113e+06
1.450437175e-02	9.883393907e+05
1.470593563e-02	9.481740969e+05
1.491219928e-02	9.096410874e+05
1.511934544e-02	8.726740274e+05
1.532890917e-02	8.372092781e+05
1.554335922e-02	8.031857869e+05
1.576046177e-02	7.705449821e+05
1.597840630e-02	7.392306726e+05
1.620143255e-02	7.091889507e+05
1.642878767e-02	6.803680994e+05
1.665551287e-02	6.527185037e+05
1.688752452e-02	6.261925646e+05
1.712494589e-02	6.007446177e+05
1.736136273e-02	5.763308543e+05
1.760278939e-02	5.529092460e+05
1.784984530e-02	5.304394724e+05
1.809714011e-02	5.088828518e+05
1.834843285e-02	4.882022745e+05
1.860558488e-02	4.683621386e+05
1.886408208e-02	4.493282894e+05
1.912571460e-02	4.310679601e+05
1.939344750e-02	4.135497154e+05
1.966348129e-02	3.967433977e+05
1.993595110e-02	3.806200748e+05
2.021477397e-02	3.651519904e+05
2.049668869e-02	3.503125161e+05
2.078051837e-02	3.360761058e+05
2.107096598e-02	3.224182513e+05
2.136511656e-02	3.093154408e+05
2.166085511e-02	2.967451176e+05
2.196348926e-02	2.846856419e+05
2.227024158e-02	2.731162534e+05
2.257846580e-02	2.620170352e+05
2.289387676e-02	2.513688800e+05
2.321360816e-02	2.411534570e+05
2.353492417e-02	2.313531804e+05
2.386373216e-02	2.219511789e+05
2.419683190e-02	2.129312669e+05
2.453187665e-02	2.042779167e+05
2.487473350e-02	1.959762314e+05
2.522160328e-02	1.880119198e+05
2.557104625e-02	1.803712712e+05
2.592863703e-02	1.730411322e+05
2.628969153e-02	1.660088840e+05
2.665423642e-02	1.592624205e+05
2.702728125e-02	1.527901277e+05
2.740294871e-02	1.465808635e+05
2.778333531e-02	1.406239387e+05
2.817259121e-02	1.349090984e+05
2.856331408e-02	1.294265044e+05
2.896032016e-02	1.241667185e+05
2.936658307e-02	1.191206860e+05
2.977281860e-02	1.142797200e+05
3.018726201e-02	1.096354869e+05
3.061070919e-02	1.051799916e+05
3.103358981e-02	1.009055639e+05
3.146633056e-02	9.680484540e+04
3.190621193e-02	9.287077670e+04
3.234785687e-02	8.909658530e+04
3.279979945e-02	8.547577391e+04
3.325661706e-02	8.200210929e+04
3.371795597e-02	7.866961153e+04
3.419005173e-02	7.547254371e+04
3.466432518e-02	7.240540208e+04
3.514633600e-02	6.946290654e+04
3.563958566e-02	6.663999158e+04
3.613185300e-02	6.393179755e+04
3.663556451e-02	6.133366228e+04
3.714734126e-02	5.884111307e+04
3.766183951e-02	5.644985900e+04
3.818833409e-02	5.415578351e+04
3.871917731e-02	5.195493735e+04
3.925705247e-02	4.984353175e+04
3.980746903e-02	4.781793192e+04
4.035797212e-02	4.587465080e+04
4.092039535e-02	4.401034301e+04
4.149190936e-02	4.222179914e+04
4.206671079e-02	4.050594021e+04
4.265491463e-02	3.885981237e+04
4.324726348e-02	3.728058180e+04
4.384852577e-02	3.576552985e+04
4.446292312e-02	3.431204835e+04
4.507764734e-02	3.291763514e+04
4.570670481e-02	3.157988973e+04
4.634318338e-02	3.029650918e+04
4.698644207e-02	2.906528416e+04
4.764469935e-02	2.788409509e+04
4.830395935e-02	2.675090858e+04
4.897719755e-02	2.566377382e+04
4.966022097e-02	2.462081932e+04
5.034890241e-02	2.362024963e+04
5.105364154e-02	2.266034226e+04
5.176081725e-02	2.173944473e+04
5.248184731e-02	2.085597171e+04
5.321397138e-02	2.000840230e+04
5.395179501e-02	1.919527741e+04
5.470682215e-02	1.841519725e+04
5.546455614e-02	1.766681889e+04
5.623729867e-02	1.694885401e+04
5.702123017e-02	1.626006663e+04
5.781223477e-02	1.559927100e+04
5.862168289e-02	1.496532955e+04
5.943277564e-02	1.435715096e+04
6.026148847e-02	1.377368824e+04
6.110009653e-02	1.321393697e+04
6.194866889e-02	1.267693352e+04
6.281540362e-02	1.216175345e+04
6.368444894e-02	1.166750987e+04
6.457375741e-02	1.119335193e+04
6.547008583e-02	1.073846339e+04
6.638099200e-02	1.030206113e+04
6.730687013e-02	9.883393907e+03
6.824004174e-02	9.481740969e+03
6.919497171e-02	9.096410874e+03
7.015225252e-02	8.726740274e+03
7.113067189e-02	8.372092781e+03
7.211900625e-02	8.031857869e+03
7.312164207e-02	7.705449821e+03
7.414172184e-02	7.392306726e+03
7.516932416e-02	7.091889507e+03
7.622088666e-02	6.803680994e+03
7.727519894e-02	6.527185037e+03
7.835310191e-02	6.261925646e+03
7.944078718e-02	6.007446177e+03
8.054584760e-02	5.763308543e+03
8.166765083e-02	5.529092460e+03
8.280071164e-02	5.304394724e+03
8.395739417e-02	5.088828518e+03
8.511932515e-02	4.882022745e+03
8.630834838e-02	4.683621386e+03
8.750336376e-02	4.493282894e+03
8.872284875e-02	4.310679601e+03
8.995454890e-02	4.135497154e+03
9.120544340e-02	3.967433977e+03
9.247464911e-02	3.806200748e+03
9.375793118e-02	3.651519904e+03
9.506548148e-02	3.503125161e+03
9.638216046e-02	3.360761058e+03
9.772891302e-02	3.224182513e+03
9.908003062e-02	3.093154408e+03
1.004626517e-01	2.967451176e+03
1.018534935e-01	2.846856419e+03
1.032724563e-01	2.731162534e+03
1.047045549e-01	2.620170352e+03
1.061609950e-01	2.513688800e+03
1.076352764e-01	2.411534570e+03
1.091303657e-01	2.313531804e+03
1.106477766e-01	2.219511789e+03
1.121827248e-01	2.129312669e+03
1.137442331e-01	2.042779167e+03
1.153202887e-01	1.959762314e+03
1.169268843e-01	1.880119198e+03
1.185453361e-01	1.803712712e+03
1.201980307e-01	1.730411322e+03
1.218602090e-01	1.660088840e+03
1.235600373e-01	1.592624205e+03
1.252673151e-01	1.527901277e+03
1.270144008e-01	1.465808635e+03
1.287691298e-01	1.406239387e+03
1.305638170e-01	1.349090984e+03
1.323681977e-01	1.294265044e+03
1.342119835e-01	1.241667185e+03
1.360671349e-01	1.191206860e+03
1.379615649e-01	1.142797200e+03
1.398686311e-01	1.096354869e+03
1.418153005e-01	1.051799916e+03
1.437754516e-01	1.009055639e+03
1.457760070e-01	9.680484540e+02
1.477904393e-01	9.287077670e+02
1.498465806e-01	8.909658530e+02
1.519165174e-01	8.547577391e+02
1.540299992e-01	8.200210929e+02
1.561566912e-01	7.866961153e+02
1.583293245e-01	7.547254371e+02
1.605140504e-01	7.240540208e+02
1.627474958e-01	6.946290654e+02
1.649917720e-01	6.663999158e+02
1.672853830e-01	6.393179755e+02
1.695931219e-01	6.133366228e+02
1.719482476e-01	5.884111307e+02
1.743214584e-01	5.644985900e+02
1.767394775e-01	5.415578351e+02
1.791802336e-01	5.195493735e+02
1.816625551e-01	4.984353175e+02
1.841729969e-01	4.781793192e+02
1.867210607e-01	4.587465080e+02
1.893033970e-01	4.401034301e+02
1.919186745e-01	4.222179914e+02
1.945751850e-01	4.050594021e+02
1.972591793e-01	3.885981237e+02
1.999922170e-01	3.728058180e+02
2.027464635e-01	3.576552985e+02
2.055569981e-01	3.431204835e+02
2.083845240e-01	3.291763514e+02
2.112678105e-01	3.157988973e+02
2.141774682e-01	3.029650918e+02
2.171351208e-01	2.906528416e+02
2.201295178e-01	2.788409509e+02
2.231631842e-01	2.675090858e+02
2.262450113e-01	2.566377382e+02
2.293563735e-01	2.462081932e+02
2.325284067e-01	2.362024963e+02
2.357191813e-01	2.266034226e+02
2.389716784e-01	2.173944473e+02
2.422562235e-01	2.085597171e+02
2.455908798e-01	2.000840230e+02
2.489722421e-01	1.919527741e+02
2.523908553e-01	1.841519725e+02
2.558721084e-01	1.766681889e+02
2.593765115e-01	1.694885401e+02
2.629463337e-01	1.626006663e+02
2.665528875e-01	1.559927100e+02
2.702113987e-01	1.496532955e+02
2.739251580e-01	1.435715096e+02
2.776742719e-01	1.377368824e+02
2.814915649e-01	1.321393697e+02
2.853403027e-01	1.267693352e+02
2.892511986e-01	1.216175345e+02
2.932149823e-01	1.166750987e+02
2.972214737e-01	1.119335193e+02
3.012989510e-01	1.073846339e+02
3.054080622e-01	1.030206113e+02
3.095842294e-01	9.883393907e+01
3.138167846e-01	9.481740969e+01
3.180937103e-01	9.096410874e+01
3.224444604e-01	8.726740274e+01
3.268334004e-01	8.372092781e+01
3.312880885e-01	8.031857869e+01
3.358094617e-01	7.705449821e+01
3.403702286e-01	7.392306726e+01
3.450076726e-01	7.091889507e+01
3.496972340e-01	6.803680994e+01
3.544440100e-01	6.527185037e+01
3.592692341e-01	6.261925646e+01
3.641339359e-01	6.007446177e+01
3.690717749e-01	5.763308543e+01
3.740841619e-01	5.529092460e+01
3.791368548e-01	5.304394724e+01
3.842708217e-01	5.088828518e+01
3.894713841e-01	4.882022745e+01
3.947235382e-01	4.683621386e+01
4.000586949e-01	4.493282894e+01
4.054550812e-01	4.310679601e+01
4.109117704e-01	4.135497154e+01
4.164531603e-01	3.967433977e+01
4.220532758e-01	3.806200748e+01
4.277195479e-01	3.651519904e+01
4.334721802e-01	3.503125161e+01
4.392841929e-01	3.360761058e+01
4.451650534e-01	3.224182513e+01
4.511338867e-01	3.093154408e+01
4.571662345e-01	2.967451176e+01
4.632666303e-01	2.846856419e+01
4.694565559e-01	2.731162534e+01
4.757179542e-01	2.620170352e+01
4.820427570e-01	2.513688800e+01
4.884585822e-01	2.411534570e+01
4.949580327e-01	2.313531804e+01
5.015120230e-01	2.219511789e+01
5.081584557e-01	2.129312669e+01
5.148978162e-01	2.042779167e+01
5.216931076e-01	1.959762314e+01
5.285747410e-01	1.880119198e+01
5.355505972e-01	1.803712712e+01
5.426047620e-01	1.730411322e+01
5.497260619e-01	1.660088840e+01
5.569427870e-01	1.592624205e+01
5.642553069e-01	1.527901277e+01
5.716310911e-01	1.465808635e+01
5.790929138e-01	1.406239387e+01
5.866515810e-01	1.349090984e+01
5.943073809e-01	1.294265044e+01
6.020195458e-01	1.241667185e+01
6.098283312e-01	1.191206860e+01
6.177351339e-01	1.142797200e+01
6.257401532e-01	1.096354869e+01
6.338040223e-01	1.051799916e+01
6.419655318e-01	1.009055639e+01
6.502259696e-01	9.680484540e+00
6.585854404e-01	9.287077670e+00
6.670169704e-01	8.909658530e+00
6.755362700e-01	8.547577391e+00
6.841551402e-01	8.200210929e+00
6.928735881e-01	7.866961153e+00
7.016894600e-01	7.547254371e+00
7.105709373e-01	7.240540208e+00
7.195523632e-01	6.946290654e+00
7.286336482e-01	6.663999158e+00
7.378146684e-01	6.393179755e+00
7.470952647e-01	6.133366228e+00
7.564463066e-01	5.884111307e+00
7.658937105e-01	5.644985900e+00
7.754408000e-01	5.415578351e+00
7.850873278e-01	5.195493735e+00
7.948330140e-01	4.984353175e+00
8.046775469e-01	4.781793192e+00
8.145972337e-01	4.587465080e+00
8.246121739e-01	4.401034301e+00
8.347258883e-01	4.222179914e+00
8.449379996e-01	4.050594021e+00
8.552481045e-01	3.885981237e+00
8.656557754e-01	3.728058180e+00
8.761605622e-01	3.576552985e+00
8.867619945e-01	3.431204835e+00
8.974428162e-01	3.291763514e+00
9.082191912e-01	3.157988973e+00
9.190920931e-01	3.029650918e+00
9.300610427e-01	2.906528416e+00
9.411255525e-01	2.788409509e+00
9.522851300e-01	2.675090858e+00
9.635392805e-01	2.566377382e+00
9.748875111e-01	2.462081932e+00
9.863293344e-01	2.362024963e+00
9.978642723e-01	2.266034226e+00
1.009491860e+00	2.173944473e+00
1.021211652e+00	2.085597171e+00
1.033023225e+00	2.000840230e+00
1.044926182e+00	1.919527741e+00
1.056920161e+00	1.841519725e+00
1.069004840e+00	1.766681889e+00
1.081179939e+00	1.694885401e+00
1.093445230e+00	1.626006663e+00
1.105800545e+00	1.559927100e+00
1.118245779e+00	1.496532955e+00
1.130781254e+00	1.435715096e+00
1.141233888e+00	1.693168244e+00
1.150253071e+00	1.658406936e+00
1.159394169e+00	1.624359290e+00
1.168640392e+00	1.591010653e+00
1.177989870e+00	1.558346674e+00
1.187440732e+00	1.526353298e+00
1.196991108e+00	1.495016757e+00
1.206639132e+00	1.464323565e+00
1.216382942e+00	1.434260515e+00
1.226220681e+00	1.404814669e+00
1.236150501e+00	1.375973356e+00
1.246170558e+00	1.347724165e+00
1.256279020e+00	1.320054939e+00
1.266474061e+00	1.292953772e+00
1.276753860e+00	1.266409000e+00
1.287116607e+00	1.240409202e+00
1.297560715e+00	1.214943188e+00
1.308101688e+00	1.190000000e+00
#################################
0.000000000e+00	5.334444329e+17
1.895125110e-08	5.117656932e+17
3.834438054e-08	4.909679595e+17
5.818969139e-08	4.710154285e+17
7.849772699e-08	4.518737518e+17
9.927927650e-08	4.335099770e+17
1.205453806e-07	4.158924908e+17
1.423073375e-07	3.989909647e+17
1.645767088e-07	3.827763025e+17
1.873653256e-07	3.672205908e+17
2.106852950e-07	3.522970503e+17
2.345490063e-07	3.379799901e+17
2.589691377e-07	3.242447634e+17
2.839586630e-07	3.110677249e+17
3.095308585e-07	2.984261904e+17
3.350747205e-07	2.862983973e+17
3.583058030e-07	2.746634677e+17
3.820785548e-07	2.635013720e+17
4.064056058e-07	2.527928946e+17
4.312998805e-07	2.425196008e+17
4.567746044e-07	2.326638052e+17
4.828433117e-07	2.232085410e+17
5.095198521e-07	2.141375309e+17
5.368183981e-07	2.054351591e+17
5.647534529e-07	1.970864445e+17
5.933398575e-07	1.890770147e+17
6.225927992e-07	1.813930815e+17
6.525278195e-07	1.740214170e+17
6.831608220e-07	1.669493308e+17
7.145080813e-07	1.601646484e+17
7.465862514e-07	1.536556898e+17
7.781987466e-07	1.474112499e+17
8.072883291e-07	1.414205789e+17
8.370561811e-07	1.356733637e+17
8.675181176e-07	1.301597107e+17
8.986903221e-07	1.248701279e+17
9.305893559e-07	1.197955094e+17
9.632321659e-07	1.149271191e+17
9.966360946e-07	1.102565763e+17
1.030818889e-06	1.057758404e+17
1.065798708e-06	1.014771979e+17
1.101594138e-06	9.735324865e+16
1.138224194e-06	9.339689330e+16
1.175708338e-06	8.960132096e+16
1.214066484e-06	8.595999753e+16
1.253319011e-06	8.246665446e+16
1.293486772e-06	7.911527797e+16
1.329722212e-06	7.590009863e+16
1.366325182e-06	7.281558152e+16
1.403781607e-06	6.985641663e+16
1.442111389e-06	6.701750975e+16
1.481334890e-06	6.429397369e+16
1.521472948e-06	6.168111988e+16
1.562546889e-06	5.917445029e+16
1.604578533e-06	5.676964967e+16
1.647590212e-06	5.446257815e+16
1.691604776e-06	5.224926411e+16
1.736645609e-06	5.012589731e+16
1.782736640e-06	4.808882239e+16
1.829902356e-06	4.613453250e+16
1.878167815e-06	4.425966333e+16
1.927148235e-06	4.246098729e+16
1.971333686e-06	4.073540795e+16
2.016549390e-06	3.907995473e+16
2.062819370e-06	3.749177776e+16
2.110168208e-06	3.596814298e+16
2.158621059e-06	3.450642745e+16
2.208203664e-06	3.310411484e+16
2.258942366e-06	3.175879105e+16
2.310864121e-06	3.046814010e+16
2.363996513e-06	2.922994013e+16
2.418367771e-06	2.804205959e+16
2.474006781e-06	2.690245353e+16
2.530943102e-06	2.580916011e+16
2.589206983e-06	2.476029723e+16
2.648829379e-06	2.375405927e+16
2.704553614e-06	2.278871399e+16
2.759375528e-06	2.186259953e+16
2.815475701e-06	2.097412161e+16
2.872883939e-06	2.012175069e+16
2.931630740e-06	1.930401941e+16
2.991747316e-06	1.851952006e+16
3.053265604e-06	1.776690211e+16
3.116218289e-06	1.704486994e+16
3.180638814e-06	1.635218055e+16
3.246561406e-06	1.568764148e+16
3.314021087e-06	1.505010873e+16
3.383053697e-06	1.443848478e+16
3.453695911e-06	1.385171673e+16
3.525985261e-06	1.328879444e+16
3.592807082e-06	1.274874885e+16
3.659552820e-06	1.223065026e+16
3.727854841e-06	1.173360677e+16
3.797749431e-06	1.125676271e+16
3.869273723e-06	1.079929720e+16
3.942465718e-06	1.036042272e+16
4.017364299e-06	9.939383722e+15
4.094009259e-06	9.535455404e+15
4.172441317e-06	9.147942399e+15
4.252702143e-06	8.776177601e+15
4.334834376e-06	8.419521016e+15
4.418881652e-06	8.077358659e+15
4.504888623e-06	7.749101497e+15
4.589201679e-06	7.434184434e+15
4.668926732e-06	7.132065339e+15
4.750510702e-06	6.842224114e+15
4.833996930e-06	6.564161796e+15
4.919429771e-06	6.297399701e+15
5.006854614e-06	6.041478596e+15
5.096317905e-06	5.795957912e+15
5.187867173e-06	5.560414986e+15
5.281551058e-06	5.334444329e+15
5.377419330e-06	5.117656932e+15
5.475522922e-06	4.909679595e+15
5.575913954e-06	4.710154285e+15
5.678645762e-06	4.518737518e+15
5.779888506e-06	4.335099770e+15
5.875473674e-06	4.158924908e+15
5.973287562e-06	3.989909647e+15
6.073382135e-06	3.827763025e+15
6.175810570e-06	3.672205908e+15
6.280627286e-06	3.522970503e+15
6.387887970e-06	3.379799901e+15
6.497649605e-06	3.242447634e+15
6.609970507e-06	3.110677249e+15
6.724910347e-06	2.984261904e+15
6.842530191e-06	2.862983973e+15
6.962892528e-06	2.746634677e+15
7.086061302e-06	2.635013720e+15
7.202638222e-06	2.527928946e+15
7.317646212e-06	2.425196008e+15
7.435335795e-06	2.326638052e+15
7.555769496e-06	2.232085410e+15
7.679011299e-06	2.141375309e+15
7.805126679e-06	2.054351591e+15
7.934182638e-06	1.970864445e+15
8.066247741e-06	1.890770147e+15
8.201392149e-06	1.813930815e+15
8.339687663e-06	1.740214170e+15
8.481207756e-06	1.669493308e+15
8.626027612e-06	1.601646484e+15
8.767488839e-06	1.536556898e+15
8.903169989e-06	1.474112499e+15
9.042014761e-06	1.414205789e+15
9.184096917e-06	1.356733637e+15
9.329491943e-06	1.301597107e+15
9.478277083e-06	1.248701279e+15
9.630531384e-06	1.197955094e+15
9.786335734e-06	1.149271191e+15
9.945772908e-06	1.102565763e+15
1.010892761e-05	1.057758404e+15
1.027588652e-05	1.014771979e+15
1.044673835e-05	9.735324865e+14
1.061213608e-05	9.339689330e+14
1.077271992e-05	8.960132096e+14
1.093704804e-05	8.595999753e+14
1.110520772e-05	8.246665446e+14
1.127728831e-05	7.911527797e+14
1.145338123e-05	7.590009863e+14
1.163358004e-05	7.281558152e+14
1.181798046e-05	6.985641663e+14
1.200668047e-05	6.701750975e+14
1.219978032e-05	6.429397369e+14
1.239738260e-05	6.168111988e+14
1.259959229e-05	5.917445029e+14
1.278672442e-05	5.676964967e+14
1.297736101e-05	5.446257815e+14
1.317244259e-05	5.224926411e+14
1.337207281e-05	5.012589731e+14
1.357635772e-05	4.808882239e+14
1.378540586e-05	4.613453250e+14
1.399932828e-05	4.425966333e+14
1.421823864e-05	4.246098729e+14
1.444225325e-05	4.073540795e+14
1.467149110e-05	3.907995473e+14
1.490607400e-05	3.749177776e+14
1.512937360e-05	3.596814298e+14
1.535117186e-05	3.450642745e+14
1.557814170e-05	3.310411484e+14
1.581040369e-05	3.175879105e+14
1.604808124e-05	3.046814010e+14
1.629130062e-05	2.922994013e+14
1.654019104e-05	2.804205959e+14
1.679488473e-05	2.690245353e+14
1.705551701e-05	2.580916011e+14
1.732222635e-05	2.476029723e+14
1.759515443e-05	2.375405927e+14
1.785375777e-05	2.278871399e+14
1.811252355e-05	2.186259953e+14
1.837732287e-05	2.097412161e+14
1.864829640e-05	2.012175069e+14
1.892558811e-05	1.930401941e+14
1.920934531e-05	1.851952006e+14
1.949971875e-05	1.776690211e+14
1.979686272e-05	1.704486994e+14
2.010093506e-05	1.635218055e+14
2.041209733e-05	1.568764148e+14
2.072642337e-05	1.505010873e+14
2.102221474e-05	1.443848478e+14
2.132490294e-05	1.385171673e+14
2.163464880e-05	1.328879444e+14
2.195161687e-05	1.274874885e+14
2.227597555e-05	1.223065026e+14
2.260789716e-05	1.173360677e+14
2.294755805e-05	1.125676271e+14
2.329513868e-05	1.079929720e+14
2.365082369e-05	1.036042272e+14
2.401480206e-05	9.939383722e+13
2.436128956e-05	9.535455404e+13
2.470815468e-05	9.147942399e+13
2.506310750e-05	8.776177601e+13
2.542633661e-05	8.419521016e+13
2.579803498e-05	8.077358659e+13
2.617840008e-05	7.749101497e+13
2.656763399e-05	7.434184434e+13
2.696594351e-05	7.132065339e+13
2.737354024e-05	6.842224114e+13
2.779064074e-05	6.564161796e+13
2.819211066e-05	6.297399701e+13
2.859054987e-05	6.041478596e+13
2.899827932e-05	5.795957912e+13
2.941551562e-05	5.560414986e+13
2.984248045e-05	5.334444329e+13
3.027940064e-05	5.117656932e+13
3.072650831e-05	4.909679595e+13
3.118404100e-05	4.710154285e+13
3.165224179e-05	4.518737518e+13
3.213135942e-05	4.335099770e+13
3.258677086e-05	4.158924908e+13
3.304549617e-05	3.989909647e+13
3.351491739e-05	3.827763025e+13
3.399528391e-05	3.672205908e+13
3.448685093e-05	3.522970503e+13
3.498987961e-05	3.379799901e+13
3.550463720e-05	3.242447634e+13
3.603139717e-05	3.110677249e+13
3.657043938e-05	2.984261904e+13
3.711158975e-05	2.862983973e+13
3.762881323e-05	2.746634677e+13
3.815809660e-05	2.635013720e+13
3.869972104e-05	2.527928946e+13
3.925397431e-05	2.425196008e+13
3.982115087e-05	2.326638052e+13
4.040155205e-05	2.232085410e+13
4.099548620e-05	2.141375309e+13
4.160326886e-05	2.054351591e+13
4.222522293e-05	1.970864445e+13
4.281726313e-05	1.890770147e+13
4.341528496e-05	1.813930815e+13
4.402725061e-05	1.740214170e+13
4.465348521e-05	1.669493308e+13
4.529432145e-05	1.601646484e+13
4.595009980e-05	1.536556898e+13
4.662116866e-05	1.474112499e+13
4.730788455e-05	1.414205789e+13
4.801061230e-05	1.356733637e+13
4.868934024e-05	1.301597107e+13
4.936637337e-05	1.248701279e+13
5.005919259e-05	1.197955094e+13
5.076816598e-05	1.149271191e+13
5.149367021e-05	1.102565763e+13
5.223609072e-05	1.057758404e+13
5.299582193e-05	1.014771979e+13
5.377326747e-05	9.735324865e+12
5.456884038e-05	9.339689330e+12
5.533447031e-05	8.960132096e+12
5.610241514e-05	8.595999753e+12
5.688826581e-05	8.246665446e+12
5.769243984e-05	7.911527797e+12
5.851536445e-05	7.590009863e+12
5.935747684e-05	7.281558152e+12
6.021922442e-05	6.985641663e+12
6.110106500e-05	6.701750975e+12
6.200196162e-05	6.429397369e+12
6.285473297e-05	6.168111988e+12
6.372738803e-05	5.917445029e+12
6.462039042e-05	5.676964967e+12
6.553421457e-05	5.446257815e+12
6.646934598e-05	5.224926411e+12
6.742628144e-05	5.012589731e+12
6.840552937e-05	4.808882239e+12
6.940761001e-05	4.613453250e+12
7.039613787e-05	4.425966333e+12
7.136688239e-05	4.246098729e+12
7.236026136e-05	4.073540795e+12
7.337680251e-05	3.907995473e+12
7.441704594e-05	3.749177776e+12
7.548154427e-05	3.596814298e+12
7.657086307e-05	3.450642745e+12
7.768558105e-05	3.310411484e+12
7.881615199e-05	3.175879105e+12
7.989782541e-05	3.046814010e+12
8.100471976e-05	2.922994013e+12
8.213742310e-05	2.804205959e+12
8.329653720e-05	2.690245353e+12
8.448267788e-05	2.580916011e+12
8.569647530e-05	2.476029723e+12
8.693857432e-05	2.375405927e+12
8.820963485e-05	2.278871399e+12
8.942233590e-05	2.186259953e+12
9.065770608e-05	2.097412161e+12
9.192188087e-05	2.012175069e+12
9.321553188e-05	1.930401941e+12
9.453934642e-05	1.851952006e+12
9.589402777e-05	1.776690211e+12
9.728029566e-05	1.704486994e+12
9.869888658e-05	1.635218055e+12
1.000550890e-04	1.568764148e+12
1.014359827e-04	1.505010873e+12
1.028490742e-04	1.443848478e+12
1.042951141e-04	1.385171673e+12
1.057748707e-04	1.328879444e+12
1.072891302e-04	1.274874885e+12
1.088386970e-04	1.223065026e+12
1.104144248e-04	1.173360677e+12
1.119250599e-04	1.125676271e+12
1.134709178e-04	1.079929720e+12
1.150528198e-04	1.036042272e+12
1.166716064e-04	9.939383722e+11
1.183281376e-04	9.535455404e+11
1.200232934e-04	9.147942399e+11
1.217579744e-04	8.776177601e+11
1.234840126e-04	8.419521016e+11
1.251775331e-04	8.077358659e+11
1.269105406e-04	7.749101497e+11
1.286839560e-04	7.434184434e+11
1.304987213e-04	7.132065339e+11
1.323558007e-04	6.842224114e+11
1.342561809e-04	6.564161796e+11
1.362008715e-04	6.297399701e+11
1.380752561e-04	6.041478596e+11
1.399764201e-04	5.795957912e+11
1.419219127e-04	5.560414986e+11
1.439127675e-04	5.334444329e+11
1.459500423e-04	5.117656932e+11
1.480348193e-04	4.909679595e+11
1.501682062e-04	4.710154285e+11
1.522814280e-04	4.518737518e+11
1.543698336e-04	4.335099770e+11
1.565069337e-04	4.158924908e+11
1.586938637e-04	3.989909647e+11
1.609317854e-04	3.827763025e+11
1.632218878e-04	3.672205908e+11
1.655653875e-04	3.522970503e+11
1.679256812e-04	3.379799901e+11
1.702227044e-04	3.242447634e+11
1.725732863e-04	3.110677249e+11
1.749786757e-04	2.984261904e+11
1.774401506e-04	2.862983973e+11
1.799590187e-04	2.746634677e+11
1.825366182e-04	2.635013720e+11
1.851513952e-04	2.527928946e+11
1.876809919e-04	2.425196008e+11
1.902695701e-04	2.326638052e+11
1.929185051e-04	2.232085410e+11
1.956292042e-04	2.141375309e+11
1.984031075e-04	2.054351591e+11
2.012416888e-04	1.970864445e+11
2.041173430e-04	1.890770147e+11
2.069063763e-04	1.813930815e+11
2.097604403e-04	1.740214170e+11
2.126810513e-04	1.669493308e+11
2.156697610e-04	1.601646484e+11
2.187281571e-04	1.536556898e+11
2.218578646e-04	1.474112499e+11
2.249995541e-04	1.414205789e+11
2.280781644e-04	1.356733637e+11
2.312285574e-04	1.301597107e+11
2.344524068e-04	1.248701279e+11
2.377514253e-04	1.197955094e+11
2.411273656e-04	1.149271191e+11
2.445820213e-04	1.102565763e+11
2.479934258e-04	1.057758404e+11
2.513954494e-04	1.014771979e+11
2.548767965e-04	9.735324865e+10
2.584393166e-04	9.339689330e+10
2.620849026e-04	8.960132096e+10
2.658154912e-04	8.595999753e+10
2.696330643e-04	8.246665446e+10
2.733161144e-04	7.911527797e+10
2.770795568e-04	7.590009863e+10
2.809307498e-04	7.281558152e+10
2.848717394e-04	6.985641663e+10
2.889046194e-04	6.701750975e+10
2.930315324e-04	6.429397369e+10
2.971366331e-04	6.168111988e+10
3.012092462e-04	5.917445029e+10
3.053768187e-04	5.676964967e+10
3.096415648e-04	5.446257815e+10
3.140057501e-04	5.224926411e+10
3.184716933e-04	5.012589731e+10
3.230159260e-04	4.808882239e+10
3.274275275e-04	4.613453250e+10
3.319419925e-04	4.425966333e+10
3.365617193e-04	4.246098729e+10
3.412891624e-04	4.073540795e+10
3.461268333e-04	3.907995473e+10
3.510773021e-04	3.749177776e+10
3.559104705e-04	3.596814298e+10
3.608054473e-04	3.450642745e+10
3.658145582e-04	3.310411484e+10
3.709404645e-04	3.175879105e+10
3.761858893e-04	3.046814010e+10
3.815536195e-04	2.922994013e+10
3.868499990e-04	2.804205959e+10
3.921625468e-04	2.690245353e+10
3.975989650e-04	2.580916011e+10
4.031621419e-04	2.476029723e+10
4.088550331e-04	2.375405927e+10
4.146806629e-04	2.278871399e+10
4.204554997e-04	2.186259953e+10
4.262264876e-04	2.097412161e+10
4.321320352e-04	2.012175069e+10
4.381752800e-04	1.930401941e+10
4.443594325e-04	1.851952006e+10
4.506877783e-04	1.776690211e+10
4.569556105e-04	1.704486994e+10
4.632301289e-04	1.635218055e+10
4.696509477e-04	1.568764148e+10
4.762214779e-04	1.505010873e+10
4.829452104e-04	1.443848478e+10
4.898257173e-04	1.385171673e+10
4.966002107e-04	1.328879444e+10
5.034280283e-04	1.274874885e+10
5.104150471e-04	1.223065026e+10
5.175649794e-04	1.173360677e+10
5.248816236e-04	1.125676271e+10
5.323688669e-04	1.079929720e+10
5.396626348e-04	1.036042272e+10
5.470987063e-04	9.939383722e+09
5.547081615e-04	9.535455404e+09
5.624950433e-04	9.147942399e+09
5.704634884e-04	8.776177601e+09
5.785217817e-04	8.419521016e+09
5.864421374e-04	8.077358659e+09
5.945471687e-04	7.749101497e+09
6.028411816e-04	7.434184434e+09
6.113285825e-04	7.132065339e+09
6.200138806e-04	6.842224114e+09
6.286270083e-04	6.564161796e+09
6.372666376e-04	6.297399701e+09
6.461077135e-04	6.041478596e+09
6.551549331e-04	5.795957912e+09
6.644131028e-04	5.560414986e+09
6.738479231e-04	5.334444329e+09
6.830644040e-04	5.117656932e+09
6.924957817e-04	4.909679595e+09
7.021470669e-04	4.710154285e+09
7.120233870e-04	4.518737518e+09
7.221299891e-04	4.335099770e+09
7.321525255e-04	4.158924908e+09
7.422210164e-04	3.989909647e+09
7.525242700e-04	3.827763025e+09
7.630677603e-04	3.672205908e+09
7.738570887e-04	3.522970503e+09
7.847587339e-04	3.379799901e+09
7.955153490e-04	3.242447634e+09
8.065227716e-04	3.110677249e+09
8.177868496e-04	2.984261904e+09
8.293135674e-04	2.862983973e+09
8.411090488e-04	2.746634677e+09
8.525928625e-04	2.635013720e+09
8.643269023e-04	2.527928946e+09
8.763345398e-04	2.425196008e+09
8.886221543e-04	2.326638052e+09
9.011962739e-04	2.232085410e+09
9.139701770e-04	2.141375309e+09
9.264901219e-04	2.054351591e+09
9.393019892e-04	1.970864445e+09
9.524125853e-04	1.890770147e+09
9.658288757e-04	1.813930815e+09
9.795502953e-04	1.740214170e+09
9.929178531e-04	1.669493308e+09
1.006597097e-03	1.601646484e+09
1.020595293e-03	1.536556898e+09
1.034919880e-03	1.474112499e+09
1.049578467e-03	1.414205789e+09
1.064309616e-03	1.356733637e+09
1.078927335e-03	1.301597107e+09
1.093885890e-03	1.248701279e+09
1.109193228e-03	1.197955094e+09
1.124857480e-03	1.149271191e+09
1.140594515e-03	1.102565763e+09
1.156225112e-03	1.057758404e+09
1.172220162e-03	1.014771979e+09
1.188588161e-03	9.735324865e+08
1.205337806e-03	9.339689330e+08
1.222477995e-03	8.960132096e+08
1.239267594e-03	8.595999753e+08
1.256384556e-03	8.246665446e+08
1.273900628e-03	7.911527797e+08
1.291825115e-03	7.590009863e+08
1.310107226e-03	7.281558152e+08
1.328018296e-03	6.985641663e+08
1.346346992e-03	6.701750975e+08
1.365103050e-03	6.429397369e+08
1.384296435e-03	6.168111988e+08
1.403937344e-03	5.917445029e+08
1.423333883e-03	5.676964967e+08
1.442974774e-03	5.446257815e+08
1.463073625e-03	5.224926411e+08
1.483641111e-03	5.012589731e+08
1.504637534e-03	4.808882239e+08
1.525211154e-03	4.613453250e+08
1.546264481e-03	4.425966333e+08
1.567808699e-03	4.246098729e+08
1.589855255e-03	4.073540795e+08
1.612415861e-03	3.907995473e+08
1.634586406e-03	3.749177776e+08
1.657114113e-03	3.596814298e+08
1.680167090e-03	3.450642745e+08
1.703757583e-03	3.310411484e+08
1.727898126e-03	3.175879105e+08
1.751769578e-03	3.046814010e+08
1.775892690e-03	2.922994013e+08
1.800578270e-03	2.804205959e+08
1.825839433e-03	2.690245353e+08
1.851689600e-03	2.580916011e+08
1.877312586e-03	2.476029723e+08
1.903162524e-03	2.375405927e+08
1.929615193e-03	2.278871399e+08
1.956684649e-03	2.186259953e+08
1.984385271e-03	2.097412161e+08
2.011810417e-03	2.012175069e+08
2.039529944e-03	1.930401941e+08
2.067895795e-03	1.851952006e+08
2.096923040e-03	1.776690211e+08
2.126627102e-03	1.704486994e+08
2.155904905e-03	1.635218055e+08
2.185649154e-03	1.568764148e+08
2.216086938e-03	1.505010873e+08
2.247234426e-03	1.443848478e+08
2.279078975e-03	1.385171673e+08
2.310288868e-03	1.328879444e+08
2.342226469e-03	1.274874885e+08
2.374908745e-03	1.223065026e+08
2.408353061e-03	1.173360677e+08
2.442178188e-03	1.125676271e+08
2.475710634e-03	1.079929720e+08
2.510024942e-03	1.036042272e+08
2.545139343e-03	9.939383722e+07
2.581072491e-03	9.535455404e+07
2.616929123e-03	9.147942399e+07
2.652979005e-03	8.776177601e+07
2.689869447e-03	8.419521016e+07
2.727620048e-03	8.077358659e+07
2.766250864e-03	7.749101497e+07
2.804189349e-03	7.434184434e+07
2.842968692e-03	7.132065339e+07
2.882652237e-03	6.842224114e+07
2.923261066e-03	6.564161796e+07
2.964098224e-03	6.297399701e+07
3.004886722e-03	6.041478596e+07
3.046626267e-03	5.795957912e+07
3.089339036e-03	5.560414986e+07
3.133047720e-03	5.334444329e+07
3.176099065e-03	5.117656932e+07
3.220025770e-03	4.909679595e+07
3.264976695e-03	4.710154285e+07
3.310975723e-03	4.518737518e+07
3.357108804e-03	4.335099770e+07
3.403362505e-03	4.158924908e+07
3.450694684e-03	3.989909647e+07
3.499130487e-03	3.827763025e+07
3.548448370e-03	3.672205908e+07
3.597178197e-03	3.522970503e+07
3.647044237e-03	3.379799901e+07
3.698072982e-03	3.242447634e+07
3.750291543e-03	3.110677249e+07
3.802046512e-03	2.984261904e+07
3.854609207e-03	2.862983973e+07
3.908397484e-03	2.746634677e+07
3.963439919e-03	2.635013720e+07
4.018575174e-03	2.527928946e+07
4.074008229e-03	2.425196008e+07
4.130733793e-03	2.326638052e+07
4.188782003e-03	2.232085410e+07
4.247408245e-03	2.141375309e+07
4.305897055e-03	2.054351591e+07
4.365749624e-03	1.970864445e+07
4.426997750e-03	1.890770147e+07
4.489228576e-03	1.813930815e+07
4.550971059e-03	1.740214170e+07
4.614153166e-03	1.669493308e+07
4.678808463e-03	1.601646484e+07
4.744760437e-03	1.536556898e+07
4.809967930e-03	1.474112499e+07
4.876695838e-03	1.414205789e+07
4.944979613e-03	1.356733637e+07
5.014772349e-03	1.301597107e+07
5.083670565e-03	1.248701279e+07
5.154175252e-03	1.197955094e+07
5.226323868e-03	1.149271191e+07
5.300080120e-03	1.102565763e+07
5.372910183e-03	1.057758404e+07
5.447438395e-03	1.014771979e+07
5.523704349e-03	9.735324865e+06
5.601550120e-03	9.339689330e+06
5.678569669e-03	8.960132096e+06
5.757385050e-03	8.595999753e+06
5.838038137e-03	8.246665446e+06
5.920102796e-03	7.911527797e+06
6.001587171e-03	7.590009863e+06
6.084971483e-03	7.281558152e+06
6.170300032e-03	6.985641663e+06
6.256716447e-03	6.701750975e+06
6.342959968e-03	6.429397369e+06
6.431214392e-03	6.168111988e+06
6.521526608e-03	5.917445029e+06
6.612431296e-03	5.676964967e+06
6.703748628e-03	5.446257815e+06
6.797195168e-03	5.224926411e+06
6.892820562e-03	5.012589731e+06
6.988353856e-03	4.808882239e+06
7.085081485e-03	4.613453250e+06
7.184064471e-03	4.425966333e+06
7.285355402e-03	4.246098729e+06
7.385661638e-03	4.073540795e+06
7.488159447e-03	3.907995473e+06
7.593047153e-03	3.749177776e+06
7.699430933e-03	3.596814298e+06
7.805608208e-03	3.450642745e+06
7.914261175e-03	3.310411484e+06
8.025447556e-03	3.175879105e+06
8.136933931e-03	3.046814010e+06
8.249528630e-03	2.922994013e+06
8.364748653e-03	2.804205959e+06
8.482655212e-03	2.690245353e+06
8.599402467e-03	2.580916011e+06
8.718845324e-03	2.476029723e+06
8.841073181e-03	2.375405927e+06
8.964458392e-03	2.278871399e+06
9.088322339e-03	2.186259953e+06
9.215074369e-03	2.097412161e+06
9.344781823e-03	2.012175069e+06
9.473788736e-03	1.930401941e+06
9.605277575e-03	1.851952006e+06
9.739832285e-03	1.776690211e+06
9.875878943e-03	1.704486994e+06
1.001232750e-02	1.635218055e+06
1.015195757e-02	1.568764148e+06
1.029484334e-02	1.505010873e+06
1.043689595e-02	1.443848478e+06
1.058184055e-02	1.385171673e+06
1.073016477e-02	1.328879444e+06
1.087968310e-02	1.274874885e+06
1.103019305e-02	1.223065026e+06
1.118421238e-02	1.173360677e+06
1.134141886e-02	1.125676271e+06
1.149775724e-02	1.079929720e+06
1.165774090e-02	1.036042272e+06
1.182145483e-02	9.939383722e+05
1.198530704e-02	9.535455404e+05
1.215153745e-02	9.147942399e+05
1.232164378e-02	8.776177601e+05
1.249364970e-02	8.419521016e+05
1.266642319e-02	8.077358659e+05
1.284322516e-02	7.749101497e+05
1.302362738e-02	7.434184434e+05
1.320325490e-02	7.132065339e+05
1.338707071e-02	6.842224114e+05
1.357517248e-02	6.564161796e+05
1.376292677e-02	6.297399701e+05
1.395409041e-02	6.041478596e+05
1.414971133e-02	5.795957912e+05
1.434637220e-02	5.560414986e+05
1.454523425e-02	5.334444329e+05
1.474873308e-02	5.117656932e+05
1.495456578e-02	4.909679595e+05
1.516149429e-02	4.710154285e+05
1.537324766e-02	4.518737518e+05
1.558852527e-02	4.335099770e+05
1.580390671e-02	4.158924908e+05
1.602431010e-02	3.989909647e+05
1.624931383e-02	3.827763025e+05
1.647355403e-02	3.672205908e+05
1.670302274e-02	3.522970503e+05
1.693784188e-02	3.379799901e+05
1.717156746e-02	3.242447634e+05
1.741053768e-02	3.110677249e+05
1.765507986e-02	2.984261904e+05
1.789912932e-02	2.862983973e+05
1.814805922e-02	2.746634677e+05
1.840279331e-02	2.635013720e+05
1.865747568e-02	2.527928946e+05
1.891684659e-02	2.425196008e+05
1.918226514e-02	2.326638052e+05
1.944789907e-02	2.232085410e+05
1.971821672e-02	2.141375309e+05
1.999483724e-02	2.054351591e+05
2.027175139e-02	1.970864445e+05
2.055354719e-02	1.890770147e+05
2.084191350e-02	1.813930815e+05
2.113044696e-02	1.740214170e+05
2.142427939e-02	1.669493308e+05
2.172496298e-02	1.601646484e+05
2.202546575e-02	1.536556898e+05
2.233192179e-02	1.474112499e+05
2.264552333e-02	1.414205789e+05
2.295835680e-02	1.356733637e+05
2.327805346e-02	1.301597107e+05
2.360475668e-02	1.248701279e+05
2.393074176e-02	1.197955094e+05
2.426432770e-02	1.149271191e+05
2.460409444e-02	1.102565763e+05
2.494431878e-02	1.057758404e+05
2.529247599e-02	1.014771979e+05
2.564570207e-02	9.735324865e+04
2.600086645e-02	9.339689330e+04
2.636431204e-02	8.960132096e+04
2.673140668e-02	8.595999753e+04
2.710224804e-02	8.246665446e+04
2.748173616e-02	7.911527797e+04
2.786312263e-02	7.590009863e+04
2.825041603e-02	7.281558152e+04
2.864673980e-02	6.985641663e+04
2.904285609e-02	6.701750975e+04
2.944741678e-02	6.429397369e+04
2.985965545e-02	6.168111988e+04
3.027270997e-02	5.917445029e+04
3.069539552e-02	5.676964967e+04
3.112324102e-02	5.446257815e+04
3.155488906e-02	5.224926411e+04
3.199660166e-02	5.012589731e+04
3.244053628e-02	4.808882239e+04
3.289170545e-02	4.613453250e+04
3.335299860e-02	4.425966333e+04
3.381391792e-02	4.246098729e+04
3.428558431e-02	4.073540795e+04
3.476392592e-02	3.907995473e+04
3.524587917e-02	3.749177776e+04
3.573906993e-02	3.596814298e+04
3.623499244e-02	3.450642745e+04
3.673903602e-02	3.310411484e+04
3.725365573e-02	3.175879105e+04
3.776888807e-02	3.046814010e+04
3.829613386e-02	2.922994013e+04
3.882938647e-02	2.804205959e+04
3.936843609e-02	2.690245353e+04
3.992005450e-02	2.580916011e+04
4.047252945e-02	2.476029723e+04
4.103660040e-02	2.375405927e+04
4.160922487e-02	2.278871399e+04
4.218613324e-02	2.186259953e+04
4.277649314e-02	2.097412161e+04
4.336949662e-02	2.012175069e+04
4.397339923e-02	1.930401941e+04
4.458755593e-02	1.851952006e+04
4.520541972e-02	1.776690211e+04
4.583768997e-02	1.704486994e+04
4.647345537e-02	1.635218055e+04
4.712045380e-02	1.568764148e+04
4.777843044e-02	1.505010873e+04
4.844061220e-02	1.443848478e+04
4.911823378e-02	1.385171673e+04
4.979912774e-02	1.328879444e+04
5.049276695e-02	1.274874885e+04
5.119698825e-02	1.223065026e+04
5.190714037e-02	1.173360677e+04
5.263385082e-02	1.125676271e+04
5.336238341e-02	1.079929720e+04
5.410651450e-02	1.036042272e+04
5.485955270e-02	9.939383722e+03
5.562164356e-02	9.535455404e+03
5.639973294e-02	9.147942399e+03
5.718033969e-02	8.776177601e+03
5.797914751e-02	8.419521016e+03
5.878373400e-02	8.077358659e+03
5.960207649e-02	7.749101497e+03
6.043298794e-02	7.434184434e+03
6.127147072e-02	7.132065339e+03
6.212929412e-02	6.842224114e+03
6.298854206e-02	6.564161796e+03
6.386782472e-02	6.297399701e+03
6.475453509e-02	6.041478596e+03
6.565572684e-02	5.795957912e+03
6.657072814e-02	5.560414986e+03
6.749450979e-02	5.334444329e+03
6.843843425e-02	5.117656932e+03
6.938550834e-02	4.909679595e+03
7.035466496e-02	4.710154285e+03
7.133009378e-02	4.518737518e+03
7.232382788e-02	4.335099770e+03
7.332967497e-02	4.158924908e+03
7.434875228e-02	3.989909647e+03
7.538569948e-02	3.827763025e+03
7.643091033e-02	3.672205908e+03
7.749965476e-02	3.522970503e+03
7.857181491e-02	3.379799901e+03
7.966897417e-02	3.242447634e+03
8.077302084e-02	3.110677249e+03
8.189861944e-02	2.984261904e+03
8.303612612e-02	2.862983973e+03
8.419105356e-02	2.746634677e+03
8.536277329e-02	2.635013720e+03
8.654794782e-02	2.527928946e+03
8.775465074e-02	2.425196008e+03
8.897102033e-02	2.326638052e+03
9.021349412e-02	2.232085410e+03
9.146203747e-02	2.141375309e+03
9.273969258e-02	2.054351591e+03
9.402281535e-02	1.970864445e+03
9.533442840e-02	1.890770147e+03
9.665522131e-02	1.813930815e+03
9.800185992e-02	1.740214170e+03
9.936117554e-02	1.669493308e+03
1.007439420e-01	1.601646484e+03
1.021426526e-01	1.536556898e+03
1.035626852e-01	1.474112499e+03
1.050016832e-01	1.414205789e+03
1.064601571e-01	1.356733637e+03
1.079403558e-01	1.301597107e+03
1.094384847e-01	1.248701279e+03
1.109608183e-01	1.197955094e+03
1.124998555e-01	1.149271191e+03
1.140652804e-01	1.102565763e+03
1.156465199e-01	1.057758404e+03
1.172560144e-01	1.014771979e+03
1.188807928e-01	9.735324865e+02
1.205353584e-01	9.339689330e+02
1.222050557e-01	8.960132096e+02
1.239057173e-01	8.595999753e+02
1.256217589e-01	8.246665446e+02
1.273695651e-01	7.911527797e+02
1.291334230e-01	7.590009863e+02
1.309294475e-01	7.281558152e+02
1.327426418e-01	6.985641663e+02
1.345879831e-01	6.701750975e+02
1.364520838e-01	6.429397369e+02
1.383478666e-01	6.168111988e+02
1.402644951e-01	5.917445029e+02
1.422118704e-01	5.676964967e+02
1.441827013e-01	5.446257815e+02
1.461828473e-01	5.224926411e+02
1.482096099e-01	5.012589731e+02
1.502637325e-01	4.808882239e+02
1.523482130e-01	4.613453250e+02
1.544575466e-01	4.425966333e+02
1.566015896e-01	4.246098729e+02
1.587673977e-01	4.073540795e+02
1.609729085e-01	3.907995473e+02
1.631964842e-01	3.749177776e+02
1.654654302e-01	3.596814298e+02
1.677480974e-01	3.450642745e+02
1.700783748e-01	3.310411484e+02
1.724256243e-01	3.175879105e+02
1.748171563e-01	3.046814010e+02
1.772325502e-01	2.922994013e+02
1.796867361e-01	2.804205959e+02
1.821724618e-01	2.690245353e+02
1.846907336e-01	2.580916011e+02
1.872490500e-01	2.476029723e+02
1.898328730e-01	2.375405927e+02
1.924661130e-01	2.278871399e+02
1.951169865e-01	2.186259953e+02
1.978202043e-01	2.097412161e+02
2.005470173e-01	2.012175069e+02
2.033196975e-01	1.930401941e+02
2.061270228e-01	1.851952006e+02
2.089707476e-01	1.776690211e+02
2.118611776e-01	1.704486994e+02
2.147775657e-01	1.635218055e+02
2.177495575e-01	1.568764148e+02
2.207444839e-01	1.505010873e+02
2.237917152e-01	1.443848478e+02
2.268759593e-01	1.385171673e+02
2.300001354e-01	1.328879444e+02
2.331765771e-01	1.274874885e+02
2.363794414e-01	1.223065026e+02
2.396413177e-01	1.173360677e+02
2.429343889e-01	1.125676271e+02
2.462776980e-01	1.079929720e+02
2.496698697e-01	1.036042272e+02
2.530964450e-01	9.939383722e+01
2.565845888e-01	9.535455404e+01
2.601026298e-01	9.147942399e+01
2.636769025e-01	8.776177601e+01
2.673014675e-01	8.419521016e+01
2.709637940e-01	8.077358659e+01
2.746903079e-01	7.749101497e+01
2.784506672e-01	7.434184434e+01
2.822682144e-01	7.132065339e+01
2.861430780e-01	6.842224114e+01
2.900536758e-01	6.564161796e+01
2.940311332e-01	6.297399701e+01
2.980524460e-01	6.041478596e+01
3.021260475e-01	5.795957912e+01
3.062681801e-01	5.560414986e+01
3.104422954e-01	5.334444329e+01
3.146837256e-01	5.117656932e+01
3.189859987e-01	4.909679595e+01
3.233288868e-01	4.710154285e+01
3.277430367e-01	4.518737518e+01
3.322099976e-01	4.335099770e+01
3.367288651e-01	4.158924908e+01
3.413206840e-01	3.989909647e+01
3.459594032e-01	3.827763025e+01
3.506592520e-01	3.672205908e+01
3.554337397e-01	3.522970503e+01
3.602515592e-01	3.379799901e+01
3.651374378e-01	3.242447634e+01
3.700996354e-01	3.110677249e+01
3.751041779e-01	2.984261904e+01
3.801811719e-01	2.862983973e+01
3.853361523e-01	2.746634677e+01
3.905353301e-01	2.635013720e+01
3.958085528e-01	2.527928946e+01
4.011614106e-01	2.425196008e+01
4.065634356e-01	2.326638052e+01
4.120380175e-01	2.232085410e+01
4.175938589e-01	2.141375309e+01
4.232072525e-01	2.054351591e+01
4.288883318e-01	1.970864445e+01
4.346522639e-01	1.890770147e+01
4.404858688e-01	1.813930815e+01
4.463785804e-01	1.740214170e+01
4.523557015e-01	1.669493308e+01
4.584177524e-01	1.601646484e+01
4.645281597e-01	1.536556898e+01
4.707235497e-01	1.474112499e+01
4.770053550e-01	1.414205789e+01
4.833567725e-01	1.356733637e+01
4.897754843e-01	1.301597107e+01
4.962820456e-01	1.248701279e+01
5.028768997e-01	1.197955094e+01
5.095314793e-01	1.149271191e+01
5.162677594e-01	1.102565763e+01
5.230936739e-01	1.057758404e+01
5.300096102e-01	1.014771979e+01
5.369827310e-01	9.735324865e+00
5.440445634e-01	9.339689330e+00
5.511976564e-01	8.960132096e+00
5.584423347e-01	8.595999753e+00
5.657500720e-01	8.246665446e+00
5.731450664e-01	7.911527797e+00
5.806327751e-01	7.590009863e+00
5.882134556e-01	7.281558152e+00
5.958726471e-01	6.985641663e+00
6.036080222e-01	6.701750975e+00
6.114373856e-01	6.429397369e+00
6.193609243e-01	6.168111988e+00
6.273787989e-01	5.917445029e+00
6.354718458e-01	5.676964967e+00
6.436495219e-01	5.446257815e+00
6.519223977e-01	5.224926411e+00
6.602905626e-01	5.012589731e+00
6.687540788e-01	4.808882239e+00
6.773071212e-01	4.613453250e+00
6.859355011e-01	4.425966333e+00
6.946599639e-01	4.246098729e+00
7.034805059e-01	4.073540795e+00
7.123970978e-01	3.907995473e+00
7.214096851e-01	3.749177776e+00
7.305181881e-01	3.596814298e+00
7.397081510e-01	3.450642745e+00
7.489880599e-01	3.310411484e+00
7.583644769e-01	3.175879105e+00
7.678372780e-01	3.046814010e+00
7.774063198e-01	2.922994013e+00
7.870714407e-01	2.804205959e+00
7.968324628e-01	2.690245353e+00
8.066891939e-01	2.580916011e+00
8.166414287e-01	2.476029723e+00
8.266889522e-01	2.375405927e+00
8.368221499e-01	2.278871399e+00
8.470507792e-01	2.186259953e+00
8.573753971e-01	2.097412161e+00
8.677958201e-01	2.012175069e+00
8.783118686e-01	1.930401941e+00
8.889233713e-01	1.851952006e+00
8.996301687e-01	1.776690211e+00
9.104321180e-01	1.704486994e+00
9.213290977e-01	1.635218055e+00
9.323210132e-01	1.568764148e+00
9.434078020e-01	1.505010873e+00
9.545894402e-01	1.443848478e+00
9.658659493e-01	1.385171673e+00
9.772374034e-01	1.328879444e+00
9.886957797e-01	1.274874885e+00
1.000243498e+00	1.223065026e+00
1.011884957e+00	1.173360677e+00
1.023626402e+00	1.125676271e+00
1.031323791e+00	1.495900447e+00
1.036241729e+00	1.485592469e+00
1.041242516e+00	1.475355520e+00
1.046324951e+00	1.465189113e+00
1.051487815e+00	1.455092761e+00
1.056729873e+00	1.445065980e+00
1.062049890e+00	1.435108293e+00
1.067446632e+00	1.425219222e+00
1.072918872e+00	1.415398295e+00
1.078465396e+00	1.405645042e+00
1.084085001e+00	1.395958997e+00
1.089773017e+00	1.386339696e+00
1.095525889e+00	1.376786681e+00
1.101347140e+00	1.367299494e+00
1.107235661e+00	1.357877681e+00
1.113188752e+00	1.348520792e+00
1.119194849e+00	1.339228380e+00
1.125269423e+00	1.330000000e+00
#################################
