Run parameters:
does_de_cluster=True
save_data=True
time_domain=True
number_of_points=50
varied_parameter=trans_steepness
varied_par_values=[0.5, 1, 5]
init_value=-0.5
final_value=-0.9
n_samples=1

Cosmological parameters:
omega_matter_now=0.3
omega_rad_now=0
hubble_constant_standard_units=67
scale_at_lss=0.0009165902841429881
a_min=1e-10
a_max=1
min_redshift=0
max_redshift=20
spectral_index=1
sigma8=0.85

Dark energy eos parameters:
selected_de_eos=de_eos_1
w_i=-0.4
w_f=-0.5,-0.7,-0.9
trans_steepness=10
trans_z=0.5
w=-1
c_eff_value=0

Precision parameters:
virialization_scale_tol=1.0e-06
turn_around_scale_tol=1.0e-06
a_ini=1.0e-10
nonlinear_perturbations_atol=1.0e-10
nonlinear_perturbations_rtol=1.0e-08
growth_factor_atol=1.0e-10
growth_factor_rtol=1.0e-08
dark_density_evolution_atol=1.0e-10
dark_density_evolution_rtol=1.0e-08
dark_density_evolution_max_step=1.0e-03
friedmann_atol=1.0e-10
friedmann_rtol=1.0e-08
friedmann_max_stepsize=1.0e-03
exact_decimals=5.0e+00
numerical_infty=1.0e+11
normalization_integrand_atol=1.0e-08
normalization_integrand_rtol=1.0e-06
mass_variance_filtered_spectrum_atol=1.0e-06
mass_variance_filtered_spectrum_rtol=1.0e-04
log_der_of_log_sigma_atol=1.0e-06
log_der_of_log_sigma_rtol=1.0e-04

*********************************
1.000000000e-10	8.677581434e+17
1.023316578e-10	8.324931716e+17
1.047176819e-10	7.986613390e+17
1.071593400e-10	7.662044040e+17
1.096579291e-10	7.350664920e+17
1.122147768e-10	7.051939989e+17
1.148312415e-10	6.765354992e+17
1.175087131e-10	6.490416572e+17
1.202486142e-10	6.226651421e+17
1.230524004e-10	5.973605467e+17
1.259215614e-10	5.730843092e+17
1.288576213e-10	5.497946378e+17
1.318621401e-10	5.274514393e+17
1.349367141e-10	5.060162499e+17
1.380829765e-10	4.854521689e+17
1.413025991e-10	4.657237950e+17
1.445972922e-10	4.467971659e+17
1.479688063e-10	4.286396994e+17
1.514189325e-10	4.112201372e+17
1.549495039e-10	3.945084916e+17
1.585623962e-10	3.784759934e+17
1.622595287e-10	3.630950427e+17
1.660428657e-10	3.483391611e+17
1.699144172e-10	3.341829462e+17
1.738762400e-10	3.206020283e+17
1.779304390e-10	3.075730275e+17
1.820791680e-10	2.950735146e+17
1.863246312e-10	2.830819715e+17
1.906690841e-10	2.715777547e+17
1.951148347e-10	2.605410598e+17
1.996642450e-10	2.499528871e+17
2.043197320e-10	2.397950089e+17
2.090837691e-10	2.300499384e+17
2.139588871e-10	2.207008996e+17
2.189476763e-10	2.117317979e+17
2.240527869e-10	2.031271931e+17
2.292769313e-10	1.948722723e+17
2.346228848e-10	1.869528247e+17
2.400934877e-10	1.793552168e+17
2.456916463e-10	1.720663694e+17
2.514203348e-10	1.650737348e+17
2.572825967e-10	1.583652750e+17
2.632815466e-10	1.519294415e+17
2.694203714e-10	1.457551549e+17
2.757023326e-10	1.398317862e+17
2.821307676e-10	1.341491382e+17
2.887090917e-10	1.286974284e+17
2.954407999e-10	1.234672716e+17
3.023294684e-10	1.184496640e+17
3.093787572e-10	1.136359678e+17
3.165924112e-10	1.090178963e+17
3.239742630e-10	1.045874993e+17
3.315282342e-10	1.003371500e+17
3.392583383e-10	9.625953137e+16
3.471686819e-10	9.234762379e+16
3.552634677e-10	8.859469288e+16
3.635469961e-10	8.499427798e+16
3.720236681e-10	8.154018096e+16
3.806979871e-10	7.822645558e+16
3.895745616e-10	7.504739725e+16
3.986581074e-10	7.199753322e+16
4.079534503e-10	6.907161314e+16
4.174655289e-10	6.626460002e+16
4.271993966e-10	6.357166159e+16
4.371602248e-10	6.098816194e+16
4.473533054e-10	5.850965358e+16
4.577840538e-10	5.613186975e+16
4.684580116e-10	5.385071708e+16
4.793808495e-10	5.166226856e+16
4.905583706e-10	4.956275678e+16
5.019965133e-10	4.754856742e+16
5.137013543e-10	4.561623304e+16
5.256791122e-10	4.376242714e+16
5.379361504e-10	4.198395836e+16
5.504789808e-10	4.027776509e+16
5.633142671e-10	3.864091009e+16
5.764488283e-10	3.707057553e+16
5.898896426e-10	3.556405806e+16
6.036438506e-10	3.411876421e+16
6.177187597e-10	3.273220591e+16
6.321218476e-10	3.140199619e+16
6.468607662e-10	3.012584509e+16
6.619433459e-10	2.890155571e+16
6.773775998e-10	2.772702043e+16
6.931717276e-10	2.660021730e+16
7.093341205e-10	2.551920651e+16
7.258733651e-10	2.448212711e+16
7.427982483e-10	2.348719375e+16
7.601177618e-10	2.253269366e+16
7.778411071e-10	2.161698366e+16
7.959777002e-10	2.073848736e+16
8.145371766e-10	1.989569242e+16
8.335293965e-10	1.908714797e+16
8.529644500e-10	1.831146209e+16
8.728526624e-10	1.756729945e+16
8.932045999e-10	1.685337896e+16
9.140310749e-10	1.616847160e+16
9.353431520e-10	1.551139832e+16
9.571521539e-10	1.488102794e+16
9.794696671e-10	1.427627530e+16
1.002307548e-09	1.369609930e+16
1.025677931e-09	1.313950118e+16
1.049593231e-09	1.260552274e+16
1.074066153e-09	1.209324474e+16
1.099109701e-09	1.160178530e+16
1.124737178e-09	1.113029836e+16
1.150962201e-09	1.067797225e+16
1.177798701e-09	1.024402831e+16
1.205260937e-09	9.827719490e+15
1.233363498e-09	9.428329114e+15
1.262121315e-09	9.045169632e+15
1.291549665e-09	8.677581434e+15
1.321664184e-09	8.324931716e+15
1.352480870e-09	7.986613390e+15
1.384016097e-09	7.662044040e+15
1.416286616e-09	7.350664920e+15
1.449309574e-09	7.051939989e+15
1.483102514e-09	6.765354992e+15
1.517683390e-09	6.490416572e+15
1.553070574e-09	6.226651421e+15
1.589282866e-09	5.973605467e+15
1.626339504e-09	5.730843092e+15
1.664260176e-09	5.497946378e+15
1.703065029e-09	5.274514393e+15
1.742774678e-09	5.060162499e+15
1.783410221e-09	4.854521689e+15
1.824993245e-09	4.657237950e+15
1.867545843e-09	4.467971659e+15
1.911090622e-09	4.286396994e+15
1.955650716e-09	4.112201372e+15
2.001249799e-09	3.945084916e+15
2.047912097e-09	3.784759934e+15
2.095662399e-09	3.630950427e+15
2.144526076e-09	3.483391611e+15
2.194529086e-09	3.341829462e+15
2.245697996e-09	3.206020283e+15
2.298059989e-09	3.075730275e+15
2.351642884e-09	2.950735146e+15
2.406475150e-09	2.830819715e+15
2.462585916e-09	2.715777547e+15
2.520004994e-09	2.605410598e+15
2.578762888e-09	2.499528871e+15
2.638890814e-09	2.397950089e+15
2.700420719e-09	2.300499384e+15
2.763385290e-09	2.207008996e+15
2.827817980e-09	2.117317979e+15
2.893753019e-09	2.031271931e+15
2.961225438e-09	1.948722723e+15
3.030271083e-09	1.869528247e+15
3.100926636e-09	1.793552168e+15
3.173229635e-09	1.720663694e+15
3.247218492e-09	1.650737348e+15
3.322932516e-09	1.583652750e+15
3.400411933e-09	1.519294415e+15
3.479697904e-09	1.457551549e+15
3.560832553e-09	1.398317862e+15
3.643858984e-09	1.341491382e+15
3.728821307e-09	1.286974284e+15
3.815764661e-09	1.234672716e+15
3.904735237e-09	1.184496640e+15
3.995780302e-09	1.136359678e+15
4.088948226e-09	1.090178963e+15
4.184288508e-09	1.045874993e+15
4.281851799e-09	1.003371500e+15
4.381689932e-09	9.625953137e+14
4.483855948e-09	9.234762379e+14
4.588404126e-09	8.859469288e+14
4.695390011e-09	8.499427798e+14
4.804870440e-09	8.154018096e+14
4.916903578e-09	7.822645558e+14
5.031548945e-09	7.504739725e+14
5.148867450e-09	7.199753322e+14
5.268921421e-09	6.907161314e+14
5.391774640e-09	6.626460002e+14
5.517492376e-09	6.357166159e+14
5.646141419e-09	6.098816194e+14
5.777790118e-09	5.850965358e+14
5.912508414e-09	5.613186975e+14
6.050367879e-09	5.385071708e+14
6.191441756e-09	5.166226856e+14
6.335804993e-09	4.956275678e+14
6.483534286e-09	4.754856742e+14
6.634708121e-09	4.561623304e+14
6.789406813e-09	4.376242714e+14
6.947712548e-09	4.198395836e+14
7.109709432e-09	4.027776509e+14
7.275483529e-09	3.864091009e+14
7.445122911e-09	3.707057553e+14
7.618717702e-09	3.556405806e+14
7.796360130e-09	3.411876421e+14
7.978144572e-09	3.273220591e+14
8.164167605e-09	3.140199619e+14
8.354528058e-09	3.012584509e+14
8.549327066e-09	2.890155571e+14
8.748668120e-09	2.772702043e+14
8.952657126e-09	2.660021730e+14
9.161402457e-09	2.551920651e+14
9.375015015e-09	2.448212711e+14
9.593608287e-09	2.348719375e+14
9.817298406e-09	2.253269366e+14
1.004620421e-08	2.161698366e+14
1.028044732e-08	2.073848736e+14
1.052015218e-08	1.989569242e+14
1.076544613e-08	1.908714797e+14
1.101645950e-08	1.831146209e+14
1.127332564e-08	1.756729945e+14
1.153618102e-08	1.685337896e+14
1.180516529e-08	1.616847160e+14
1.208042135e-08	1.551139832e+14
1.236209544e-08	1.488102794e+14
1.265033720e-08	1.427627530e+14
1.294529978e-08	1.369609930e+14
1.324713988e-08	1.313950118e+14
1.355601785e-08	1.260552274e+14
1.387209781e-08	1.209324474e+14
1.419554766e-08	1.160178530e+14
1.452653926e-08	1.113029836e+14
1.486524845e-08	1.067797225e+14
1.521185518e-08	1.024402831e+14
1.556654359e-08	9.827719490e+13
1.592950213e-08	9.428329114e+13
1.630092361e-08	9.045169632e+13
1.668100537e-08	8.677581434e+13
1.706994934e-08	8.324931716e+13
1.746796215e-08	7.986613390e+13
1.787525526e-08	7.662044040e+13
1.829204505e-08	7.350664920e+13
1.871855295e-08	7.051939989e+13
1.915500556e-08	6.765354992e+13
1.960163474e-08	6.490416572e+13
2.005867780e-08	6.226651421e+13
2.052637753e-08	5.973605467e+13
2.100498242e-08	5.730843092e+13
2.149474673e-08	5.497946378e+13
2.199593068e-08	5.274514393e+13
2.250880052e-08	5.060162499e+13
2.303362873e-08	4.854521689e+13
2.357069414e-08	4.657237950e+13
2.412028208e-08	4.467971659e+13
2.468268452e-08	4.286396994e+13
2.525820027e-08	4.112201372e+13
2.584713507e-08	3.945084916e+13
2.644980182e-08	3.784759934e+13
2.706652070e-08	3.630950427e+13
2.769761935e-08	3.483391611e+13
2.834343306e-08	3.341829462e+13
2.900430494e-08	3.206020283e+13
2.968058609e-08	3.075730275e+13
3.037263580e-08	2.950735146e+13
3.108082174e-08	2.830819715e+13
3.180552015e-08	2.715777547e+13
3.254711606e-08	2.605410598e+13
3.330600344e-08	2.499528871e+13
3.408258547e-08	2.397950089e+13
3.487727475e-08	2.300499384e+13
3.569049346e-08	2.207008996e+13
3.652267364e-08	2.117317979e+13
3.737425742e-08	2.031271931e+13
3.824569722e-08	1.948722723e+13
3.913745602e-08	1.869528247e+13
4.005000758e-08	1.793552168e+13
4.098383672e-08	1.720663694e+13
4.193943956e-08	1.650737348e+13
4.291732378e-08	1.583652750e+13
4.391800893e-08	1.519294415e+13
4.494202662e-08	1.457551549e+13
4.598992091e-08	1.398317862e+13
4.706224850e-08	1.341491382e+13
4.815957910e-08	1.286974284e+13
4.928249570e-08	1.234672716e+13
5.043159487e-08	1.184496640e+13
5.160748710e-08	1.136359678e+13
5.281079712e-08	1.090178963e+13
5.404216421e-08	1.045874993e+13
5.530224256e-08	1.003371500e+13
5.659170163e-08	9.625953137e+12
5.791122648e-08	9.234762379e+12
5.926151812e-08	8.859469288e+12
6.064329395e-08	8.499427798e+12
6.205728807e-08	8.154018096e+12
6.350425169e-08	7.822645558e+12
6.498495354e-08	7.504739725e+12
6.650018030e-08	7.199753322e+12
6.805073697e-08	6.907161314e+12
6.963744731e-08	6.626460002e+12
7.126115430e-08	6.357166159e+12
7.292272059e-08	6.098816194e+12
7.462302891e-08	5.850965358e+12
7.636298261e-08	5.613186975e+12
7.814350608e-08	5.385071708e+12
7.996554526e-08	5.166226856e+12
8.183006816e-08	4.956275678e+12
8.373806535e-08	4.754856742e+12
8.569055051e-08	4.561623304e+12
8.768856095e-08	4.376242714e+12
8.973315815e-08	4.198395836e+12
9.182542836e-08	4.027776509e+12
9.396648315e-08	3.864091009e+12
9.615746001e-08	3.707057553e+12
9.839952296e-08	3.556405806e+12
1.006938631e-07	3.411876421e+12
1.030416995e-07	3.273220591e+12
1.054442794e-07	3.140199619e+12
1.079028792e-07	3.012584509e+12
1.104188051e-07	2.890155571e+12
1.129933938e-07	2.772702043e+12
1.156280131e-07	2.660021730e+12
1.183240627e-07	2.551920651e+12
1.210829750e-07	2.448212711e+12
1.239062157e-07	2.348719375e+12
1.267952847e-07	2.253269366e+12
1.297517169e-07	2.161698366e+12
1.327770829e-07	2.073848736e+12
1.358729902e-07	1.989569242e+12
1.390410834e-07	1.908714797e+12
1.422830457e-07	1.831146209e+12
1.456005995e-07	1.756729945e+12
1.489955073e-07	1.685337896e+12
1.524695727e-07	1.616847160e+12
1.560246414e-07	1.551139832e+12
1.596626022e-07	1.488102794e+12
1.633853878e-07	1.427627530e+12
1.671949760e-07	1.369609930e+12
1.710933907e-07	1.313950118e+12
1.750827032e-07	1.260552274e+12
1.791650327e-07	1.209324474e+12
1.833425483e-07	1.160178530e+12
1.876174691e-07	1.113029836e+12
1.919920666e-07	1.067797225e+12
1.964686646e-07	1.024402831e+12
2.010496416e-07	9.827719490e+11
2.057374313e-07	9.428329114e+11
2.105345243e-07	9.045169632e+11
2.154434690e-07	8.677581434e+11
2.204668735e-07	8.324931716e+11
2.256074066e-07	7.986613390e+11
2.308677994e-07	7.662044040e+11
2.362508465e-07	7.350664920e+11
2.417594079e-07	7.051939989e+11
2.473964101e-07	6.765354992e+11
2.531648479e-07	6.490416572e+11
2.590677859e-07	6.226651421e+11
2.651083602e-07	5.973605467e+11
2.712897800e-07	5.730843092e+11
2.776153294e-07	5.497946378e+11
2.840883690e-07	5.274514393e+11
2.907123377e-07	5.060162499e+11
2.974907547e-07	4.854521689e+11
3.044272212e-07	4.657237950e+11
3.115254224e-07	4.467971659e+11
3.187891293e-07	4.286396994e+11
3.262222010e-07	4.112201372e+11
3.338285865e-07	3.945084916e+11
3.416123269e-07	3.784759934e+11
3.495775574e-07	3.630950427e+11
3.577285099e-07	3.483391611e+11
3.660695148e-07	3.341829462e+11
3.746050033e-07	3.206020283e+11
3.833395102e-07	3.075730275e+11
3.922776759e-07	2.950735146e+11
4.014242490e-07	2.830819715e+11
4.107840890e-07	2.715777547e+11
4.203621684e-07	2.605410598e+11
4.301635758e-07	2.499528871e+11
4.401935185e-07	2.397950089e+11
4.504573252e-07	2.300499384e+11
4.609604487e-07	2.207008996e+11
4.717084691e-07	2.117317979e+11
4.827070966e-07	2.031271931e+11
4.939621744e-07	1.948722723e+11
5.054796821e-07	1.869528247e+11
5.172657387e-07	1.793552168e+11
5.293266058e-07	1.720663694e+11
5.416686911e-07	1.650737348e+11
5.542985516e-07	1.583652750e+11
5.672228972e-07	1.519294415e+11
5.804485943e-07	1.457551549e+11
5.939826694e-07	1.398317862e+11
6.078323128e-07	1.341491382e+11
6.220048826e-07	1.286974284e+11
6.365079081e-07	1.234672716e+11
6.513490946e-07	1.184496640e+11
6.665363268e-07	1.136359678e+11
6.820776733e-07	1.090178963e+11
6.979813908e-07	1.045874993e+11
7.142559286e-07	1.003371500e+11
7.309099329e-07	9.625953137e+10
7.479522516e-07	9.234762379e+10
7.653919388e-07	8.859469288e+10
7.832382599e-07	8.499427798e+10
8.015006962e-07	8.154018096e+10
8.201889499e-07	7.822645558e+10
8.393129498e-07	7.504739725e+10
8.588828560e-07	7.199753322e+10
8.789090653e-07	6.907161314e+10
8.994022174e-07	6.626460002e+10
9.203731997e-07	6.357166159e+10
9.418331535e-07	6.098816194e+10
9.637934800e-07	5.850965358e+10
9.862658461e-07	5.613186975e+10
1.009262191e-06	5.385071708e+10
1.032794732e-06	5.166226856e+10
1.056875971e-06	4.956275678e+10
1.081518703e-06	4.754856742e+10
1.106736018e-06	4.561623304e+10
1.132541315e-06	4.376242714e+10
1.158948303e-06	4.198395836e+10
1.185971012e-06	4.027776509e+10
1.213623798e-06	3.864091009e+10
1.241921353e-06	3.707057553e+10
1.270878709e-06	3.556405806e+10
1.300511252e-06	3.411876421e+10
1.330834725e-06	3.273220591e+10
1.361865237e-06	3.140199619e+10
1.393619274e-06	3.012584509e+10
1.426113707e-06	2.890155571e+10
1.459365799e-06	2.772702043e+10
1.493393216e-06	2.660021730e+10
1.528214036e-06	2.551920651e+10
1.563846758e-06	2.448212711e+10
1.600310314e-06	2.348719375e+10
1.637624075e-06	2.253269366e+10
1.675807865e-06	2.161698366e+10
1.714881970e-06	2.073848736e+10
1.754867150e-06	1.989569242e+10
1.795784647e-06	1.908714797e+10
1.837656200e-06	1.831146209e+10
1.880504055e-06	1.756729945e+10
1.924350975e-06	1.685337896e+10
1.969220255e-06	1.616847160e+10
2.015135734e-06	1.551139832e+10
2.062121804e-06	1.488102794e+10
2.110203429e-06	1.427627530e+10
2.159406152e-06	1.369609930e+10
2.209756115e-06	1.313950118e+10
2.261280066e-06	1.260552274e+10
2.314005380e-06	1.209324474e+10
2.367960068e-06	1.160178530e+10
2.423172794e-06	1.113029836e+10
2.479672893e-06	1.067797225e+10
2.537490380e-06	1.024402831e+10
2.596655973e-06	9.827719490e+09
2.657201105e-06	9.428329114e+09
2.719157943e-06	9.045169632e+09
2.782559402e-06	8.677581434e+09
2.847439166e-06	8.324931716e+09
2.913831705e-06	7.986613390e+09
2.981772290e-06	7.662044040e+09
3.051297017e-06	7.350664920e+09
3.122442823e-06	7.051939989e+09
3.195247506e-06	6.765354992e+09
3.269749745e-06	6.490416572e+09
3.345989121e-06	6.226651421e+09
3.424006138e-06	5.973605467e+09
3.503842245e-06	5.730843092e+09
3.585539857e-06	5.497946378e+09
3.669142378e-06	5.274514393e+09
3.754694224e-06	5.060162499e+09
3.842240846e-06	4.854521689e+09
3.931828756e-06	4.657237950e+09
4.023505549e-06	4.467971659e+09
4.117319931e-06	4.286396994e+09
4.213321744e-06	4.112201372e+09
4.311561990e-06	3.945084916e+09
4.412092863e-06	3.784759934e+09
4.514967772e-06	3.630950427e+09
4.620241372e-06	3.483391611e+09
4.727969592e-06	3.341829462e+09
4.838209665e-06	3.206020283e+09
4.951020160e-06	3.075730275e+09
5.066461009e-06	2.950735146e+09
5.184593544e-06	2.830819715e+09
5.305480525e-06	2.715777547e+09
5.429186178e-06	2.605410598e+09
5.555776222e-06	2.499528871e+09
5.685317914e-06	2.397950089e+09
5.817880074e-06	2.300499384e+09
5.953533131e-06	2.207008996e+09
6.092349152e-06	2.117317979e+09
6.234401889e-06	2.031271931e+09
6.379766809e-06	1.948722723e+09
6.528521141e-06	1.869528247e+09
6.680743916e-06	1.793552168e+09
6.836516005e-06	1.720663694e+09
6.995920165e-06	1.650737348e+09
7.159041086e-06	1.583652750e+09
7.325965428e-06	1.519294415e+09
7.496781875e-06	1.457551549e+09
7.671581177e-06	1.398317862e+09
7.850456200e-06	1.341491382e+09
8.033501977e-06	1.286974284e+09
8.220815755e-06	1.234672716e+09
8.412497050e-06	1.184496640e+09
8.608647696e-06	1.136359678e+09
8.809371904e-06	1.090178963e+09
9.014776315e-06	1.045874993e+09
9.224970053e-06	1.003371500e+09
9.440064789e-06	9.625953137e+08
9.660174800e-06	9.234762379e+08
9.885417022e-06	8.859469288e+08
1.011591112e-05	8.499427798e+08
1.035177956e-05	8.154018096e+08
1.059314764e-05	7.822645558e+08
1.084014359e-05	7.504739725e+08
1.109289865e-05	7.199753322e+08
1.135154709e-05	6.907161314e+08
1.161622633e-05	6.626460002e+08
1.188707698e-05	6.357166159e+08
1.216424294e-05	6.098816194e+08
1.244787146e-05	5.850965358e+08
1.273811323e-05	5.613186975e+08
1.303512245e-05	5.385071708e+08
1.333905690e-05	5.166226856e+08
1.365007807e-05	4.956275678e+08
1.396835118e-05	4.754856742e+08
1.429404533e-05	4.561623304e+08
1.462733356e-05	4.376242714e+08
1.496839293e-05	4.198395836e+08
1.531740464e-05	4.027776509e+08
1.567455410e-05	3.864091009e+08
1.604003107e-05	3.707057553e+08
1.641402971e-05	3.556405806e+08
1.679674872e-05	3.411876421e+08
1.718839143e-05	3.273220591e+08
1.758916590e-05	3.140199619e+08
1.799928507e-05	3.012584509e+08
1.841896681e-05	2.890155571e+08
1.884843409e-05	2.772702043e+08
1.928791508e-05	2.660021730e+08
1.973764326e-05	2.551920651e+08
2.019785757e-05	2.448212711e+08
2.066880250e-05	2.348719375e+08
2.115072825e-05	2.253269366e+08
2.164389086e-05	2.161698366e+08
2.214855234e-05	2.073848736e+08
2.266498079e-05	1.989569242e+08
2.319345059e-05	1.908714797e+08
2.373424250e-05	1.831146209e+08
2.428764382e-05	1.756729945e+08
2.485394857e-05	1.685337896e+08
2.543345761e-05	1.616847160e+08
2.602647882e-05	1.551139832e+08
2.663332725e-05	1.488102794e+08
2.725432531e-05	1.427627530e+08
2.788980292e-05	1.369609930e+08
2.854009770e-05	1.313950118e+08
2.920555512e-05	1.260552274e+08
2.988652874e-05	1.209324474e+08
3.058338032e-05	1.160178530e+08
3.129648011e-05	1.113029836e+08
3.202620694e-05	1.067797225e+08
3.277294850e-05	1.024402831e+08
3.353710152e-05	9.827719490e+07
3.431907197e-05	9.428329114e+07
3.511927530e-05	9.045169632e+07
3.593813664e-05	8.677581434e+07
3.677609102e-05	8.324931716e+07
3.763358362e-05	7.986613390e+07
3.851107002e-05	7.662044040e+07
3.940901640e-05	7.350664920e+07
4.032789982e-05	7.051939989e+07
4.126820846e-05	6.765354992e+07
4.223044187e-05	6.490416572e+07
4.321511128e-05	6.226651421e+07
4.422273981e-05	5.973605467e+07
4.525386278e-05	5.730843092e+07
4.630902802e-05	5.497946378e+07
4.738879610e-05	5.274514393e+07
4.849374067e-05	5.060162499e+07
4.962444878e-05	4.854521689e+07
5.078152112e-05	4.657237950e+07
5.196557244e-05	4.467971659e+07
5.317723178e-05	4.286396994e+07
5.441714287e-05	4.112201372e+07
5.568596444e-05	3.945084916e+07
5.698437059e-05	3.784759934e+07
5.831305114e-05	3.630950427e+07
5.967271196e-05	3.483391611e+07
6.106407542e-05	3.341829462e+07
6.248788072e-05	3.206020283e+07
6.394488429e-05	3.075730275e+07
6.543586019e-05	2.950735146e+07
6.696160055e-05	2.830819715e+07
6.852291595e-05	2.715777547e+07
7.012063589e-05	2.605410598e+07
7.175560919e-05	2.499528871e+07
7.342870447e-05	2.397950089e+07
7.514081061e-05	2.300499384e+07
7.689283721e-05	2.207008996e+07
7.868571507e-05	2.117317979e+07
8.052039671e-05	2.031271931e+07
8.239785685e-05	1.948722723e+07
8.431909293e-05	1.869528247e+07
8.628512566e-05	1.793552168e+07
8.829699955e-05	1.720663694e+07
9.035578346e-05	1.650737348e+07
9.246257116e-05	1.583652750e+07
9.461848195e-05	1.519294415e+07
9.682466119e-05	1.457551549e+07
9.908228099e-05	1.398317862e+07
1.013925408e-04	1.341491382e+07
1.037566679e-04	1.286974284e+07
1.061759183e-04	1.234672716e+07
1.086515775e-04	1.184496640e+07
1.111849605e-04	1.136359678e+07
1.137774133e-04	1.090178963e+07
1.164303133e-04	1.045874993e+07
1.191450698e-04	1.003371500e+07
1.219231252e-04	9.625953137e+06
1.247659553e-04	9.234762379e+06
1.276750704e-04	8.859469288e+06
1.306520162e-04	8.499427798e+06
1.336983742e-04	8.154018096e+06
1.368157628e-04	7.822645558e+06
1.400058382e-04	7.504739725e+06
1.432702953e-04	7.199753322e+06
1.466108684e-04	6.907161314e+06
1.500293322e-04	6.626460002e+06
1.535275029e-04	6.357166159e+06
1.571072389e-04	6.098816194e+06
1.607704422e-04	5.850965358e+06
1.645190588e-04	5.613186975e+06
1.683550803e-04	5.385071708e+06
1.722805447e-04	5.166226856e+06
1.762975375e-04	4.956275678e+06
1.804081929e-04	4.754856742e+06
1.846146946e-04	4.561623304e+06
1.889192776e-04	4.376242714e+06
1.933242288e-04	4.198395836e+06
1.978318883e-04	4.027776509e+06
2.024446510e-04	3.864091009e+06
2.071649676e-04	3.707057553e+06
2.119953458e-04	3.556405806e+06
2.169383518e-04	3.411876421e+06
2.219966119e-04	3.273220591e+06
2.271728133e-04	3.140199619e+06
2.324697060e-04	3.012584509e+06
2.378901041e-04	2.890155571e+06
2.434368874e-04	2.772702043e+06
2.491130026e-04	2.660021730e+06
2.549214654e-04	2.551920651e+06
2.608653618e-04	2.448212711e+06
2.669478494e-04	2.348719375e+06
2.731721598e-04	2.253269366e+06
2.795415999e-04	2.161698366e+06
2.860595535e-04	2.073848736e+06
2.927294835e-04	1.989569242e+06
2.995549334e-04	1.908714797e+06
3.065395295e-04	1.831146209e+06
3.136869825e-04	1.756729945e+06
3.210010896e-04	1.685337896e+06
3.284857366e-04	1.616847160e+06
3.361449000e-04	1.551139832e+06
3.439826489e-04	1.488102794e+06
3.520031473e-04	1.427627530e+06
3.602106562e-04	1.369609930e+06
3.686095362e-04	1.313950118e+06
3.772042493e-04	1.260552274e+06
3.859993618e-04	1.209324474e+06
3.949995461e-04	1.160178530e+06
4.042095840e-04	1.113029836e+06
4.136343684e-04	1.067797225e+06
4.232789066e-04	1.024402831e+06
4.331483223e-04	9.827719490e+05
4.432478591e-04	9.428329114e+05
4.535828826e-04	9.045169632e+05
4.641588834e-04	8.677581434e+05
4.749814803e-04	8.324931716e+05
4.860564232e-04	7.986613390e+05
4.973895959e-04	7.662044040e+05
5.089870194e-04	7.350664920e+05
5.208548551e-04	7.051939989e+05
5.329994081e-04	6.765354992e+05
5.454271305e-04	6.490416572e+05
5.581446249e-04	6.226651421e+05
5.711586478e-04	5.973605467e+05
5.844761132e-04	5.730843092e+05
5.981040962e-04	5.497946378e+05
6.120498372e-04	5.274514393e+05
6.263207452e-04	5.060162499e+05
6.409244019e-04	4.854521689e+05
6.558685660e-04	4.657237950e+05
6.711611767e-04	4.467971659e+05
6.868103589e-04	4.286396994e+05
7.028244264e-04	4.112201372e+05
7.192118872e-04	3.945084916e+05
7.359814475e-04	3.784759934e+05
7.531420166e-04	3.630950427e+05
7.707027114e-04	3.483391611e+05
7.886728616e-04	3.341829462e+05
8.070620141e-04	3.206020283e+05
8.258799388e-04	3.075730275e+05
8.451366331e-04	2.950735146e+05
8.648423276e-04	2.830819715e+05
8.850074914e-04	2.715777547e+05
9.056428379e-04	2.605410598e+05
9.267593301e-04	2.499528871e+05
9.483681866e-04	2.397950089e+05
9.704808877e-04	2.300499384e+05
9.931091814e-04	2.207008996e+05
1.016265089e-03	2.117317979e+05
1.039960914e-03	2.031271931e+05
1.064209244e-03	1.948722723e+05
1.089022962e-03	1.869528247e+05
1.114415251e-03	1.793552168e+05
1.140399602e-03	1.720663694e+05
1.166989819e-03	1.650737348e+05
1.194200028e-03	1.583652750e+05
1.222044687e-03	1.519294415e+05
1.250538587e-03	1.457551549e+05
1.279696868e-03	1.398317862e+05
1.309535020e-03	1.341491382e+05
1.340068896e-03	1.286974284e+05
1.371314718e-03	1.234672716e+05
1.403289085e-03	1.184496640e+05
1.436008985e-03	1.136359678e+05
1.469491801e-03	1.090178963e+05
1.503755321e-03	1.045874993e+05
1.538817750e-03	1.003371500e+05
1.574697715e-03	9.625953137e+04
1.611414277e-03	9.234762379e+04
1.648986944e-03	8.859469288e+04
1.687435678e-03	8.499427798e+04
1.726780904e-03	8.154018096e+04
1.767043526e-03	7.822645558e+04
1.808244935e-03	7.504739725e+04
1.850407020e-03	7.199753322e+04
1.893552180e-03	6.907161314e+04
1.937703337e-03	6.626460002e+04
1.982883949e-03	6.357166159e+04
2.029118018e-03	6.098816194e+04
2.076430107e-03	5.850965358e+04
2.124845352e-03	5.613186975e+04
2.174389476e-03	5.385071708e+04
2.225088798e-03	5.166226856e+04
2.276970255e-03	4.956275678e+04
2.330061411e-03	4.754856742e+04
2.384390470e-03	4.561623304e+04
2.439986297e-03	4.376242714e+04
2.496878429e-03	4.198395836e+04
2.555097090e-03	4.027776509e+04
2.614673212e-03	3.864091009e+04
2.675638445e-03	3.707057553e+04
2.738025178e-03	3.556405806e+04
2.801866556e-03	3.411876421e+04
2.867196497e-03	3.273220591e+04
2.934049709e-03	3.140199619e+04
3.002461709e-03	3.012584509e+04
3.072468843e-03	2.890155571e+04
3.144108303e-03	2.772702043e+04
3.217418151e-03	2.660021730e+04
3.292437333e-03	2.551920651e+04
3.369205706e-03	2.448212711e+04
3.447764055e-03	2.348719375e+04
3.528154115e-03	2.253269366e+04
3.610418597e-03	2.161698366e+04
3.694601205e-03	2.073848736e+04
3.780746664e-03	1.989569242e+04
3.868900739e-03	1.908714797e+04
3.959110266e-03	1.831146209e+04
4.051423171e-03	1.756729945e+04
4.145888497e-03	1.685337896e+04
4.242556431e-03	1.616847160e+04
4.341478330e-03	1.551139832e+04
4.442706750e-03	1.488102794e+04
4.546295470e-03	1.427627530e+04
4.652299524e-03	1.369609930e+04
4.760775230e-03	1.313950118e+04
4.871780219e-03	1.260552274e+04
4.985373464e-03	1.209324474e+04
5.101615315e-03	1.160178530e+04
5.220567528e-03	1.113029836e+04
5.342293300e-03	1.067797225e+04
5.466857300e-03	1.024402831e+04
5.594325706e-03	9.827719490e+03
5.724766240e-03	9.428329114e+03
5.858248200e-03	9.045169632e+03
5.994842503e-03	8.677581434e+03
6.134621718e-03	8.324931716e+03
6.277660106e-03	7.986613390e+03
6.424033659e-03	7.662044040e+03
6.573820143e-03	7.350664920e+03
6.727099136e-03	7.051939989e+03
6.883952070e-03	6.765354992e+03
7.044462277e-03	6.490416572e+03
7.208715034e-03	6.226651421e+03
7.376797603e-03	5.973605467e+03
7.548799282e-03	5.730843092e+03
7.724811451e-03	5.497946378e+03
7.904927623e-03	5.274514393e+03
8.089243487e-03	5.060162499e+03
8.277856966e-03	4.854521689e+03
8.470868267e-03	4.657237950e+03
8.668379930e-03	4.467971659e+03
8.870496890e-03	4.286396994e+03
9.077326525e-03	4.112201372e+03
9.288978720e-03	3.945084916e+03
9.505565920e-03	3.784759934e+03
9.727203192e-03	3.630950427e+03
9.954008288e-03	3.483391611e+03
1.018610170e-02	3.341829462e+03
1.042360674e-02	3.206020283e+03
1.066664958e-02	3.075730275e+03
1.091535935e-02	2.950735146e+03
1.116986818e-02	2.830819715e+03
1.143031129e-02	2.715777547e+03
1.169682704e-02	2.605410598e+03
1.196955702e-02	2.499528871e+03
1.224864614e-02	2.397950089e+03
1.253424265e-02	2.300499384e+03
1.282649831e-02	2.207008996e+03
1.312556836e-02	2.117317979e+03
1.343161170e-02	2.031271931e+03
1.374479093e-02	1.948722723e+03
1.406527242e-02	1.869528247e+03
1.439322645e-02	1.793552168e+03
1.472882724e-02	1.720663694e+03
1.507225309e-02	1.650737348e+03
1.542368646e-02	1.583652750e+03
1.578331406e-02	1.519294415e+03
1.615132694e-02	1.457551549e+03
1.652792061e-02	1.398317862e+03
1.691329517e-02	1.341491382e+03
1.730765534e-02	1.286974284e+03
1.771121064e-02	1.234672716e+03
1.812417547e-02	1.184496640e+03
1.854676923e-02	1.136359678e+03
1.897921643e-02	1.090178963e+03
1.942174681e-02	1.045874993e+03
1.987459550e-02	1.003371500e+03
2.033800306e-02	9.625953137e+02
2.081221570e-02	9.234762379e+02
2.129748536e-02	8.859469288e+02
2.179406984e-02	8.499427798e+02
2.230223298e-02	8.154018096e+02
2.282224474e-02	7.822645558e+02
2.335438140e-02	7.504739725e+02
2.389892566e-02	7.199753322e+02
2.445616683e-02	6.907161314e+02
2.502640096e-02	6.626460002e+02
2.560993100e-02	6.357166159e+02
2.620706696e-02	6.098816194e+02
2.681812609e-02	5.850965358e+02
2.744343303e-02	5.613186975e+02
2.808331999e-02	5.385071708e+02
2.873812692e-02	5.166226856e+02
2.940820171e-02	4.956275678e+02
3.009390034e-02	4.754856742e+02
3.079558713e-02	4.561623304e+02
3.151363485e-02	4.376242714e+02
3.224842498e-02	4.198395836e+02
3.300034791e-02	4.027776509e+02
3.376980311e-02	3.864091009e+02
3.455719937e-02	3.707057553e+02
3.536295501e-02	3.556405806e+02
3.618749812e-02	3.411876421e+02
3.703126676e-02	3.273220591e+02
3.789470919e-02	3.140199619e+02
3.877828415e-02	3.012584509e+02
3.968246105e-02	2.890155571e+02
4.060772026e-02	2.772702043e+02
4.155455335e-02	2.660021730e+02
4.252346335e-02	2.551920651e+02
4.351496501e-02	2.448212711e+02
4.452958510e-02	2.348719375e+02
4.556786266e-02	2.253269366e+02
4.663034930e-02	2.161698366e+02
4.771760949e-02	2.073848736e+02
4.883022087e-02	1.989569242e+02
4.996877454e-02	1.908714797e+02
5.113387538e-02	1.831146209e+02
5.232614239e-02	1.756729945e+02
5.354620899e-02	1.685337896e+02
5.479472337e-02	1.616847160e+02
5.607234883e-02	1.551139832e+02
5.737976414e-02	1.488102794e+02
5.871766391e-02	1.427627530e+02
6.008675892e-02	1.369609930e+02
6.148777654e-02	1.313950118e+02
6.292146110e-02	1.260552274e+02
6.438857427e-02	1.209324474e+02
6.588989551e-02	1.160178530e+02
6.742622242e-02	1.113029836e+02
6.899837121e-02	1.067797225e+02
7.060717714e-02	1.024402831e+02
7.225349492e-02	9.827719490e+01
7.393819919e-02	9.428329114e+01
7.566218500e-02	9.045169632e+01
7.742636827e-02	8.677581434e+01
7.923168625e-02	8.324931716e+01
8.107909807e-02	7.986613390e+01
8.296958521e-02	7.662044040e+01
8.490415204e-02	7.350664920e+01
8.688382635e-02	7.051939989e+01
8.890965990e-02	6.765354992e+01
9.098272894e-02	6.490416572e+01
9.310413487e-02	6.226651421e+01
9.527500472e-02	5.973605467e+01
9.749649183e-02	5.730843092e+01
9.976977642e-02	5.497946378e+01
1.020960662e-01	5.274514393e+01
1.044765972e-01	5.060162499e+01
1.069126339e-01	4.854521689e+01
1.094054707e-01	4.657237950e+01
1.119564319e-01	4.467971659e+01
1.145668729e-01	4.286396994e+01
1.172381803e-01	4.112201372e+01
1.199717735e-01	3.945084916e+01
1.227691048e-01	3.784759934e+01
1.256316602e-01	3.630950427e+01
1.285609607e-01	3.483391611e+01
1.315585624e-01	3.341829462e+01
1.346260579e-01	3.206020283e+01
1.377650770e-01	3.075730275e+01
1.409772872e-01	2.950735146e+01
1.442643951e-01	2.830819715e+01
1.476281472e-01	2.715777547e+01
1.510703304e-01	2.605410598e+01
1.545927736e-01	2.499528871e+01
1.581973482e-01	2.397950089e+01
1.618859690e-01	2.300499384e+01
1.656605959e-01	2.207008996e+01
1.695232342e-01	2.117317979e+01
1.734759359e-01	2.031271931e+01
1.775208012e-01	1.948722723e+01
1.816599788e-01	1.869528247e+01
1.858956680e-01	1.793552168e+01
1.902301189e-01	1.720663694e+01
1.946656343e-01	1.650737348e+01
1.992045708e-01	1.583652750e+01
2.038493398e-01	1.519294415e+01
2.086024089e-01	1.457551549e+01
2.134663033e-01	1.398317862e+01
2.184436071e-01	1.341491382e+01
2.235369646e-01	1.286974284e+01
2.287490817e-01	1.234672716e+01
2.340827276e-01	1.184496640e+01
2.395407359e-01	1.136359678e+01
2.451260062e-01	1.090178963e+01
2.508415059e-01	1.045874993e+01
2.566902715e-01	1.003371500e+01
2.626754104e-01	9.625953137e+00
2.688001022e-01	9.234762379e+00
2.750676008e-01	8.859469288e+00
2.814812361e-01	8.499427798e+00
2.880444153e-01	8.154018096e+00
2.947606255e-01	7.822645558e+00
3.016334347e-01	7.504739725e+00
3.086664943e-01	7.199753322e+00
3.158635408e-01	6.907161314e+00
3.232283978e-01	6.626460002e+00
3.307649781e-01	6.357166159e+00
3.384772856e-01	6.098816194e+00
3.463694177e-01	5.850965358e+00
3.544455674e-01	5.613186975e+00
3.627100252e-01	5.385071708e+00
3.711671819e-01	5.166226856e+00
3.798215306e-01	4.956275678e+00
3.886776691e-01	4.754856742e+00
3.977403024e-01	4.561623304e+00
4.070142453e-01	4.376242714e+00
4.165044249e-01	4.198395836e+00
4.262158829e-01	4.027776509e+00
4.361537789e-01	3.864091009e+00
4.463233927e-01	3.707057553e+00
4.567301270e-01	3.556405806e+00
4.673795108e-01	3.411876421e+00
4.782772018e-01	3.273220591e+00
4.894289896e-01	3.140199619e+00
5.008407990e-01	3.012584509e+00
5.125186927e-01	2.890155571e+00
5.244688749e-01	2.772702043e+00
5.366976946e-01	2.660021730e+00
5.492116484e-01	2.551920651e+00
5.620173848e-01	2.448212711e+00
5.751217072e-01	2.348719375e+00
5.885315775e-01	2.253269366e+00
6.022541201e-01	2.161698366e+00
6.162966255e-01	2.073848736e+00
6.306665541e-01	1.989569242e+00
6.453715402e-01	1.908714797e+00
6.604193962e-01	1.831146209e+00
6.758181168e-01	1.889924932e+00
6.915758829e-01	1.825700520e+00
7.077010661e-01	1.763658616e+00
7.242022335e-01	1.703725051e+00
7.410881516e-01	1.645828181e+00
7.583677915e-01	1.589898792e+00
7.760503335e-01	1.535870024e+00
7.941451719e-01	1.483677290e+00
8.126619200e-01	1.433258197e+00
8.316104153e-01	1.384552471e+00
8.510007247e-01	1.337501889e+00
8.708431498e-01	1.292050205e+00
8.911482323e-01	1.248143083e+00
9.119267598e-01	1.205728035e+00
9.331897716e-01	1.164754358e+00
9.549485640e-01	1.125173070e+00
9.772146970e-01	1.086936853e+00
1.000000000e+00	1.050000000e+00
#################################
1.000000000e-10	6.803680994e+17
1.023316578e-10	6.527185037e+17
1.047176819e-10	6.261925646e+17
1.071593400e-10	6.007446177e+17
1.096579291e-10	5.763308543e+17
1.122147768e-10	5.529092460e+17
1.148312415e-10	5.304394724e+17
1.175087131e-10	5.088828518e+17
1.202486142e-10	4.882022745e+17
1.230524004e-10	4.683621386e+17
1.259215614e-10	4.493282894e+17
1.288576213e-10	4.310679601e+17
1.318621401e-10	4.135497154e+17
1.349367141e-10	3.967433977e+17
1.380829765e-10	3.806200748e+17
1.413025991e-10	3.651519904e+17
1.445972922e-10	3.503125161e+17
1.479688063e-10	3.360761058e+17
1.514189325e-10	3.224182513e+17
1.549495039e-10	3.093154408e+17
1.585623962e-10	2.967451176e+17
1.622595287e-10	2.846856419e+17
1.660428657e-10	2.731162534e+17
1.699144172e-10	2.620170352e+17
1.738762400e-10	2.513688800e+17
1.779304390e-10	2.411534570e+17
1.820791680e-10	2.313531804e+17
1.863246312e-10	2.219511789e+17
1.906690841e-10	2.129312669e+17
1.951148347e-10	2.042779167e+17
1.996642450e-10	1.959762314e+17
2.043197320e-10	1.880119198e+17
2.090837691e-10	1.803712712e+17
2.139588871e-10	1.730411322e+17
2.189476763e-10	1.660088840e+17
2.240527869e-10	1.592624205e+17
2.292769313e-10	1.527901277e+17
2.346228848e-10	1.465808635e+17
2.400934877e-10	1.406239387e+17
2.456916463e-10	1.349090984e+17
2.514203348e-10	1.294265044e+17
2.572825967e-10	1.241667185e+17
2.632815466e-10	1.191206860e+17
2.694203714e-10	1.142797200e+17
2.757023326e-10	1.096354869e+17
2.821307676e-10	1.051799916e+17
2.887090917e-10	1.009055639e+17
2.954407999e-10	9.680484540e+16
3.023294684e-10	9.287077670e+16
3.093787572e-10	8.909658530e+16
3.165924112e-10	8.547577391e+16
3.239742630e-10	8.200210929e+16
3.315282342e-10	7.866961153e+16
3.392583383e-10	7.547254371e+16
3.471686819e-10	7.240540208e+16
3.552634677e-10	6.946290654e+16
3.635469961e-10	6.663999158e+16
3.720236681e-10	6.393179755e+16
3.806979871e-10	6.133366228e+16
3.895745616e-10	5.884111307e+16
3.986581074e-10	5.644985900e+16
4.079534503e-10	5.415578351e+16
4.174655289e-10	5.195493735e+16
4.271993966e-10	4.984353175e+16
4.371602248e-10	4.781793192e+16
4.473533054e-10	4.587465080e+16
4.577840538e-10	4.401034301e+16
4.684580116e-10	4.222179914e+16
4.793808495e-10	4.050594021e+16
4.905583706e-10	3.885981237e+16
5.019965133e-10	3.728058180e+16
5.137013543e-10	3.576552985e+16
5.256791122e-10	3.431204835e+16
5.379361504e-10	3.291763514e+16
5.504789808e-10	3.157988973e+16
5.633142671e-10	3.029650918e+16
5.764488283e-10	2.906528416e+16
5.898896426e-10	2.788409509e+16
6.036438506e-10	2.675090858e+16
6.177187597e-10	2.566377382e+16
6.321218476e-10	2.462081932e+16
6.468607662e-10	2.362024963e+16
6.619433459e-10	2.266034226e+16
6.773775998e-10	2.173944473e+16
6.931717276e-10	2.085597171e+16
7.093341205e-10	2.000840230e+16
7.258733651e-10	1.919527741e+16
7.427982483e-10	1.841519725e+16
7.601177618e-10	1.766681889e+16
7.778411071e-10	1.694885401e+16
7.959777002e-10	1.626006663e+16
8.145371766e-10	1.559927100e+16
8.335293965e-10	1.496532955e+16
8.529644500e-10	1.435715096e+16
8.728526624e-10	1.377368824e+16
8.932045999e-10	1.321393697e+16
9.140310749e-10	1.267693352e+16
9.353431520e-10	1.216175345e+16
9.571521539e-10	1.166750987e+16
9.794696671e-10	1.119335193e+16
1.002307548e-09	1.073846339e+16
1.025677931e-09	1.030206113e+16
1.049593231e-09	9.883393907e+15
1.074066153e-09	9.481740969e+15
1.099109701e-09	9.096410874e+15
1.124737178e-09	8.726740274e+15
1.150962201e-09	8.372092781e+15
1.177798701e-09	8.031857869e+15
1.205260937e-09	7.705449821e+15
1.233363498e-09	7.392306726e+15
1.262121315e-09	7.091889507e+15
1.291549665e-09	6.803680994e+15
1.321664184e-09	6.527185037e+15
1.352480870e-09	6.261925646e+15
1.384016097e-09	6.007446177e+15
1.416286616e-09	5.763308543e+15
1.449309574e-09	5.529092460e+15
1.483102514e-09	5.304394724e+15
1.517683390e-09	5.088828518e+15
1.553070574e-09	4.882022745e+15
1.589282866e-09	4.683621386e+15
1.626339504e-09	4.493282894e+15
1.664260176e-09	4.310679601e+15
1.703065029e-09	4.135497154e+15
1.742774678e-09	3.967433977e+15
1.783410221e-09	3.806200748e+15
1.824993245e-09	3.651519904e+15
1.867545843e-09	3.503125161e+15
1.911090622e-09	3.360761058e+15
1.955650716e-09	3.224182513e+15
2.001249799e-09	3.093154408e+15
2.047912097e-09	2.967451176e+15
2.095662399e-09	2.846856419e+15
2.144526076e-09	2.731162534e+15
2.194529086e-09	2.620170352e+15
2.245697996e-09	2.513688800e+15
2.298059989e-09	2.411534570e+15
2.351642884e-09	2.313531804e+15
2.406475150e-09	2.219511789e+15
2.462585916e-09	2.129312669e+15
2.520004994e-09	2.042779167e+15
2.578762888e-09	1.959762314e+15
2.638890814e-09	1.880119198e+15
2.700420719e-09	1.803712712e+15
2.763385290e-09	1.730411322e+15
2.827817980e-09	1.660088840e+15
2.893753019e-09	1.592624205e+15
2.961225438e-09	1.527901277e+15
3.030271083e-09	1.465808635e+15
3.100926636e-09	1.406239387e+15
3.173229635e-09	1.349090984e+15
3.247218492e-09	1.294265044e+15
3.322932516e-09	1.241667185e+15
3.400411933e-09	1.191206860e+15
3.479697904e-09	1.142797200e+15
3.560832553e-09	1.096354869e+15
3.643858984e-09	1.051799916e+15
3.728821307e-09	1.009055639e+15
3.815764661e-09	9.680484540e+14
3.904735237e-09	9.287077670e+14
3.995780302e-09	8.909658530e+14
4.088948226e-09	8.547577391e+14
4.184288508e-09	8.200210929e+14
4.281851799e-09	7.866961153e+14
4.381689932e-09	7.547254371e+14
4.483855948e-09	7.240540208e+14
4.588404126e-09	6.946290654e+14
4.695390011e-09	6.663999158e+14
4.804870440e-09	6.393179755e+14
4.916903578e-09	6.133366228e+14
5.031548945e-09	5.884111307e+14
5.148867450e-09	5.644985900e+14
5.268921421e-09	5.415578351e+14
5.391774640e-09	5.195493735e+14
5.517492376e-09	4.984353175e+14
5.646141419e-09	4.781793192e+14
5.777790118e-09	4.587465080e+14
5.912508414e-09	4.401034301e+14
6.050367879e-09	4.222179914e+14
6.191441756e-09	4.050594021e+14
6.335804993e-09	3.885981237e+14
6.483534286e-09	3.728058180e+14
6.634708121e-09	3.576552985e+14
6.789406813e-09	3.431204835e+14
6.947712548e-09	3.291763514e+14
7.109709432e-09	3.157988973e+14
7.275483529e-09	3.029650918e+14
7.445122911e-09	2.906528416e+14
7.618717702e-09	2.788409509e+14
7.796360130e-09	2.675090858e+14
7.978144572e-09	2.566377382e+14
8.164167605e-09	2.462081932e+14
8.354528058e-09	2.362024963e+14
8.549327066e-09	2.266034226e+14
8.748668120e-09	2.173944473e+14
8.952657126e-09	2.085597171e+14
9.161402457e-09	2.000840230e+14
9.375015015e-09	1.919527741e+14
9.593608287e-09	1.841519725e+14
9.817298406e-09	1.766681889e+14
1.004620421e-08	1.694885401e+14
1.028044732e-08	1.626006663e+14
1.052015218e-08	1.559927100e+14
1.076544613e-08	1.496532955e+14
1.101645950e-08	1.435715096e+14
1.127332564e-08	1.377368824e+14
1.153618102e-08	1.321393697e+14
1.180516529e-08	1.267693352e+14
1.208042135e-08	1.216175345e+14
1.236209544e-08	1.166750987e+14
1.265033720e-08	1.119335193e+14
1.294529978e-08	1.073846339e+14
1.324713988e-08	1.030206113e+14
1.355601785e-08	9.883393907e+13
1.387209781e-08	9.481740969e+13
1.419554766e-08	9.096410874e+13
1.452653926e-08	8.726740274e+13
1.486524845e-08	8.372092781e+13
1.521185518e-08	8.031857869e+13
1.556654359e-08	7.705449821e+13
1.592950213e-08	7.392306726e+13
1.630092361e-08	7.091889507e+13
1.668100537e-08	6.803680994e+13
1.706994934e-08	6.527185037e+13
1.746796215e-08	6.261925646e+13
1.787525526e-08	6.007446177e+13
1.829204505e-08	5.763308543e+13
1.871855295e-08	5.529092460e+13
1.915500556e-08	5.304394724e+13
1.960163474e-08	5.088828518e+13
2.005867780e-08	4.882022745e+13
2.052637753e-08	4.683621386e+13
2.100498242e-08	4.493282894e+13
2.149474673e-08	4.310679601e+13
2.199593068e-08	4.135497154e+13
2.250880052e-08	3.967433977e+13
2.303362873e-08	3.806200748e+13
2.357069414e-08	3.651519904e+13
2.412028208e-08	3.503125161e+13
2.468268452e-08	3.360761058e+13
2.525820027e-08	3.224182513e+13
2.584713507e-08	3.093154408e+13
2.644980182e-08	2.967451176e+13
2.706652070e-08	2.846856419e+13
2.769761935e-08	2.731162534e+13
2.834343306e-08	2.620170352e+13
2.900430494e-08	2.513688800e+13
2.968058609e-08	2.411534570e+13
3.037263580e-08	2.313531804e+13
3.108082174e-08	2.219511789e+13
3.180552015e-08	2.129312669e+13
3.254711606e-08	2.042779167e+13
3.330600344e-08	1.959762314e+13
3.408258547e-08	1.880119198e+13
3.487727475e-08	1.803712712e+13
3.569049346e-08	1.730411322e+13
3.652267364e-08	1.660088840e+13
3.737425742e-08	1.592624205e+13
3.824569722e-08	1.527901277e+13
3.913745602e-08	1.465808635e+13
4.005000758e-08	1.406239387e+13
4.098383672e-08	1.349090984e+13
4.193943956e-08	1.294265044e+13
4.291732378e-08	1.241667185e+13
4.391800893e-08	1.191206860e+13
4.494202662e-08	1.142797200e+13
4.598992091e-08	1.096354869e+13
4.706224850e-08	1.051799916e+13
4.815957910e-08	1.009055639e+13
4.928249570e-08	9.680484540e+12
5.043159487e-08	9.287077670e+12
5.160748710e-08	8.909658530e+12
5.281079712e-08	8.547577391e+12
5.404216421e-08	8.200210929e+12
5.530224256e-08	7.866961153e+12
5.659170163e-08	7.547254371e+12
5.791122648e-08	7.240540208e+12
5.926151812e-08	6.946290654e+12
6.064329395e-08	6.663999158e+12
6.205728807e-08	6.393179755e+12
6.350425169e-08	6.133366228e+12
6.498495354e-08	5.884111307e+12
6.650018030e-08	5.644985900e+12
6.805073697e-08	5.415578351e+12
6.963744731e-08	5.195493735e+12
7.126115430e-08	4.984353175e+12
7.292272059e-08	4.781793192e+12
7.462302891e-08	4.587465080e+12
7.636298261e-08	4.401034301e+12
7.814350608e-08	4.222179914e+12
7.996554526e-08	4.050594021e+12
8.183006816e-08	3.885981237e+12
8.373806535e-08	3.728058180e+12
8.569055051e-08	3.576552985e+12
8.768856095e-08	3.431204835e+12
8.973315815e-08	3.291763514e+12
9.182542836e-08	3.157988973e+12
9.396648315e-08	3.029650918e+12
9.615746001e-08	2.906528416e+12
9.839952296e-08	2.788409509e+12
1.006938631e-07	2.675090858e+12
1.030416995e-07	2.566377382e+12
1.054442794e-07	2.462081932e+12
1.079028792e-07	2.362024963e+12
1.104188051e-07	2.266034226e+12
1.129933938e-07	2.173944473e+12
1.156280131e-07	2.085597171e+12
1.183240627e-07	2.000840230e+12
1.210829750e-07	1.919527741e+12
1.239062157e-07	1.841519725e+12
1.267952847e-07	1.766681889e+12
1.297517169e-07	1.694885401e+12
1.327770829e-07	1.626006663e+12
1.358729902e-07	1.559927100e+12
1.390410834e-07	1.496532955e+12
1.422830457e-07	1.435715096e+12
1.456005995e-07	1.377368824e+12
1.489955073e-07	1.321393697e+12
1.524695727e-07	1.267693352e+12
1.560246414e-07	1.216175345e+12
1.596626022e-07	1.166750987e+12
1.633853878e-07	1.119335193e+12
1.671949760e-07	1.073846339e+12
1.710933907e-07	1.030206113e+12
1.750827032e-07	9.883393907e+11
1.791650327e-07	9.481740969e+11
1.833425483e-07	9.096410874e+11
1.876174691e-07	8.726740274e+11
1.919920666e-07	8.372092781e+11
1.964686646e-07	8.031857869e+11
2.010496416e-07	7.705449821e+11
2.057374313e-07	7.392306726e+11
2.105345243e-07	7.091889507e+11
2.154434690e-07	6.803680994e+11
2.204668735e-07	6.527185037e+11
2.256074066e-07	6.261925646e+11
2.308677994e-07	6.007446177e+11
2.362508465e-07	5.763308543e+11
2.417594079e-07	5.529092460e+11
2.473964101e-07	5.304394724e+11
2.531648479e-07	5.088828518e+11
2.590677859e-07	4.882022745e+11
2.651083602e-07	4.683621386e+11
2.712897800e-07	4.493282894e+11
2.776153294e-07	4.310679601e+11
2.840883690e-07	4.135497154e+11
2.907123377e-07	3.967433977e+11
2.974907547e-07	3.806200748e+11
3.044272212e-07	3.651519904e+11
3.115254224e-07	3.503125161e+11
3.187891293e-07	3.360761058e+11
3.262222010e-07	3.224182513e+11
3.338285865e-07	3.093154408e+11
3.416123269e-07	2.967451176e+11
3.495775574e-07	2.846856419e+11
3.577285099e-07	2.731162534e+11
3.660695148e-07	2.620170352e+11
3.746050033e-07	2.513688800e+11
3.833395102e-07	2.411534570e+11
3.922776759e-07	2.313531804e+11
4.014242490e-07	2.219511789e+11
4.107840890e-07	2.129312669e+11
4.203621684e-07	2.042779167e+11
4.301635758e-07	1.959762314e+11
4.401935185e-07	1.880119198e+11
4.504573252e-07	1.803712712e+11
4.609604487e-07	1.730411322e+11
4.717084691e-07	1.660088840e+11
4.827070966e-07	1.592624205e+11
4.939621744e-07	1.527901277e+11
5.054796821e-07	1.465808635e+11
5.172657387e-07	1.406239387e+11
5.293266058e-07	1.349090984e+11
5.416686911e-07	1.294265044e+11
5.542985516e-07	1.241667185e+11
5.672228972e-07	1.191206860e+11
5.804485943e-07	1.142797200e+11
5.939826694e-07	1.096354869e+11
6.078323128e-07	1.051799916e+11
6.220048826e-07	1.009055639e+11
6.365079081e-07	9.680484540e+10
6.513490946e-07	9.287077670e+10
6.665363268e-07	8.909658530e+10
6.820776733e-07	8.547577391e+10
6.979813908e-07	8.200210929e+10
7.142559286e-07	7.866961153e+10
7.309099329e-07	7.547254371e+10
7.479522516e-07	7.240540208e+10
7.653919388e-07	6.946290654e+10
7.832382599e-07	6.663999158e+10
8.015006962e-07	6.393179755e+10
8.201889499e-07	6.133366228e+10
8.393129498e-07	5.884111307e+10
8.588828560e-07	5.644985900e+10
8.789090653e-07	5.415578351e+10
8.994022174e-07	5.195493735e+10
9.203731997e-07	4.984353175e+10
9.418331535e-07	4.781793192e+10
9.637934800e-07	4.587465080e+10
9.862658461e-07	4.401034301e+10
1.009262191e-06	4.222179914e+10
1.032794732e-06	4.050594021e+10
1.056875971e-06	3.885981237e+10
1.081518703e-06	3.728058180e+10
1.106736018e-06	3.576552985e+10
1.132541315e-06	3.431204835e+10
1.158948303e-06	3.291763514e+10
1.185971012e-06	3.157988973e+10
1.213623798e-06	3.029650918e+10
1.241921353e-06	2.906528416e+10
1.270878709e-06	2.788409509e+10
1.300511252e-06	2.675090858e+10
1.330834725e-06	2.566377382e+10
1.361865237e-06	2.462081932e+10
1.393619274e-06	2.362024963e+10
1.426113707e-06	2.266034226e+10
1.459365799e-06	2.173944473e+10
1.493393216e-06	2.085597171e+10
1.528214036e-06	2.000840230e+10
1.563846758e-06	1.919527741e+10
1.600310314e-06	1.841519725e+10
1.637624075e-06	1.766681889e+10
1.675807865e-06	1.694885401e+10
1.714881970e-06	1.626006663e+10
1.754867150e-06	1.559927100e+10
1.795784647e-06	1.496532955e+10
1.837656200e-06	1.435715096e+10
1.880504055e-06	1.377368824e+10
1.924350975e-06	1.321393697e+10
1.969220255e-06	1.267693352e+10
2.015135734e-06	1.216175345e+10
2.062121804e-06	1.166750987e+10
2.110203429e-06	1.119335193e+10
2.159406152e-06	1.073846339e+10
2.209756115e-06	1.030206113e+10
2.261280066e-06	9.883393907e+09
2.314005380e-06	9.481740969e+09
2.367960068e-06	9.096410874e+09
2.423172794e-06	8.726740274e+09
2.479672893e-06	8.372092781e+09
2.537490380e-06	8.031857869e+09
2.596655973e-06	7.705449821e+09
2.657201105e-06	7.392306726e+09
2.719157943e-06	7.091889507e+09
2.782559402e-06	6.803680994e+09
2.847439166e-06	6.527185037e+09
2.913831705e-06	6.261925646e+09
2.981772290e-06	6.007446177e+09
3.051297017e-06	5.763308543e+09
3.122442823e-06	5.529092460e+09
3.195247506e-06	5.304394724e+09
3.269749745e-06	5.088828518e+09
3.345989121e-06	4.882022745e+09
3.424006138e-06	4.683621386e+09
3.503842245e-06	4.493282894e+09
3.585539857e-06	4.310679601e+09
3.669142378e-06	4.135497154e+09
3.754694224e-06	3.967433977e+09
3.842240846e-06	3.806200748e+09
3.931828756e-06	3.651519904e+09
4.023505549e-06	3.503125161e+09
4.117319931e-06	3.360761058e+09
4.213321744e-06	3.224182513e+09
4.311561990e-06	3.093154408e+09
4.412092863e-06	2.967451176e+09
4.514967772e-06	2.846856419e+09
4.620241372e-06	2.731162534e+09
4.727969592e-06	2.620170352e+09
4.838209665e-06	2.513688800e+09
4.951020160e-06	2.411534570e+09
5.066461009e-06	2.313531804e+09
5.184593544e-06	2.219511789e+09
5.305480525e-06	2.129312669e+09
5.429186178e-06	2.042779167e+09
5.555776222e-06	1.959762314e+09
5.685317914e-06	1.880119198e+09
5.817880074e-06	1.803712712e+09
5.953533131e-06	1.730411322e+09
6.092349152e-06	1.660088840e+09
6.234401889e-06	1.592624205e+09
6.379766809e-06	1.527901277e+09
6.528521141e-06	1.465808635e+09
6.680743916e-06	1.406239387e+09
6.836516005e-06	1.349090984e+09
6.995920165e-06	1.294265044e+09
7.159041086e-06	1.241667185e+09
7.325965428e-06	1.191206860e+09
7.496781875e-06	1.142797200e+09
7.671581177e-06	1.096354869e+09
7.850456200e-06	1.051799916e+09
8.033501977e-06	1.009055639e+09
8.220815755e-06	9.680484540e+08
8.412497050e-06	9.287077670e+08
8.608647696e-06	8.909658530e+08
8.809371904e-06	8.547577391e+08
9.014776315e-06	8.200210929e+08
9.224970053e-06	7.866961153e+08
9.440064789e-06	7.547254371e+08
9.660174800e-06	7.240540208e+08
9.885417022e-06	6.946290654e+08
1.011591112e-05	6.663999158e+08
1.035177956e-05	6.393179755e+08
1.059314764e-05	6.133366228e+08
1.084014359e-05	5.884111307e+08
1.109289865e-05	5.644985900e+08
1.135154709e-05	5.415578351e+08
1.161622633e-05	5.195493735e+08
1.188707698e-05	4.984353175e+08
1.216424294e-05	4.781793192e+08
1.244787146e-05	4.587465080e+08
1.273811323e-05	4.401034301e+08
1.303512245e-05	4.222179914e+08
1.333905690e-05	4.050594021e+08
1.365007807e-05	3.885981237e+08
1.396835118e-05	3.728058180e+08
1.429404533e-05	3.576552985e+08
1.462733356e-05	3.431204835e+08
1.496839293e-05	3.291763514e+08
1.531740464e-05	3.157988973e+08
1.567455410e-05	3.029650918e+08
1.604003107e-05	2.906528416e+08
1.641402971e-05	2.788409509e+08
1.679674872e-05	2.675090858e+08
1.718839143e-05	2.566377382e+08
1.758916590e-05	2.462081932e+08
1.799928507e-05	2.362024963e+08
1.841896681e-05	2.266034226e+08
1.884843409e-05	2.173944473e+08
1.928791508e-05	2.085597171e+08
1.973764326e-05	2.000840230e+08
2.019785757e-05	1.919527741e+08
2.066880250e-05	1.841519725e+08
2.115072825e-05	1.766681889e+08
2.164389086e-05	1.694885401e+08
2.214855234e-05	1.626006663e+08
2.266498079e-05	1.559927100e+08
2.319345059e-05	1.496532955e+08
2.373424250e-05	1.435715096e+08
2.428764382e-05	1.377368824e+08
2.485394857e-05	1.321393697e+08
2.543345761e-05	1.267693352e+08
2.602647882e-05	1.216175345e+08
2.663332725e-05	1.166750987e+08
2.725432531e-05	1.119335193e+08
2.788980292e-05	1.073846339e+08
2.854009770e-05	1.030206113e+08
2.920555512e-05	9.883393907e+07
2.988652874e-05	9.481740969e+07
3.058338032e-05	9.096410874e+07
3.129648011e-05	8.726740274e+07
3.202620694e-05	8.372092781e+07
3.277294850e-05	8.031857869e+07
3.353710152e-05	7.705449821e+07
3.431907197e-05	7.392306726e+07
3.511927530e-05	7.091889507e+07
3.593813664e-05	6.803680994e+07
3.677609102e-05	6.527185037e+07
3.763358362e-05	6.261925646e+07
3.851107002e-05	6.007446177e+07
3.940901640e-05	5.763308543e+07
4.032789982e-05	5.529092460e+07
4.126820846e-05	5.304394724e+07
4.223044187e-05	5.088828518e+07
4.321511128e-05	4.882022745e+07
4.422273981e-05	4.683621386e+07
4.525386278e-05	4.493282894e+07
4.630902802e-05	4.310679601e+07
4.738879610e-05	4.135497154e+07
4.849374067e-05	3.967433977e+07
4.962444878e-05	3.806200748e+07
5.078152112e-05	3.651519904e+07
5.196557244e-05	3.503125161e+07
5.317723178e-05	3.360761058e+07
5.441714287e-05	3.224182513e+07
5.568596444e-05	3.093154408e+07
5.698437059e-05	2.967451176e+07
5.831305114e-05	2.846856419e+07
5.967271196e-05	2.731162534e+07
6.106407542e-05	2.620170352e+07
6.248788072e-05	2.513688800e+07
6.394488429e-05	2.411534570e+07
6.543586019e-05	2.313531804e+07
6.696160055e-05	2.219511789e+07
6.852291595e-05	2.129312669e+07
7.012063589e-05	2.042779167e+07
7.175560919e-05	1.959762314e+07
7.342870447e-05	1.880119198e+07
7.514081061e-05	1.803712712e+07
7.689283721e-05	1.730411322e+07
7.868571507e-05	1.660088840e+07
8.052039671e-05	1.592624205e+07
8.239785685e-05	1.527901277e+07
8.431909293e-05	1.465808635e+07
8.628512566e-05	1.406239387e+07
8.829699955e-05	1.349090984e+07
9.035578346e-05	1.294265044e+07
9.246257116e-05	1.241667185e+07
9.461848195e-05	1.191206860e+07
9.682466119e-05	1.142797200e+07
9.908228099e-05	1.096354869e+07
1.013925408e-04	1.051799916e+07
1.037566679e-04	1.009055639e+07
1.061759183e-04	9.680484540e+06
1.086515775e-04	9.287077670e+06
1.111849605e-04	8.909658530e+06
1.137774133e-04	8.547577391e+06
1.164303133e-04	8.200210929e+06
1.191450698e-04	7.866961153e+06
1.219231252e-04	7.547254371e+06
1.247659553e-04	7.240540208e+06
1.276750704e-04	6.946290654e+06
1.306520162e-04	6.663999158e+06
1.336983742e-04	6.393179755e+06
1.368157628e-04	6.133366228e+06
1.400058382e-04	5.884111307e+06
1.432702953e-04	5.644985900e+06
1.466108684e-04	5.415578351e+06
1.500293322e-04	5.195493735e+06
1.535275029e-04	4.984353175e+06
1.571072389e-04	4.781793192e+06
1.607704422e-04	4.587465080e+06
1.645190588e-04	4.401034301e+06
1.683550803e-04	4.222179914e+06
1.722805447e-04	4.050594021e+06
1.762975375e-04	3.885981237e+06
1.804081929e-04	3.728058180e+06
1.846146946e-04	3.576552985e+06
1.889192776e-04	3.431204835e+06
1.933242288e-04	3.291763514e+06
1.978318883e-04	3.157988973e+06
2.024446510e-04	3.029650918e+06
2.071649676e-04	2.906528416e+06
2.119953458e-04	2.788409509e+06
2.169383518e-04	2.675090858e+06
2.219966119e-04	2.566377382e+06
2.271728133e-04	2.462081932e+06
2.324697060e-04	2.362024963e+06
2.378901041e-04	2.266034226e+06
2.434368874e-04	2.173944473e+06
2.491130026e-04	2.085597171e+06
2.549214654e-04	2.000840230e+06
2.608653618e-04	1.919527741e+06
2.669478494e-04	1.841519725e+06
2.731721598e-04	1.766681889e+06
2.795415999e-04	1.694885401e+06
2.860595535e-04	1.626006663e+06
2.927294835e-04	1.559927100e+06
2.995549334e-04	1.496532955e+06
3.065395295e-04	1.435715096e+06
3.136869825e-04	1.377368824e+06
3.210010896e-04	1.321393697e+06
3.284857366e-04	1.267693352e+06
3.361449000e-04	1.216175345e+06
3.439826489e-04	1.166750987e+06
3.520031473e-04	1.119335193e+06
3.602106562e-04	1.073846339e+06
3.686095362e-04	1.030206113e+06
3.772042493e-04	9.883393907e+05
3.859993618e-04	9.481740969e+05
3.949995461e-04	9.096410874e+05
4.042095840e-04	8.726740274e+05
4.136343684e-04	8.372092781e+05
4.232789066e-04	8.031857869e+05
4.331483223e-04	7.705449821e+05
4.432478591e-04	7.392306726e+05
4.535828826e-04	7.091889507e+05
4.641588834e-04	6.803680994e+05
4.749814803e-04	6.527185037e+05
4.860564232e-04	6.261925646e+05
4.973895959e-04	6.007446177e+05
5.089870194e-04	5.763308543e+05
5.208548551e-04	5.529092460e+05
5.329994081e-04	5.304394724e+05
5.454271305e-04	5.088828518e+05
5.581446249e-04	4.882022745e+05
5.711586478e-04	4.683621386e+05
5.844761132e-04	4.493282894e+05
5.981040962e-04	4.310679601e+05
6.120498372e-04	4.135497154e+05
6.263207452e-04	3.967433977e+05
6.409244019e-04	3.806200748e+05
6.558685660e-04	3.651519904e+05
6.711611767e-04	3.503125161e+05
6.868103589e-04	3.360761058e+05
7.028244264e-04	3.224182513e+05
7.192118872e-04	3.093154408e+05
7.359814475e-04	2.967451176e+05
7.531420166e-04	2.846856419e+05
7.707027114e-04	2.731162534e+05
7.886728616e-04	2.620170352e+05
8.070620141e-04	2.513688800e+05
8.258799388e-04	2.411534570e+05
8.451366331e-04	2.313531804e+05
8.648423276e-04	2.219511789e+05
8.850074914e-04	2.129312669e+05
9.056428379e-04	2.042779167e+05
9.267593301e-04	1.959762314e+05
9.483681866e-04	1.880119198e+05
9.704808877e-04	1.803712712e+05
9.931091814e-04	1.730411322e+05
1.016265089e-03	1.660088840e+05
1.039960914e-03	1.592624205e+05
1.064209244e-03	1.527901277e+05
1.089022962e-03	1.465808635e+05
1.114415251e-03	1.406239387e+05
1.140399602e-03	1.349090984e+05
1.166989819e-03	1.294265044e+05
1.194200028e-03	1.241667185e+05
1.222044687e-03	1.191206860e+05
1.250538587e-03	1.142797200e+05
1.279696868e-03	1.096354869e+05
1.309535020e-03	1.051799916e+05
1.340068896e-03	1.009055639e+05
1.371314718e-03	9.680484540e+04
1.403289085e-03	9.287077670e+04
1.436008985e-03	8.909658530e+04
1.469491801e-03	8.547577391e+04
1.503755321e-03	8.200210929e+04
1.538817750e-03	7.866961153e+04
1.574697715e-03	7.547254371e+04
1.611414277e-03	7.240540208e+04
1.648986944e-03	6.946290654e+04
1.687435678e-03	6.663999158e+04
1.726780904e-03	6.393179755e+04
1.767043526e-03	6.133366228e+04
1.808244935e-03	5.884111307e+04
1.850407020e-03	5.644985900e+04
1.893552180e-03	5.415578351e+04
1.937703337e-03	5.195493735e+04
1.982883949e-03	4.984353175e+04
2.029118018e-03	4.781793192e+04
2.076430107e-03	4.587465080e+04
2.124845352e-03	4.401034301e+04
2.174389476e-03	4.222179914e+04
2.225088798e-03	4.050594021e+04
2.276970255e-03	3.885981237e+04
2.330061411e-03	3.728058180e+04
2.384390470e-03	3.576552985e+04
2.439986297e-03	3.431204835e+04
2.496878429e-03	3.291763514e+04
2.555097090e-03	3.157988973e+04
2.614673212e-03	3.029650918e+04
2.675638445e-03	2.906528416e+04
2.738025178e-03	2.788409509e+04
2.801866556e-03	2.675090858e+04
2.867196497e-03	2.566377382e+04
2.934049709e-03	2.462081932e+04
3.002461709e-03	2.362024963e+04
3.072468843e-03	2.266034226e+04
3.144108303e-03	2.173944473e+04
3.217418151e-03	2.085597171e+04
3.292437333e-03	2.000840230e+04
3.369205706e-03	1.919527741e+04
3.447764055e-03	1.841519725e+04
3.528154115e-03	1.766681889e+04
3.610418597e-03	1.694885401e+04
3.694601205e-03	1.626006663e+04
3.780746664e-03	1.559927100e+04
3.868900739e-03	1.496532955e+04
3.959110266e-03	1.435715096e+04
4.051423171e-03	1.377368824e+04
4.145888497e-03	1.321393697e+04
4.242556431e-03	1.267693352e+04
4.341478330e-03	1.216175345e+04
4.442706750e-03	1.166750987e+04
4.546295470e-03	1.119335193e+04
4.652299524e-03	1.073846339e+04
4.760775230e-03	1.030206113e+04
4.871780219e-03	9.883393907e+03
4.985373464e-03	9.481740969e+03
5.101615315e-03	9.096410874e+03
5.220567528e-03	8.726740274e+03
5.342293300e-03	8.372092781e+03
5.466857300e-03	8.031857869e+03
5.594325706e-03	7.705449821e+03
5.724766240e-03	7.392306726e+03
5.858248200e-03	7.091889507e+03
5.994842503e-03	6.803680994e+03
6.134621718e-03	6.527185037e+03
6.277660106e-03	6.261925646e+03
6.424033659e-03	6.007446177e+03
6.573820143e-03	5.763308543e+03
6.727099136e-03	5.529092460e+03
6.883952070e-03	5.304394724e+03
7.044462277e-03	5.088828518e+03
7.208715034e-03	4.882022745e+03
7.376797603e-03	4.683621386e+03
7.548799282e-03	4.493282894e+03
7.724811451e-03	4.310679601e+03
7.904927623e-03	4.135497154e+03
8.089243487e-03	3.967433977e+03
8.277856966e-03	3.806200748e+03
8.470868267e-03	3.651519904e+03
8.668379930e-03	3.503125161e+03
8.870496890e-03	3.360761058e+03
9.077326525e-03	3.224182513e+03
9.288978720e-03	3.093154408e+03
9.505565920e-03	2.967451176e+03
9.727203192e-03	2.846856419e+03
9.954008288e-03	2.731162534e+03
1.018610170e-02	2.620170352e+03
1.042360674e-02	2.513688800e+03
1.066664958e-02	2.411534570e+03
1.091535935e-02	2.313531804e+03
1.116986818e-02	2.219511789e+03
1.143031129e-02	2.129312669e+03
1.169682704e-02	2.042779167e+03
1.196955702e-02	1.959762314e+03
1.224864614e-02	1.880119198e+03
1.253424265e-02	1.803712712e+03
1.282649831e-02	1.730411322e+03
1.312556836e-02	1.660088840e+03
1.343161170e-02	1.592624205e+03
1.374479093e-02	1.527901277e+03
1.406527242e-02	1.465808635e+03
1.439322645e-02	1.406239387e+03
1.472882724e-02	1.349090984e+03
1.507225309e-02	1.294265044e+03
1.542368646e-02	1.241667185e+03
1.578331406e-02	1.191206860e+03
1.615132694e-02	1.142797200e+03
1.652792061e-02	1.096354869e+03
1.691329517e-02	1.051799916e+03
1.730765534e-02	1.009055639e+03
1.771121064e-02	9.680484540e+02
1.812417547e-02	9.287077670e+02
1.854676923e-02	8.909658530e+02
1.897921643e-02	8.547577391e+02
1.942174681e-02	8.200210929e+02
1.987459550e-02	7.866961153e+02
2.033800306e-02	7.547254371e+02
2.081221570e-02	7.240540208e+02
2.129748536e-02	6.946290654e+02
2.179406984e-02	6.663999158e+02
2.230223298e-02	6.393179755e+02
2.282224474e-02	6.133366228e+02
2.335438140e-02	5.884111307e+02
2.389892566e-02	5.644985900e+02
2.445616683e-02	5.415578351e+02
2.502640096e-02	5.195493735e+02
2.560993100e-02	4.984353175e+02
2.620706696e-02	4.781793192e+02
2.681812609e-02	4.587465080e+02
2.744343303e-02	4.401034301e+02
2.808331999e-02	4.222179914e+02
2.873812692e-02	4.050594021e+02
2.940820171e-02	3.885981237e+02
3.009390034e-02	3.728058180e+02
3.079558713e-02	3.576552985e+02
3.151363485e-02	3.431204835e+02
3.224842498e-02	3.291763514e+02
3.300034791e-02	3.157988973e+02
3.376980311e-02	3.029650918e+02
3.455719937e-02	2.906528416e+02
3.536295501e-02	2.788409509e+02
3.618749812e-02	2.675090858e+02
3.703126676e-02	2.566377382e+02
3.789470919e-02	2.462081932e+02
3.877828415e-02	2.362024963e+02
3.968246105e-02	2.266034226e+02
4.060772026e-02	2.173944473e+02
4.155455335e-02	2.085597171e+02
4.252346335e-02	2.000840230e+02
4.351496501e-02	1.919527741e+02
4.452958510e-02	1.841519725e+02
4.556786266e-02	1.766681889e+02
4.663034930e-02	1.694885401e+02
4.771760949e-02	1.626006663e+02
4.883022087e-02	1.559927100e+02
4.996877454e-02	1.496532955e+02
5.113387538e-02	1.435715096e+02
5.232614239e-02	1.377368824e+02
5.354620899e-02	1.321393697e+02
5.479472337e-02	1.267693352e+02
5.607234883e-02	1.216175345e+02
5.737976414e-02	1.166750987e+02
5.871766391e-02	1.119335193e+02
6.008675892e-02	1.073846339e+02
6.148777654e-02	1.030206113e+02
6.292146110e-02	9.883393907e+01
6.438857427e-02	9.481740969e+01
6.588989551e-02	9.096410874e+01
6.742622242e-02	8.726740274e+01
6.899837121e-02	8.372092781e+01
7.060717714e-02	8.031857869e+01
7.225349492e-02	7.705449821e+01
7.393819919e-02	7.392306726e+01
7.566218500e-02	7.091889507e+01
7.742636827e-02	6.803680994e+01
7.923168625e-02	6.527185037e+01
8.107909807e-02	6.261925646e+01
8.296958521e-02	6.007446177e+01
8.490415204e-02	5.763308543e+01
8.688382635e-02	5.529092460e+01
8.890965990e-02	5.304394724e+01
9.098272894e-02	5.088828518e+01
9.310413487e-02	4.882022745e+01
9.527500472e-02	4.683621386e+01
9.749649183e-02	4.493282894e+01
9.976977642e-02	4.310679601e+01
1.020960662e-01	4.135497154e+01
1.044765972e-01	3.967433977e+01
1.069126339e-01	3.806200748e+01
1.094054707e-01	3.651519904e+01
1.119564319e-01	3.503125161e+01
1.145668729e-01	3.360761058e+01
1.172381803e-01	3.224182513e+01
1.199717735e-01	3.093154408e+01
1.227691048e-01	2.967451176e+01
1.256316602e-01	2.846856419e+01
1.285609607e-01	2.731162534e+01
1.315585624e-01	2.620170352e+01
1.346260579e-01	2.513688800e+01
1.377650770e-01	2.411534570e+01
1.409772872e-01	2.313531804e+01
1.442643951e-01	2.219511789e+01
1.476281472e-01	2.129312669e+01
1.510703304e-01	2.042779167e+01
1.545927736e-01	1.959762314e+01
1.581973482e-01	1.880119198e+01
1.618859690e-01	1.803712712e+01
1.656605959e-01	1.730411322e+01
1.695232342e-01	1.660088840e+01
1.734759359e-01	1.592624205e+01
1.775208012e-01	1.527901277e+01
1.816599788e-01	1.465808635e+01
1.858956680e-01	1.406239387e+01
1.902301189e-01	1.349090984e+01
1.946656343e-01	1.294265044e+01
1.992045708e-01	1.241667185e+01
2.038493398e-01	1.191206860e+01
2.086024089e-01	1.142797200e+01
2.134663033e-01	1.096354869e+01
2.184436071e-01	1.051799916e+01
2.235369646e-01	1.009055639e+01
2.287490817e-01	9.680484540e+00
2.340827276e-01	9.287077670e+00
2.395407359e-01	8.909658530e+00
2.451260062e-01	8.547577391e+00
2.508415059e-01	8.200210929e+00
2.566902715e-01	7.866961153e+00
2.626754104e-01	7.547254371e+00
2.688001022e-01	7.240540208e+00
2.750676008e-01	6.946290654e+00
2.814812361e-01	6.663999158e+00
2.880444153e-01	6.393179755e+00
2.947606255e-01	6.133366228e+00
3.016334347e-01	5.884111307e+00
3.086664943e-01	5.644985900e+00
3.158635408e-01	5.415578351e+00
3.232283978e-01	5.195493735e+00
3.307649781e-01	4.984353175e+00
3.384772856e-01	4.781793192e+00
3.463694177e-01	4.587465080e+00
3.544455674e-01	4.401034301e+00
3.627100252e-01	4.222179914e+00
3.711671819e-01	4.050594021e+00
3.798215306e-01	3.885981237e+00
3.886776691e-01	3.728058180e+00
3.977403024e-01	3.576552985e+00
4.070142453e-01	3.431204835e+00
4.165044249e-01	3.291763514e+00
4.262158829e-01	3.157988973e+00
4.361537789e-01	3.029650918e+00
4.463233927e-01	2.906528416e+00
4.567301270e-01	2.788409509e+00
4.673795108e-01	2.675090858e+00
4.782772018e-01	2.566377382e+00
4.894289896e-01	2.462081932e+00
5.008407990e-01	2.362024963e+00
5.125186927e-01	2.266034226e+00
5.244688749e-01	2.173944473e+00
5.366976946e-01	2.085597171e+00
5.492116484e-01	2.000840230e+00
5.620173848e-01	1.919527741e+00
5.751217072e-01	1.841519725e+00
5.885315775e-01	1.766681889e+00
6.022541201e-01	1.694885401e+00
6.162966255e-01	1.626006663e+00
6.306665541e-01	1.559927100e+00
6.453715402e-01	1.496532955e+00
6.604193962e-01	1.435715096e+00
6.758181168e-01	1.693168244e+00
6.915758829e-01	1.658406936e+00
7.077010661e-01	1.624359290e+00
7.242022335e-01	1.591010653e+00
7.410881516e-01	1.558346674e+00
7.583677915e-01	1.526353298e+00
7.760503335e-01	1.495016757e+00
7.941451719e-01	1.464323565e+00
8.126619200e-01	1.434260515e+00
8.316104153e-01	1.404814669e+00
8.510007247e-01	1.375973356e+00
8.708431498e-01	1.347724165e+00
8.911482323e-01	1.320054939e+00
9.119267598e-01	1.292953772e+00
9.331897716e-01	1.266409000e+00
9.549485640e-01	1.240409202e+00
9.772146970e-01	1.214943188e+00
1.000000000e+00	1.190000000e+00
#################################
1.000000000e-10	5.334444329e+17
1.023316578e-10	5.117656932e+17
1.047176819e-10	4.909679595e+17
1.071593400e-10	4.710154285e+17
1.096579291e-10	4.518737518e+17
1.122147768e-10	4.335099770e+17
1.148312415e-10	4.158924908e+17
1.175087131e-10	3.989909647e+17
1.202486142e-10	3.827763025e+17
1.230524004e-10	3.672205908e+17
1.259215614e-10	3.522970503e+17
1.288576213e-10	3.379799901e+17
1.318621401e-10	3.242447634e+17
1.349367141e-10	3.110677249e+17
1.380829765e-10	2.984261904e+17
1.413025991e-10	2.862983973e+17
1.445972922e-10	2.746634677e+17
1.479688063e-10	2.635013720e+17
1.514189325e-10	2.527928946e+17
1.549495039e-10	2.425196008e+17
1.585623962e-10	2.326638052e+17
1.622595287e-10	2.232085410e+17
1.660428657e-10	2.141375309e+17
1.699144172e-10	2.054351591e+17
1.738762400e-10	1.970864445e+17
1.779304390e-10	1.890770147e+17
1.820791680e-10	1.813930815e+17
1.863246312e-10	1.740214170e+17
1.906690841e-10	1.669493308e+17
1.951148347e-10	1.601646484e+17
1.996642450e-10	1.536556898e+17
2.043197320e-10	1.474112499e+17
2.090837691e-10	1.414205789e+17
2.139588871e-10	1.356733637e+17
2.189476763e-10	1.301597107e+17
2.240527869e-10	1.248701279e+17
2.292769313e-10	1.197955094e+17
2.346228848e-10	1.149271191e+17
2.400934877e-10	1.102565763e+17
2.456916463e-10	1.057758404e+17
2.514203348e-10	1.014771979e+17
2.572825967e-10	9.735324865e+16
2.632815466e-10	9.339689330e+16
2.694203714e-10	8.960132096e+16
2.757023326e-10	8.595999753e+16
2.821307676e-10	8.246665446e+16
2.887090917e-10	7.911527797e+16
2.954407999e-10	7.590009863e+16
3.023294684e-10	7.281558152e+16
3.093787572e-10	6.985641663e+16
3.165924112e-10	6.701750975e+16
3.239742630e-10	6.429397369e+16
3.315282342e-10	6.168111988e+16
3.392583383e-10	5.917445029e+16
3.471686819e-10	5.676964967e+16
3.552634677e-10	5.446257815e+16
3.635469961e-10	5.224926411e+16
3.720236681e-10	5.012589731e+16
3.806979871e-10	4.808882239e+16
3.895745616e-10	4.613453250e+16
3.986581074e-10	4.425966333e+16
4.079534503e-10	4.246098729e+16
4.174655289e-10	4.073540795e+16
4.271993966e-10	3.907995473e+16
4.371602248e-10	3.749177776e+16
4.473533054e-10	3.596814298e+16
4.577840538e-10	3.450642745e+16
4.684580116e-10	3.310411484e+16
4.793808495e-10	3.175879105e+16
4.905583706e-10	3.046814010e+16
5.019965133e-10	2.922994013e+16
5.137013543e-10	2.804205959e+16
5.256791122e-10	2.690245353e+16
5.379361504e-10	2.580916011e+16
5.504789808e-10	2.476029723e+16
5.633142671e-10	2.375405927e+16
5.764488283e-10	2.278871399e+16
5.898896426e-10	2.186259953e+16
6.036438506e-10	2.097412161e+16
6.177187597e-10	2.012175069e+16
6.321218476e-10	1.930401941e+16
6.468607662e-10	1.851952006e+16
6.619433459e-10	1.776690211e+16
6.773775998e-10	1.704486994e+16
6.931717276e-10	1.635218055e+16
7.093341205e-10	1.568764148e+16
7.258733651e-10	1.505010873e+16
7.427982483e-10	1.443848478e+16
7.601177618e-10	1.385171673e+16
7.778411071e-10	1.328879444e+16
7.959777002e-10	1.274874885e+16
8.145371766e-10	1.223065026e+16
8.335293965e-10	1.173360677e+16
8.529644500e-10	1.125676271e+16
8.728526624e-10	1.079929720e+16
8.932045999e-10	1.036042272e+16
9.140310749e-10	9.939383722e+15
9.353431520e-10	9.535455404e+15
9.571521539e-10	9.147942399e+15
9.794696671e-10	8.776177601e+15
1.002307548e-09	8.419521016e+15
1.025677931e-09	8.077358659e+15
1.049593231e-09	7.749101497e+15
1.074066153e-09	7.434184434e+15
1.099109701e-09	7.132065339e+15
1.124737178e-09	6.842224114e+15
1.150962201e-09	6.564161796e+15
1.177798701e-09	6.297399701e+15
1.205260937e-09	6.041478596e+15
1.233363498e-09	5.795957912e+15
1.262121315e-09	5.560414986e+15
1.291549665e-09	5.334444329e+15
1.321664184e-09	5.117656932e+15
1.352480870e-09	4.909679595e+15
1.384016097e-09	4.710154285e+15
1.416286616e-09	4.518737518e+15
1.449309574e-09	4.335099770e+15
1.483102514e-09	4.158924908e+15
1.517683390e-09	3.989909647e+15
1.553070574e-09	3.827763025e+15
1.589282866e-09	3.672205908e+15
1.626339504e-09	3.522970503e+15
1.664260176e-09	3.379799901e+15
1.703065029e-09	3.242447634e+15
1.742774678e-09	3.110677249e+15
1.783410221e-09	2.984261904e+15
1.824993245e-09	2.862983973e+15
1.867545843e-09	2.746634677e+15
1.911090622e-09	2.635013720e+15
1.955650716e-09	2.527928946e+15
2.001249799e-09	2.425196008e+15
2.047912097e-09	2.326638052e+15
2.095662399e-09	2.232085410e+15
2.144526076e-09	2.141375309e+15
2.194529086e-09	2.054351591e+15
2.245697996e-09	1.970864445e+15
2.298059989e-09	1.890770147e+15
2.351642884e-09	1.813930815e+15
2.406475150e-09	1.740214170e+15
2.462585916e-09	1.669493308e+15
2.520004994e-09	1.601646484e+15
2.578762888e-09	1.536556898e+15
2.638890814e-09	1.474112499e+15
2.700420719e-09	1.414205789e+15
2.763385290e-09	1.356733637e+15
2.827817980e-09	1.301597107e+15
2.893753019e-09	1.248701279e+15
2.961225438e-09	1.197955094e+15
3.030271083e-09	1.149271191e+15
3.100926636e-09	1.102565763e+15
3.173229635e-09	1.057758404e+15
3.247218492e-09	1.014771979e+15
3.322932516e-09	9.735324865e+14
3.400411933e-09	9.339689330e+14
3.479697904e-09	8.960132096e+14
3.560832553e-09	8.595999753e+14
3.643858984e-09	8.246665446e+14
3.728821307e-09	7.911527797e+14
3.815764661e-09	7.590009863e+14
3.904735237e-09	7.281558152e+14
3.995780302e-09	6.985641663e+14
4.088948226e-09	6.701750975e+14
4.184288508e-09	6.429397369e+14
4.281851799e-09	6.168111988e+14
4.381689932e-09	5.917445029e+14
4.483855948e-09	5.676964967e+14
4.588404126e-09	5.446257815e+14
4.695390011e-09	5.224926411e+14
4.804870440e-09	5.012589731e+14
4.916903578e-09	4.808882239e+14
5.031548945e-09	4.613453250e+14
5.148867450e-09	4.425966333e+14
5.268921421e-09	4.246098729e+14
5.391774640e-09	4.073540795e+14
5.517492376e-09	3.907995473e+14
5.646141419e-09	3.749177776e+14
5.777790118e-09	3.596814298e+14
5.912508414e-09	3.450642745e+14
6.050367879e-09	3.310411484e+14
6.191441756e-09	3.175879105e+14
6.335804993e-09	3.046814010e+14
6.483534286e-09	2.922994013e+14
6.634708121e-09	2.804205959e+14
6.789406813e-09	2.690245353e+14
6.947712548e-09	2.580916011e+14
7.109709432e-09	2.476029723e+14
7.275483529e-09	2.375405927e+14
7.445122911e-09	2.278871399e+14
7.618717702e-09	2.186259953e+14
7.796360130e-09	2.097412161e+14
7.978144572e-09	2.012175069e+14
8.164167605e-09	1.930401941e+14
8.354528058e-09	1.851952006e+14
8.549327066e-09	1.776690211e+14
8.748668120e-09	1.704486994e+14
8.952657126e-09	1.635218055e+14
9.161402457e-09	1.568764148e+14
9.375015015e-09	1.505010873e+14
9.593608287e-09	1.443848478e+14
9.817298406e-09	1.385171673e+14
1.004620421e-08	1.328879444e+14
1.028044732e-08	1.274874885e+14
1.052015218e-08	1.223065026e+14
1.076544613e-08	1.173360677e+14
1.101645950e-08	1.125676271e+14
1.127332564e-08	1.079929720e+14
1.153618102e-08	1.036042272e+14
1.180516529e-08	9.939383722e+13
1.208042135e-08	9.535455404e+13
1.236209544e-08	9.147942399e+13
1.265033720e-08	8.776177601e+13
1.294529978e-08	8.419521016e+13
1.324713988e-08	8.077358659e+13
1.355601785e-08	7.749101497e+13
1.387209781e-08	7.434184434e+13
1.419554766e-08	7.132065339e+13
1.452653926e-08	6.842224114e+13
1.486524845e-08	6.564161796e+13
1.521185518e-08	6.297399701e+13
1.556654359e-08	6.041478596e+13
1.592950213e-08	5.795957912e+13
1.630092361e-08	5.560414986e+13
1.668100537e-08	5.334444329e+13
1.706994934e-08	5.117656932e+13
1.746796215e-08	4.909679595e+13
1.787525526e-08	4.710154285e+13
1.829204505e-08	4.518737518e+13
1.871855295e-08	4.335099770e+13
1.915500556e-08	4.158924908e+13
1.960163474e-08	3.989909647e+13
2.005867780e-08	3.827763025e+13
2.052637753e-08	3.672205908e+13
2.100498242e-08	3.522970503e+13
2.149474673e-08	3.379799901e+13
2.199593068e-08	3.242447634e+13
2.250880052e-08	3.110677249e+13
2.303362873e-08	2.984261904e+13
2.357069414e-08	2.862983973e+13
2.412028208e-08	2.746634677e+13
2.468268452e-08	2.635013720e+13
2.525820027e-08	2.527928946e+13
2.584713507e-08	2.425196008e+13
2.644980182e-08	2.326638052e+13
2.706652070e-08	2.232085410e+13
2.769761935e-08	2.141375309e+13
2.834343306e-08	2.054351591e+13
2.900430494e-08	1.970864445e+13
2.968058609e-08	1.890770147e+13
3.037263580e-08	1.813930815e+13
3.108082174e-08	1.740214170e+13
3.180552015e-08	1.669493308e+13
3.254711606e-08	1.601646484e+13
3.330600344e-08	1.536556898e+13
3.408258547e-08	1.474112499e+13
3.487727475e-08	1.414205789e+13
3.569049346e-08	1.356733637e+13
3.652267364e-08	1.301597107e+13
3.737425742e-08	1.248701279e+13
3.824569722e-08	1.197955094e+13
3.913745602e-08	1.149271191e+13
4.005000758e-08	1.102565763e+13
4.098383672e-08	1.057758404e+13
4.193943956e-08	1.014771979e+13
4.291732378e-08	9.735324865e+12
4.391800893e-08	9.339689330e+12
4.494202662e-08	8.960132096e+12
4.598992091e-08	8.595999753e+12
4.706224850e-08	8.246665446e+12
4.815957910e-08	7.911527797e+12
4.928249570e-08	7.590009863e+12
5.043159487e-08	7.281558152e+12
5.160748710e-08	6.985641663e+12
5.281079712e-08	6.701750975e+12
5.404216421e-08	6.429397369e+12
5.530224256e-08	6.168111988e+12
5.659170163e-08	5.917445029e+12
5.791122648e-08	5.676964967e+12
5.926151812e-08	5.446257815e+12
6.064329395e-08	5.224926411e+12
6.205728807e-08	5.012589731e+12
6.350425169e-08	4.808882239e+12
6.498495354e-08	4.613453250e+12
6.650018030e-08	4.425966333e+12
6.805073697e-08	4.246098729e+12
6.963744731e-08	4.073540795e+12
7.126115430e-08	3.907995473e+12
7.292272059e-08	3.749177776e+12
7.462302891e-08	3.596814298e+12
7.636298261e-08	3.450642745e+12
7.814350608e-08	3.310411484e+12
7.996554526e-08	3.175879105e+12
8.183006816e-08	3.046814010e+12
8.373806535e-08	2.922994013e+12
8.569055051e-08	2.804205959e+12
8.768856095e-08	2.690245353e+12
8.973315815e-08	2.580916011e+12
9.182542836e-08	2.476029723e+12
9.396648315e-08	2.375405927e+12
9.615746001e-08	2.278871399e+12
9.839952296e-08	2.186259953e+12
1.006938631e-07	2.097412161e+12
1.030416995e-07	2.012175069e+12
1.054442794e-07	1.930401941e+12
1.079028792e-07	1.851952006e+12
1.104188051e-07	1.776690211e+12
1.129933938e-07	1.704486994e+12
1.156280131e-07	1.635218055e+12
1.183240627e-07	1.568764148e+12
1.210829750e-07	1.505010873e+12
1.239062157e-07	1.443848478e+12
1.267952847e-07	1.385171673e+12
1.297517169e-07	1.328879444e+12
1.327770829e-07	1.274874885e+12
1.358729902e-07	1.223065026e+12
1.390410834e-07	1.173360677e+12
1.422830457e-07	1.125676271e+12
1.456005995e-07	1.079929720e+12
1.489955073e-07	1.036042272e+12
1.524695727e-07	9.939383722e+11
1.560246414e-07	9.535455404e+11
1.596626022e-07	9.147942399e+11
1.633853878e-07	8.776177601e+11
1.671949760e-07	8.419521016e+11
1.710933907e-07	8.077358659e+11
1.750827032e-07	7.749101497e+11
1.791650327e-07	7.434184434e+11
1.833425483e-07	7.132065339e+11
1.876174691e-07	6.842224114e+11
1.919920666e-07	6.564161796e+11
1.964686646e-07	6.297399701e+11
2.010496416e-07	6.041478596e+11
2.057374313e-07	5.795957912e+11
2.105345243e-07	5.560414986e+11
2.154434690e-07	5.334444329e+11
2.204668735e-07	5.117656932e+11
2.256074066e-07	4.909679595e+11
2.308677994e-07	4.710154285e+11
2.362508465e-07	4.518737518e+11
2.417594079e-07	4.335099770e+11
2.473964101e-07	4.158924908e+11
2.531648479e-07	3.989909647e+11
2.590677859e-07	3.827763025e+11
2.651083602e-07	3.672205908e+11
2.712897800e-07	3.522970503e+11
2.776153294e-07	3.379799901e+11
2.840883690e-07	3.242447634e+11
2.907123377e-07	3.110677249e+11
2.974907547e-07	2.984261904e+11
3.044272212e-07	2.862983973e+11
3.115254224e-07	2.746634677e+11
3.187891293e-07	2.635013720e+11
3.262222010e-07	2.527928946e+11
3.338285865e-07	2.425196008e+11
3.416123269e-07	2.326638052e+11
3.495775574e-07	2.232085410e+11
3.577285099e-07	2.141375309e+11
3.660695148e-07	2.054351591e+11
3.746050033e-07	1.970864445e+11
3.833395102e-07	1.890770147e+11
3.922776759e-07	1.813930815e+11
4.014242490e-07	1.740214170e+11
4.107840890e-07	1.669493308e+11
4.203621684e-07	1.601646484e+11
4.301635758e-07	1.536556898e+11
4.401935185e-07	1.474112499e+11
4.504573252e-07	1.414205789e+11
4.609604487e-07	1.356733637e+11
4.717084691e-07	1.301597107e+11
4.827070966e-07	1.248701279e+11
4.939621744e-07	1.197955094e+11
5.054796821e-07	1.149271191e+11
5.172657387e-07	1.102565763e+11
5.293266058e-07	1.057758404e+11
5.416686911e-07	1.014771979e+11
5.542985516e-07	9.735324865e+10
5.672228972e-07	9.339689330e+10
5.804485943e-07	8.960132096e+10
5.939826694e-07	8.595999753e+10
6.078323128e-07	8.246665446e+10
6.220048826e-07	7.911527797e+10
6.365079081e-07	7.590009863e+10
6.513490946e-07	7.281558152e+10
6.665363268e-07	6.985641663e+10
6.820776733e-07	6.701750975e+10
6.979813908e-07	6.429397369e+10
7.142559286e-07	6.168111988e+10
7.309099329e-07	5.917445029e+10
7.479522516e-07	5.676964967e+10
7.653919388e-07	5.446257815e+10
7.832382599e-07	5.224926411e+10
8.015006962e-07	5.012589731e+10
8.201889499e-07	4.808882239e+10
8.393129498e-07	4.613453250e+10
8.588828560e-07	4.425966333e+10
8.789090653e-07	4.246098729e+10
8.994022174e-07	4.073540795e+10
9.203731997e-07	3.907995473e+10
9.418331535e-07	3.749177776e+10
9.637934800e-07	3.596814298e+10
9.862658461e-07	3.450642745e+10
1.009262191e-06	3.310411484e+10
1.032794732e-06	3.175879105e+10
1.056875971e-06	3.046814010e+10
1.081518703e-06	2.922994013e+10
1.106736018e-06	2.804205959e+10
1.132541315e-06	2.690245353e+10
1.158948303e-06	2.580916011e+10
1.185971012e-06	2.476029723e+10
1.213623798e-06	2.375405927e+10
1.241921353e-06	2.278871399e+10
1.270878709e-06	2.186259953e+10
1.300511252e-06	2.097412161e+10
1.330834725e-06	2.012175069e+10
1.361865237e-06	1.930401941e+10
1.393619274e-06	1.851952006e+10
1.426113707e-06	1.776690211e+10
1.459365799e-06	1.704486994e+10
1.493393216e-06	1.635218055e+10
1.528214036e-06	1.568764148e+10
1.563846758e-06	1.505010873e+10
1.600310314e-06	1.443848478e+10
1.637624075e-06	1.385171673e+10
1.675807865e-06	1.328879444e+10
1.714881970e-06	1.274874885e+10
1.754867150e-06	1.223065026e+10
1.795784647e-06	1.173360677e+10
1.837656200e-06	1.125676271e+10
1.880504055e-06	1.079929720e+10
1.924350975e-06	1.036042272e+10
1.969220255e-06	9.939383722e+09
2.015135734e-06	9.535455404e+09
2.062121804e-06	9.147942399e+09
2.110203429e-06	8.776177601e+09
2.159406152e-06	8.419521016e+09
2.209756115e-06	8.077358659e+09
2.261280066e-06	7.749101497e+09
2.314005380e-06	7.434184434e+09
2.367960068e-06	7.132065339e+09
2.423172794e-06	6.842224114e+09
2.479672893e-06	6.564161796e+09
2.537490380e-06	6.297399701e+09
2.596655973e-06	6.041478596e+09
2.657201105e-06	5.795957912e+09
2.719157943e-06	5.560414986e+09
2.782559402e-06	5.334444329e+09
2.847439166e-06	5.117656932e+09
2.913831705e-06	4.909679595e+09
2.981772290e-06	4.710154285e+09
3.051297017e-06	4.518737518e+09
3.122442823e-06	4.335099770e+09
3.195247506e-06	4.158924908e+09
3.269749745e-06	3.989909647e+09
3.345989121e-06	3.827763025e+09
3.424006138e-06	3.672205908e+09
3.503842245e-06	3.522970503e+09
3.585539857e-06	3.379799901e+09
3.669142378e-06	3.242447634e+09
3.754694224e-06	3.110677249e+09
3.842240846e-06	2.984261904e+09
3.931828756e-06	2.862983973e+09
4.023505549e-06	2.746634677e+09
4.117319931e-06	2.635013720e+09
4.213321744e-06	2.527928946e+09
4.311561990e-06	2.425196008e+09
4.412092863e-06	2.326638052e+09
4.514967772e-06	2.232085410e+09
4.620241372e-06	2.141375309e+09
4.727969592e-06	2.054351591e+09
4.838209665e-06	1.970864445e+09
4.951020160e-06	1.890770147e+09
5.066461009e-06	1.813930815e+09
5.184593544e-06	1.740214170e+09
5.305480525e-06	1.669493308e+09
5.429186178e-06	1.601646484e+09
5.555776222e-06	1.536556898e+09
5.685317914e-06	1.474112499e+09
5.817880074e-06	1.414205789e+09
5.953533131e-06	1.356733637e+09
6.092349152e-06	1.301597107e+09
6.234401889e-06	1.248701279e+09
6.379766809e-06	1.197955094e+09
6.528521141e-06	1.149271191e+09
6.680743916e-06	1.102565763e+09
6.836516005e-06	1.057758404e+09
6.995920165e-06	1.014771979e+09
7.159041086e-06	9.735324865e+08
7.325965428e-06	9.339689330e+08
7.496781875e-06	8.960132096e+08
7.671581177e-06	8.595999753e+08
7.850456200e-06	8.246665446e+08
8.033501977e-06	7.911527797e+08
8.220815755e-06	7.590009863e+08
8.412497050e-06	7.281558152e+08
8.608647696e-06	6.985641663e+08
8.809371904e-06	6.701750975e+08
9.014776315e-06	6.429397369e+08
9.224970053e-06	6.168111988e+08
9.440064789e-06	5.917445029e+08
9.660174800e-06	5.676964967e+08
9.885417022e-06	5.446257815e+08
1.011591112e-05	5.224926411e+08
1.035177956e-05	5.012589731e+08
1.059314764e-05	4.808882239e+08
1.084014359e-05	4.613453250e+08
1.109289865e-05	4.425966333e+08
1.135154709e-05	4.246098729e+08
1.161622633e-05	4.073540795e+08
1.188707698e-05	3.907995473e+08
1.216424294e-05	3.749177776e+08
1.244787146e-05	3.596814298e+08
1.273811323e-05	3.450642745e+08
1.303512245e-05	3.310411484e+08
1.333905690e-05	3.175879105e+08
1.365007807e-05	3.046814010e+08
1.396835118e-05	2.922994013e+08
1.429404533e-05	2.804205959e+08
1.462733356e-05	2.690245353e+08
1.496839293e-05	2.580916011e+08
1.531740464e-05	2.476029723e+08
1.567455410e-05	2.375405927e+08
1.604003107e-05	2.278871399e+08
1.641402971e-05	2.186259953e+08
1.679674872e-05	2.097412161e+08
1.718839143e-05	2.012175069e+08
1.758916590e-05	1.930401941e+08
1.799928507e-05	1.851952006e+08
1.841896681e-05	1.776690211e+08
1.884843409e-05	1.704486994e+08
1.928791508e-05	1.635218055e+08
1.973764326e-05	1.568764148e+08
2.019785757e-05	1.505010873e+08
2.066880250e-05	1.443848478e+08
2.115072825e-05	1.385171673e+08
2.164389086e-05	1.328879444e+08
2.214855234e-05	1.274874885e+08
2.266498079e-05	1.223065026e+08
2.319345059e-05	1.173360677e+08
2.373424250e-05	1.125676271e+08
2.428764382e-05	1.079929720e+08
2.485394857e-05	1.036042272e+08
2.543345761e-05	9.939383722e+07
2.602647882e-05	9.535455404e+07
2.663332725e-05	9.147942399e+07
2.725432531e-05	8.776177601e+07
2.788980292e-05	8.419521016e+07
2.854009770e-05	8.077358659e+07
2.920555512e-05	7.749101497e+07
2.988652874e-05	7.434184434e+07
3.058338032e-05	7.132065339e+07
3.129648011e-05	6.842224114e+07
3.202620694e-05	6.564161796e+07
3.277294850e-05	6.297399701e+07
3.353710152e-05	6.041478596e+07
3.431907197e-05	5.795957912e+07
3.511927530e-05	5.560414986e+07
3.593813664e-05	5.334444329e+07
3.677609102e-05	5.117656932e+07
3.763358362e-05	4.909679595e+07
3.851107002e-05	4.710154285e+07
3.940901640e-05	4.518737518e+07
4.032789982e-05	4.335099770e+07
4.126820846e-05	4.158924908e+07
4.223044187e-05	3.989909647e+07
4.321511128e-05	3.827763025e+07
4.422273981e-05	3.672205908e+07
4.525386278e-05	3.522970503e+07
4.630902802e-05	3.379799901e+07
4.738879610e-05	3.242447634e+07
4.849374067e-05	3.110677249e+07
4.962444878e-05	2.984261904e+07
5.078152112e-05	2.862983973e+07
5.196557244e-05	2.746634677e+07
5.317723178e-05	2.635013720e+07
5.441714287e-05	2.527928946e+07
5.568596444e-05	2.425196008e+07
5.698437059e-05	2.326638052e+07
5.831305114e-05	2.232085410e+07
5.967271196e-05	2.141375309e+07
6.106407542e-05	2.054351591e+07
6.248788072e-05	1.970864445e+07
6.394488429e-05	1.890770147e+07
6.543586019e-05	1.813930815e+07
6.696160055e-05	1.740214170e+07
6.852291595e-05	1.669493308e+07
7.012063589e-05	1.601646484e+07
7.175560919e-05	1.536556898e+07
7.342870447e-05	1.474112499e+07
7.514081061e-05	1.414205789e+07
7.689283721e-05	1.356733637e+07
7.868571507e-05	1.301597107e+07
8.052039671e-05	1.248701279e+07
8.239785685e-05	1.197955094e+07
8.431909293e-05	1.149271191e+07
8.628512566e-05	1.102565763e+07
8.829699955e-05	1.057758404e+07
9.035578346e-05	1.014771979e+07
9.246257116e-05	9.735324865e+06
9.461848195e-05	9.339689330e+06
9.682466119e-05	8.960132096e+06
9.908228099e-05	8.595999753e+06
1.013925408e-04	8.246665446e+06
1.037566679e-04	7.911527797e+06
1.061759183e-04	7.590009863e+06
1.086515775e-04	7.281558152e+06
1.111849605e-04	6.985641663e+06
1.137774133e-04	6.701750975e+06
1.164303133e-04	6.429397369e+06
1.191450698e-04	6.168111988e+06
1.219231252e-04	5.917445029e+06
1.247659553e-04	5.676964967e+06
1.276750704e-04	5.446257815e+06
1.306520162e-04	5.224926411e+06
1.336983742e-04	5.012589731e+06
1.368157628e-04	4.808882239e+06
1.400058382e-04	4.613453250e+06
1.432702953e-04	4.425966333e+06
1.466108684e-04	4.246098729e+06
1.500293322e-04	4.073540795e+06
1.535275029e-04	3.907995473e+06
1.571072389e-04	3.749177776e+06
1.607704422e-04	3.596814298e+06
1.645190588e-04	3.450642745e+06
1.683550803e-04	3.310411484e+06
1.722805447e-04	3.175879105e+06
1.762975375e-04	3.046814010e+06
1.804081929e-04	2.922994013e+06
1.846146946e-04	2.804205959e+06
1.889192776e-04	2.690245353e+06
1.933242288e-04	2.580916011e+06
1.978318883e-04	2.476029723e+06
2.024446510e-04	2.375405927e+06
2.071649676e-04	2.278871399e+06
2.119953458e-04	2.186259953e+06
2.169383518e-04	2.097412161e+06
2.219966119e-04	2.012175069e+06
2.271728133e-04	1.930401941e+06
2.324697060e-04	1.851952006e+06
2.378901041e-04	1.776690211e+06
2.434368874e-04	1.704486994e+06
2.491130026e-04	1.635218055e+06
2.549214654e-04	1.568764148e+06
2.608653618e-04	1.505010873e+06
2.669478494e-04	1.443848478e+06
2.731721598e-04	1.385171673e+06
2.795415999e-04	1.328879444e+06
2.860595535e-04	1.274874885e+06
2.927294835e-04	1.223065026e+06
2.995549334e-04	1.173360677e+06
3.065395295e-04	1.125676271e+06
3.136869825e-04	1.079929720e+06
3.210010896e-04	1.036042272e+06
3.284857366e-04	9.939383722e+05
3.361449000e-04	9.535455404e+05
3.439826489e-04	9.147942399e+05
3.520031473e-04	8.776177601e+05
3.602106562e-04	8.419521016e+05
3.686095362e-04	8.077358659e+05
3.772042493e-04	7.749101497e+05
3.859993618e-04	7.434184434e+05
3.949995461e-04	7.132065339e+05
4.042095840e-04	6.842224114e+05
4.136343684e-04	6.564161796e+05
4.232789066e-04	6.297399701e+05
4.331483223e-04	6.041478596e+05
4.432478591e-04	5.795957912e+05
4.535828826e-04	5.560414986e+05
4.641588834e-04	5.334444329e+05
4.749814803e-04	5.117656932e+05
4.860564232e-04	4.909679595e+05
4.973895959e-04	4.710154285e+05
5.089870194e-04	4.518737518e+05
5.208548551e-04	4.335099770e+05
5.329994081e-04	4.158924908e+05
5.454271305e-04	3.989909647e+05
5.581446249e-04	3.827763025e+05
5.711586478e-04	3.672205908e+05
5.844761132e-04	3.522970503e+05
5.981040962e-04	3.379799901e+05
6.120498372e-04	3.242447634e+05
6.263207452e-04	3.110677249e+05
6.409244019e-04	2.984261904e+05
6.558685660e-04	2.862983973e+05
6.711611767e-04	2.746634677e+05
6.868103589e-04	2.635013720e+05
7.028244264e-04	2.527928946e+05
7.192118872e-04	2.425196008e+05
7.359814475e-04	2.326638052e+05
7.531420166e-04	2.232085410e+05
7.707027114e-04	2.141375309e+05
7.886728616e-04	2.054351591e+05
8.070620141e-04	1.970864445e+05
8.258799388e-04	1.890770147e+05
8.451366331e-04	1.813930815e+05
8.648423276e-04	1.740214170e+05
8.850074914e-04	1.669493308e+05
9.056428379e-04	1.601646484e+05
9.267593301e-04	1.536556898e+05
9.483681866e-04	1.474112499e+05
9.704808877e-04	1.414205789e+05
9.931091814e-04	1.356733637e+05
1.016265089e-03	1.301597107e+05
1.039960914e-03	1.248701279e+05
1.064209244e-03	1.197955094e+05
1.089022962e-03	1.149271191e+05
1.114415251e-03	1.102565763e+05
1.140399602e-03	1.057758404e+05
1.166989819e-03	1.014771979e+05
1.194200028e-03	9.735324865e+04
1.222044687e-03	9.339689330e+04
1.250538587e-03	8.960132096e+04
1.279696868e-03	8.595999753e+04
1.309535020e-03	8.246665446e+04
1.340068896e-03	7.911527797e+04
1.371314718e-03	7.590009863e+04
1.403289085e-03	7.281558152e+04
1.436008985e-03	6.985641663e+04
1.469491801e-03	6.701750975e+04
1.503755321e-03	6.429397369e+04
1.538817750e-03	6.168111988e+04
1.574697715e-03	5.917445029e+04
1.611414277e-03	5.676964967e+04
1.648986944e-03	5.446257815e+04
1.687435678e-03	5.224926411e+04
1.726780904e-03	5.012589731e+04
1.767043526e-03	4.808882239e+04
1.808244935e-03	4.613453250e+04
1.850407020e-03	4.425966333e+04
1.893552180e-03	4.246098729e+04
1.937703337e-03	4.073540795e+04
1.982883949e-03	3.907995473e+04
2.029118018e-03	3.749177776e+04
2.076430107e-03	3.596814298e+04
2.124845352e-03	3.450642745e+04
2.174389476e-03	3.310411484e+04
2.225088798e-03	3.175879105e+04
2.276970255e-03	3.046814010e+04
2.330061411e-03	2.922994013e+04
2.384390470e-03	2.804205959e+04
2.439986297e-03	2.690245353e+04
2.496878429e-03	2.580916011e+04
2.555097090e-03	2.476029723e+04
2.614673212e-03	2.375405927e+04
2.675638445e-03	2.278871399e+04
2.738025178e-03	2.186259953e+04
2.801866556e-03	2.097412161e+04
2.867196497e-03	2.012175069e+04
2.934049709e-03	1.930401941e+04
3.002461709e-03	1.851952006e+04
3.072468843e-03	1.776690211e+04
3.144108303e-03	1.704486994e+04
3.217418151e-03	1.635218055e+04
3.292437333e-03	1.568764148e+04
3.369205706e-03	1.505010873e+04
3.447764055e-03	1.443848478e+04
3.528154115e-03	1.385171673e+04
3.610418597e-03	1.328879444e+04
3.694601205e-03	1.274874885e+04
3.780746664e-03	1.223065026e+04
3.868900739e-03	1.173360677e+04
3.959110266e-03	1.125676271e+04
4.051423171e-03	1.079929720e+04
4.145888497e-03	1.036042272e+04
4.242556431e-03	9.939383722e+03
4.341478330e-03	9.535455404e+03
4.442706750e-03	9.147942399e+03
4.546295470e-03	8.776177601e+03
4.652299524e-03	8.419521016e+03
4.760775230e-03	8.077358659e+03
4.871780219e-03	7.749101497e+03
4.985373464e-03	7.434184434e+03
5.101615315e-03	7.132065339e+03
5.220567528e-03	6.842224114e+03
5.342293300e-03	6.564161796e+03
5.466857300e-03	6.297399701e+03
5.594325706e-03	6.041478596e+03
5.724766240e-03	5.795957912e+03
5.858248200e-03	5.560414986e+03
5.994842503e-03	5.334444329e+03
6.134621718e-03	5.117656932e+03
6.277660106e-03	4.909679595e+03
6.424033659e-03	4.710154285e+03
6.573820143e-03	4.518737518e+03
6.727099136e-03	4.335099770e+03
6.883952070e-03	4.158924908e+03
7.044462277e-03	3.989909647e+03
7.208715034e-03	3.827763025e+03
7.376797603e-03	3.672205908e+03
7.548799282e-03	3.522970503e+03
7.724811451e-03	3.379799901e+03
7.904927623e-03	3.242447634e+03
8.089243487e-03	3.110677249e+03
8.277856966e-03	2.984261904e+03
8.470868267e-03	2.862983973e+03
8.668379930e-03	2.746634677e+03
8.870496890e-03	2.635013720e+03
9.077326525e-03	2.527928946e+03
9.288978720e-03	2.425196008e+03
9.505565920e-03	2.326638052e+03
9.727203192e-03	2.232085410e+03
9.954008288e-03	2.141375309e+03
1.018610170e-02	2.054351591e+03
1.042360674e-02	1.970864445e+03
1.066664958e-02	1.890770147e+03
1.091535935e-02	1.813930815e+03
1.116986818e-02	1.740214170e+03
1.143031129e-02	1.669493308e+03
1.169682704e-02	1.601646484e+03
1.196955702e-02	1.536556898e+03
1.224864614e-02	1.474112499e+03
1.253424265e-02	1.414205789e+03
1.282649831e-02	1.356733637e+03
1.312556836e-02	1.301597107e+03
1.343161170e-02	1.248701279e+03
1.374479093e-02	1.197955094e+03
1.406527242e-02	1.149271191e+03
1.439322645e-02	1.102565763e+03
1.472882724e-02	1.057758404e+03
1.507225309e-02	1.014771979e+03
1.542368646e-02	9.735324865e+02
1.578331406e-02	9.339689330e+02
1.615132694e-02	8.960132096e+02
1.652792061e-02	8.595999753e+02
1.691329517e-02	8.246665446e+02
1.730765534e-02	7.911527797e+02
1.771121064e-02	7.590009863e+02
1.812417547e-02	7.281558152e+02
1.854676923e-02	6.985641663e+02
1.897921643e-02	6.701750975e+02
1.942174681e-02	6.429397369e+02
1.987459550e-02	6.168111988e+02
2.033800306e-02	5.917445029e+02
2.081221570e-02	5.676964967e+02
2.129748536e-02	5.446257815e+02
2.179406984e-02	5.224926411e+02
2.230223298e-02	5.012589731e+02
2.282224474e-02	4.808882239e+02
2.335438140e-02	4.613453250e+02
2.389892566e-02	4.425966333e+02
2.445616683e-02	4.246098729e+02
2.502640096e-02	4.073540795e+02
2.560993100e-02	3.907995473e+02
2.620706696e-02	3.749177776e+02
2.681812609e-02	3.596814298e+02
2.744343303e-02	3.450642745e+02
2.808331999e-02	3.310411484e+02
2.873812692e-02	3.175879105e+02
2.940820171e-02	3.046814010e+02
3.009390034e-02	2.922994013e+02
3.079558713e-02	2.804205959e+02
3.151363485e-02	2.690245353e+02
3.224842498e-02	2.580916011e+02
3.300034791e-02	2.476029723e+02
3.376980311e-02	2.375405927e+02
3.455719937e-02	2.278871399e+02
3.536295501e-02	2.186259953e+02
3.618749812e-02	2.097412161e+02
3.703126676e-02	2.012175069e+02
3.789470919e-02	1.930401941e+02
3.877828415e-02	1.851952006e+02
3.968246105e-02	1.776690211e+02
4.060772026e-02	1.704486994e+02
4.155455335e-02	1.635218055e+02
4.252346335e-02	1.568764148e+02
4.351496501e-02	1.505010873e+02
4.452958510e-02	1.443848478e+02
4.556786266e-02	1.385171673e+02
4.663034930e-02	1.328879444e+02
4.771760949e-02	1.274874885e+02
4.883022087e-02	1.223065026e+02
4.996877454e-02	1.173360677e+02
5.113387538e-02	1.125676271e+02
5.232614239e-02	1.079929720e+02
5.354620899e-02	1.036042272e+02
5.479472337e-02	9.939383722e+01
5.607234883e-02	9.535455404e+01
5.737976414e-02	9.147942399e+01
5.871766391e-02	8.776177601e+01
6.008675892e-02	8.419521016e+01
6.148777654e-02	8.077358659e+01
6.292146110e-02	7.749101497e+01
6.438857427e-02	7.434184434e+01
6.588989551e-02	7.132065339e+01
6.742622242e-02	6.842224114e+01
6.899837121e-02	6.564161796e+01
7.060717714e-02	6.297399701e+01
7.225349492e-02	6.041478596e+01
7.393819919e-02	5.795957912e+01
7.566218500e-02	5.560414986e+01
7.742636827e-02	5.334444329e+01
7.923168625e-02	5.117656932e+01
8.107909807e-02	4.909679595e+01
8.296958521e-02	4.710154285e+01
8.490415204e-02	4.518737518e+01
8.688382635e-02	4.335099770e+01
8.890965990e-02	4.158924908e+01
9.098272894e-02	3.989909647e+01
9.310413487e-02	3.827763025e+01
9.527500472e-02	3.672205908e+01
9.749649183e-02	3.522970503e+01
9.976977642e-02	3.379799901e+01
1.020960662e-01	3.242447634e+01
1.044765972e-01	3.110677249e+01
1.069126339e-01	2.984261904e+01
1.094054707e-01	2.862983973e+01
1.119564319e-01	2.746634677e+01
1.145668729e-01	2.635013720e+01
1.172381803e-01	2.527928946e+01
1.199717735e-01	2.425196008e+01
1.227691048e-01	2.326638052e+01
1.256316602e-01	2.232085410e+01
1.285609607e-01	2.141375309e+01
1.315585624e-01	2.054351591e+01
1.346260579e-01	1.970864445e+01
1.377650770e-01	1.890770147e+01
1.409772872e-01	1.813930815e+01
1.442643951e-01	1.740214170e+01
1.476281472e-01	1.669493308e+01
1.510703304e-01	1.601646484e+01
1.545927736e-01	1.536556898e+01
1.581973482e-01	1.474112499e+01
1.618859690e-01	1.414205789e+01
1.656605959e-01	1.356733637e+01
1.695232342e-01	1.301597107e+01
1.734759359e-01	1.248701279e+01
1.775208012e-01	1.197955094e+01
1.816599788e-01	1.149271191e+01
1.858956680e-01	1.102565763e+01
1.902301189e-01	1.057758404e+01
1.946656343e-01	1.014771979e+01
1.992045708e-01	9.735324865e+00
2.038493398e-01	9.339689330e+00
2.086024089e-01	8.960132096e+00
2.134663033e-01	8.595999753e+00
2.184436071e-01	8.246665446e+00
2.235369646e-01	7.911527797e+00
2.287490817e-01	7.590009863e+00
2.340827276e-01	7.281558152e+00
2.395407359e-01	6.985641663e+00
2.451260062e-01	6.701750975e+00
2.508415059e-01	6.429397369e+00
2.566902715e-01	6.168111988e+00
2.626754104e-01	5.917445029e+00
2.688001022e-01	5.676964967e+00
2.750676008e-01	5.446257815e+00
2.814812361e-01	5.224926411e+00
2.880444153e-01	5.012589731e+00
2.947606255e-01	4.808882239e+00
3.016334347e-01	4.613453250e+00
3.086664943e-01	4.425966333e+00
3.158635408e-01	4.246098729e+00
3.232283978e-01	4.073540795e+00
3.307649781e-01	3.907995473e+00
3.384772856e-01	3.749177776e+00
3.463694177e-01	3.596814298e+00
3.544455674e-01	3.450642745e+00
3.627100252e-01	3.310411484e+00
3.711671819e-01	3.175879105e+00
3.798215306e-01	3.046814010e+00
3.886776691e-01	2.922994013e+00
3.977403024e-01	2.804205959e+00
4.070142453e-01	2.690245353e+00
4.165044249e-01	2.580916011e+00
4.262158829e-01	2.476029723e+00
4.361537789e-01	2.375405927e+00
4.463233927e-01	2.278871399e+00
4.567301270e-01	2.186259953e+00
4.673795108e-01	2.097412161e+00
4.782772018e-01	2.012175069e+00
4.894289896e-01	1.930401941e+00
5.008407990e-01	1.851952006e+00
5.125186927e-01	1.776690211e+00
5.244688749e-01	1.704486994e+00
5.366976946e-01	1.635218055e+00
5.492116484e-01	1.568764148e+00
5.620173848e-01	1.505010873e+00
5.751217072e-01	1.443848478e+00
5.885315775e-01	1.385171673e+00
6.022541201e-01	1.328879444e+00
6.162966255e-01	1.274874885e+00
6.306665541e-01	1.223065026e+00
6.453715402e-01	1.173360677e+00
6.604193962e-01	1.125676271e+00
6.758181168e-01	1.495900447e+00
6.915758829e-01	1.485592469e+00
7.077010661e-01	1.475355520e+00
7.242022335e-01	1.465189113e+00
7.410881516e-01	1.455092761e+00
7.583677915e-01	1.445065980e+00
7.760503335e-01	1.435108293e+00
7.941451719e-01	1.425219222e+00
8.126619200e-01	1.415398295e+00
8.316104153e-01	1.405645042e+00
8.510007247e-01	1.395958997e+00
8.708431498e-01	1.386339696e+00
8.911482323e-01	1.376786681e+00
9.119267598e-01	1.367299494e+00
9.331897716e-01	1.357877681e+00
9.549485640e-01	1.348520792e+00
9.772146970e-01	1.339228380e+00
1.000000000e+00	1.330000000e+00
#################################
