# Matter power spectrum P(k) at redshift z=0.5
# for k=1.04201e-05 to 30.1611 h/Mpc,
# number of wavenumbers equal to 1161
#    1:k (h/Mpc)              2:P (Mpc/h)^3        
       1.042008521321e-05       2.791072410947e+01 
       1.054074411332e-05       2.822319106011e+01 
       1.066280017765e-05       2.853915170464e+01 
       1.078626958459e-05       2.885865436259e+01 
       1.091116869988e-05       2.918172508311e+01 
       1.103751407876e-05       2.950841800092e+01 
       1.116532246818e-05       2.983877510520e+01 
       1.129461080900e-05       3.017281979968e+01 
       1.142539623824e-05       3.051060847467e+01 
       1.155769609138e-05       3.085217962443e+01 
       1.169152790462e-05       3.119757238979e+01 
       1.182690941722e-05       3.154683298952e+01 
       1.196385857386e-05       3.190000468548e+01 
       1.210239352698e-05       3.225711404979e+01 
       1.224253263927e-05       3.261823542180e+01 
       1.238429448599e-05       3.298341180322e+01 
       1.252769785753e-05       3.335266360081e+01 
       1.267276176185e-05       3.372604958679e+01 
       1.281950542702e-05       3.410362292732e+01 
       1.296794830375e-05       3.448541869661e+01 
       1.311811006797e-05       3.487147820867e+01 
       1.327001062348e-05       3.526186733924e+01 
       1.342367010453e-05       3.565663485494e+01 
       1.357910887850e-05       3.605580763837e+01 
       1.373634754865e-05       3.645945879363e+01 
       1.389540695679e-05       3.686761855332e+01 
       1.405630818607e-05       3.728035806224e+01 
       1.421907256377e-05       3.769771353315e+01 
       1.438372166414e-05       3.811974843892e+01 
       1.455027731124e-05       3.854650358918e+01 
       1.471876158183e-05       3.897802885595e+01 
       1.488919680833e-05       3.941439973082e+01 
       1.506160558174e-05       3.985563964062e+01 
       1.523601075465e-05       4.030182317696e+01 
       1.541243544429e-05       4.075301438864e+01 
       1.559090303555e-05       4.120924720460e+01 
       1.577143718412e-05       4.167056481293e+01 
       1.595406181961e-05       4.213708082930e+01 
       1.613880114871e-05       4.260881727021e+01 
       1.632567965842e-05       4.308581382226e+01 
       1.651472211929e-05       4.356816501830e+01 
       1.670595358868e-05       4.405589776159e+01 
       1.689939941413e-05       4.454911508362e+01 
       1.709508523666e-05       4.504784754860e+01 
       1.729303699423e-05       4.555215582098e+01 
       1.749328092512e-05       4.606211208603e+01 
       1.769584357145e-05       4.657777530463e+01 
       1.790075178268e-05       4.709920913424e+01 
       1.810803271916e-05       4.762647812239e+01 
       1.831771385577e-05       4.815967681775e+01 
       1.852982298551e-05       4.869880346767e+01 
       1.874438822321e-05       4.924399736318e+01 
       1.896143800927e-05       4.979527927218e+01 
       1.918100111340e-05       5.035272707585e+01 
       1.940310663845e-05       5.091643693304e+01 
       1.962778402427e-05       5.148644603197e+01 
       1.985506305161e-05       5.206282322098e+01 
       2.008497384604e-05       5.264566525837e+01 
       2.031754688200e-05       5.323503915568e+01 
       2.055281298680e-05       5.383100571582e+01 
       2.079080334469e-05       5.443364019973e+01 
       2.103154950104e-05       5.504301184647e+01 
       2.127508336651e-05       5.565922634819e+01 
       2.152143722122e-05       5.628233842767e+01 
       2.177064371914e-05       5.691239372599e+01 
       2.202273589229e-05       5.754952733667e+01 
       2.227774715523e-05       5.819379090849e+01 
       2.253571130943e-05       5.884525797723e+01 
       2.279666254775e-05       5.950404089983e+01 
       2.306063545900e-05       6.017016429563e+01 
       2.332766503250e-05       6.084379052711e+01 
       2.359778666274e-05       6.152490078041e+01 
       2.387103615403e-05       6.221366330031e+01 
       2.414744972532e-05       6.291014721509e+01 
       2.442706401490e-05       6.361441561975e+01 
       2.470991608537e-05       6.432655811551e+01 
       2.499604342844e-05       6.504668075790e+01 
       2.528548397000e-05       6.577488022405e+01 
       2.557827607507e-05       6.651120175777e+01 
       2.587445855293e-05       6.725578056987e+01 
       2.617407066224e-05       6.800870708721e+01 
       2.647715211627e-05       6.877005231638e+01 
       2.678374308813e-05       6.953991247361e+01 
       2.709388421613e-05       7.031839979528e+01 
       2.740761660914e-05       7.110559776307e+01 
       2.772498185203e-05       7.190161033602e+01 
       2.804602201125e-05       7.270651381212e+01 
       2.837077964030e-05       7.352044316222e+01 
       2.869929778546e-05       7.434348020923e+01 
       2.903161999146e-05       7.517573651062e+01 
       2.936779030724e-05       7.601730556140e+01 
       2.970785329182e-05       7.686829480579e+01 
       3.005185402017e-05       7.772880966693e+01 
       3.039983808922e-05       7.859895676125e+01 
       3.075185162388e-05       7.947884382039e+01 
       3.110794128317e-05       8.036857983181e+01 
       3.146815426638e-05       8.126827509016e+01 
       3.183253831935e-05       8.217804094956e+01 
       3.220114174079e-05       8.309800955722e+01 
       3.257401338870e-05       8.402825671279e+01 
       3.295120268679e-05       8.496889533160e+01 
       3.333275963111e-05       8.592010467010e+01 
       3.371873479662e-05       8.688193519122e+01 
       3.410917934390e-05       8.785451647034e+01 
       3.450414502595e-05       8.883800510604e+01 
       3.490368419506e-05       8.983252890882e+01 
       3.530784980970e-05       9.083815617337e+01 
       3.571669544158e-05       9.185502366126e+01 
       3.613027528276e-05       9.288328713298e+01 
       3.654864415280e-05       9.392306129406e+01 
       3.697185750603e-05       9.497445571099e+01 
       3.739997143892e-05       9.603763847728e+01 
       3.783304269752e-05       9.711271920594e+01 
       3.827112868495e-05       9.819983784410e+01 
       3.871428746903e-05       9.929911726625e+01 
       3.916257778998e-05       1.004106934381e+02 
       3.961605906820e-05       1.015347333879e+02 
       4.007479141214e-05       1.026713165920e+02 
       4.053883562627e-05       1.038206694913e+02 
       4.100825321916e-05       1.049828501006e+02 
       4.148310641159e-05       1.061580472105e+02 
       4.196345814484e-05       1.073463875640e+02 
       4.244937208901e-05       1.085480312919e+02 
       4.294091265148e-05       1.097631423241e+02 
       4.343814498540e-05       1.109918305562e+02 
       4.394113499840e-05       1.122342764092e+02 
       4.444994936124e-05       1.134906381222e+02 
       4.496465551672e-05       1.147610375840e+02 
       4.548532168859e-05       1.160456769221e+02 
       4.601201689058e-05       1.173447174698e+02 
       4.654481093557e-05       1.186582409376e+02 
       4.708377444484e-05       1.199864943121e+02 
       4.762897885740e-05       1.213295913294e+02 
       4.818049643953e-05       1.226877420688e+02 
       4.873840029427e-05       1.240610950094e+02 
       4.930276437118e-05       1.254497767928e+02 
       4.987366347610e-05       1.268540653067e+02 
       5.045117328109e-05       1.282740019845e+02 
       5.103537033446e-05       1.297098378932e+02 
       5.162633207089e-05       1.311617727914e+02 
       5.222413682171e-05       1.326299473961e+02 
       5.282886382530e-05       1.341145434737e+02 
       5.344059323756e-05       1.356157598739e+02 
       5.405940614258e-05       1.371337632186e+02 
       5.468538456333e-05       1.386687643387e+02 
       5.531861147256e-05       1.402209429082e+02 
       5.595917080383e-05       1.417904878950e+02 
       5.660714746257e-05       1.433775790685e+02 
       5.726262733740e-05       1.449824673719e+02 
       5.792569731146e-05       1.466053040481e+02 
       5.859644527395e-05       1.482462723190e+02 
       5.927496013179e-05       1.499055756079e+02 
       5.996133182139e-05       1.515835192102e+02 
       6.065565132058e-05       1.532801657656e+02 
       6.135801066065e-05       1.549958539659e+02 
       6.206850293857e-05       1.567306800182e+02 
       6.278722232933e-05       1.584849857045e+02 
       6.351426409840e-05       1.602588468726e+02 
       6.424972461438e-05       1.620526012704e+02 
       6.499370136176e-05       1.638663867417e+02 
       6.574629295386e-05       1.657004819036e+02 
       6.650759914588e-05       1.675551084886e+02 
       6.727772084812e-05       1.694305021983e+02 
       6.805676013940e-05       1.713268438112e+02 
       6.884482028051e-05       1.732443835939e+02 
       6.964200572798e-05       1.751833642582e+02 
       7.044842214787e-05       1.771440998479e+02 
       7.126417642981e-05       1.791267447935e+02 
       7.208937670115e-05       1.811314946219e+02 
       7.292413234129e-05       1.831587663638e+02 
       7.376855399618e-05       1.852086228439e+02 
       7.462275359299e-05       1.872814731676e+02 
       7.548684435497e-05       1.893775249489e+02 
       7.636094081640e-05       1.914969394456e+02 
       7.724515883783e-05       1.936401452366e+02 
       7.813961562139e-05       1.958072975210e+02 
       7.904442972637e-05       1.979986513866e+02 
       7.995972108488e-05       2.002145815512e+02 
       8.088561101782e-05       2.024552363913e+02 
       8.182222225088e-05       2.047209801846e+02 
       8.276967893088e-05       2.070120428704e+02 
       8.372810664217e-05       2.093287160342e+02 
       8.469763242330e-05       2.116713194952e+02 
       8.567838478387e-05       2.140400792523e+02 
       8.667049372153e-05       2.164353615966e+02 
       8.767409073926e-05       2.188574353492e+02 
       8.868930886276e-05       2.213065576594e+02 
       8.971628265808e-05       2.237830910817e+02 
       9.075514824948e-05       2.262873083707e+02 
       9.180604333749e-05       2.288194907909e+02 
       9.286910721710e-05       2.313800049959e+02 
       9.394448079628e-05       2.339691484587e+02 
       9.503230661463e-05       2.365872281456e+02 
       9.613272886228e-05       2.392345666946e+02 
       9.724589339902e-05       2.419115055968e+02 
       9.837194777360e-05       2.446183913056e+02 
       9.951104124330e-05       2.473554766180e+02 
       1.006633247937e-04       2.501232026335e+02 
       1.018289511588e-04       2.529218570536e+02 
       1.030080748411e-04       2.557517756343e+02 
       1.042008521321e-04       2.586133331937e+02 
       1.054074411332e-04       2.615068686214e+02 
       1.066280017765e-04       2.644327402950e+02 
       1.078626958459e-04       2.673913110810e+02 
       1.091116869988e-04       2.703829168299e+02 
       1.103751407876e-04       2.734079721796e+02 
       1.116532246818e-04       2.764668128351e+02 
       1.129461080900e-04       2.795598378169e+02 
       1.142539623824e-04       2.826874110416e+02 
       1.155769609138e-04       2.858499311238e+02 
       1.169152790462e-04       2.890477782762e+02 
       1.182690941722e-04       2.922813439672e+02 
       1.196385857386e-04       2.955510101836e+02 
       1.210239352698e-04       2.988572213665e+02 
       1.224253263927e-04       3.022003587520e+02 
       1.238429448599e-04       3.055808131225e+02 
       1.252769785753e-04       3.089990229606e+02 
       1.267276176185e-04       3.124554123717e+02 
       1.281950542702e-04       3.159503970628e+02 
       1.296794830375e-04       3.194843840660e+02 
       1.311811006797e-04       3.230578710000e+02 
       1.327001062348e-04       3.266712066031e+02 
       1.342367010453e-04       3.303248546673e+02 
       1.357910887850e-04       3.340193725727e+02 
       1.373634754865e-04       3.377550689291e+02 
       1.389540695679e-04       3.415324514872e+02 
       1.405630818607e-04       3.453520187689e+02 
       1.421907256377e-04       3.492142568725e+02 
       1.438372166414e-04       3.531195438973e+02 
       1.455027731124e-04       3.570683449740e+02 
       1.471876158183e-04       3.610612630276e+02 
       1.488919680833e-04       3.650987119298e+02 
       1.506160558174e-04       3.691577357608e+02 
       1.523601075465e-04       3.732852238285e+02 
       1.541243544429e-04       3.774587809794e+02 
       1.559090303555e-04       3.816788858374e+02 
       1.577143718412e-04       3.859459275842e+02 
       1.595406181961e-04       3.902606242187e+02 
       1.613880114871e-04       3.946234766620e+02 
       1.632567965842e-04       3.990348327843e+02 
       1.651472211929e-04       4.034954471642e+02 
       1.670595358868e-04       4.080057388001e+02 
       1.689939941413e-04       4.125662361463e+02 
       1.709508523667e-04       4.171775926534e+02 
       1.729303699423e-04       4.218403287905e+02 
       1.749328092512e-04       4.265549682145e+02 
       1.769584357145e-04       4.313222115413e+02 
       1.790075178268e-04       4.361424843306e+02 
       1.810803271916e-04       4.410165171291e+02 
       1.831771385577e-04       4.459447388415e+02 
       1.852982298551e-04       4.509278149027e+02 
       1.874438822321e-04       4.559664011705e+02 
       1.896143800927e-04       4.610610526316e+02 
       1.918100111340e-04       4.662124545623e+02 
       1.940310663846e-04       4.714210719273e+02 
       1.962778402428e-04       4.766876396282e+02 
       1.985506305161e-04       4.820128592936e+02 
       2.008497384604e-04       4.873973522446e+02 
       2.031754688200e-04       4.928416840267e+02 
       2.055281298680e-04       4.983464641118e+02 
       2.079080334469e-04       5.039125023930e+02 
       2.103154950104e-04       5.095404954891e+02 
       2.127508336651e-04       5.152310272693e+02 
       2.152143722123e-04       5.209847447875e+02 
       2.177064371914e-04       5.268023621556e+02 
       2.202273589229e-04       5.326846888796e+02 
       2.227774715523e-04       5.386323010289e+02 
       2.253571130943e-04       5.446459654622e+02 
       2.279666254775e-04       5.507264073949e+02 
       2.306063545900e-04       5.568743091584e+02 
       2.332766503250e-04       5.630904919707e+02 
       2.359778666274e-04       5.693756237365e+02 
       2.387103615403e-04       5.757305076400e+02 
       2.414744972532e-04       5.821558705029e+02 
       2.442706401490e-04       5.886525541612e+02 
       2.470991608537e-04       5.952211711759e+02 
       2.499604342844e-04       6.018627100749e+02 
       2.528548397000e-04       6.085777504904e+02 
       2.557827607507e-04       6.153672593873e+02 
       2.587445855293e-04       6.222319662933e+02 
       2.617407066224e-04       6.291727045590e+02 
       2.647715211627e-04       6.361902982577e+02 
       2.678374308814e-04       6.432855758793e+02 
       2.709388421613e-04       6.504594067819e+02 
       2.740761660914e-04       6.577125825521e+02 
       2.772498185204e-04       6.650459943206e+02 
       2.804602201125e-04       6.724605200730e+02 
       2.837077964030e-04       6.799570023206e+02 
       2.869929778546e-04       6.875363624270e+02 
       2.903161999146e-04       6.951994470973e+02 
       2.936779030724e-04       7.029472096001e+02 
       2.970785329182e-04       7.107805184855e+02 
       3.005185402017e-04       7.187003173595e+02 
       3.039983808922e-04       7.267075170395e+02 
       3.075185162388e-04       7.348031135628e+02 
       3.110794128317e-04       7.429879272768e+02 
       3.146815426638e-04       7.512630781691e+02 
       3.183253831935e-04       7.596293688650e+02 
       3.220114174079e-04       7.680878795109e+02 
       3.257401338870e-04       7.766395703263e+02 
       3.295120268679e-04       7.852854279854e+02 
       3.333275963112e-04       7.940264409504e+02 
       3.371873479662e-04       8.028636404925e+02 
       3.410917934390e-04       8.117980712429e+02 
       3.450414502595e-04       8.208307429599e+02 
       3.490368419506e-04       8.299626620191e+02 
       3.530784980970e-04       8.391949191610e+02 
       3.571669544158e-04       8.485286261129e+02 
       3.613027528277e-04       8.579647524513e+02 
       3.654864415280e-04       8.675044039761e+02 
       3.697185750603e-04       8.771487261454e+02 
       3.739997143892e-04       8.868987538830e+02 
       3.783304269752e-04       8.967556985096e+02 
       3.827112868495e-04       9.067206094862e+02 
       3.871428746903e-04       9.167946059739e+02 
       3.916257778998e-04       9.269788713729e+02 
       3.961605906820e-04       9.372745215641e+02 
       4.007479141214e-04       9.476827496035e+02 
       4.053883562627e-04       9.582047171691e+02 
       4.100825321916e-04       9.688416324323e+02 
       4.148310641159e-04       9.795946991404e+02 
       4.196345814484e-04       9.904650815595e+02 
       4.244937208901e-04       1.001454030626e+03 
       4.294091265148e-04       1.012562725099e+03 
       4.343814498541e-04       1.023792534570e+03 
       4.394113499840e-04       1.035144552716e+03 
       4.444994936124e-04       1.046620072301e+03 
       4.496465551672e-04       1.058220403137e+03 
       4.548532168859e-04       1.069946855511e+03 
       4.601201689058e-04       1.081800690132e+03 
       4.654481093557e-04       1.093783153543e+03 
       4.708377444484e-04       1.105895716188e+03 
       4.762897885740e-04       1.118139536826e+03 
       4.818049643953e-04       1.130516001305e+03 
       4.873840029427e-04       1.143026571735e+03 
       4.930276437118e-04       1.155672533512e+03 
       4.987366347610e-04       1.168455212865e+03 
       5.045117328109e-04       1.181376026678e+03 
       5.103537033446e-04       1.194436300429e+03 
       5.162633207089e-04       1.207637662257e+03 
       5.222413682171e-04       1.220981278083e+03 
       5.282886382530e-04       1.234468733687e+03 
       5.344059323756e-04       1.248101390716e+03 
       5.405940614258e-04       1.261880743366e+03 
       5.468538456333e-04       1.275808220654e+03 
       5.531861147256e-04       1.289885182497e+03 
       5.595917080383e-04       1.304113481895e+03 
       5.660714746257e-04       1.318494274487e+03 
       5.726262733740e-04       1.333029205252e+03 
       5.792569731146e-04       1.347719821794e+03 
       5.859644527395e-04       1.362567516074e+03 
       5.927496013179e-04       1.377573965336e+03 
       5.996133182139e-04       1.392740716206e+03 
       6.065565132058e-04       1.408069286903e+03 
       6.135801066065e-04       1.423561268432e+03 
       6.206850293858e-04       1.439218250335e+03 
       6.278722232933e-04       1.455041919535e+03 
       6.351426409840e-04       1.471033671440e+03 
       6.424972461438e-04       1.487195411372e+03 
       6.499370136176e-04       1.503528665579e+03 
       6.574629295386e-04       1.520035023059e+03 
       6.650759914588e-04       1.536716060995e+03 
       6.727772084813e-04       1.553573666448e+03 
       6.805676013940e-04       1.570609412387e+03 
       6.884482028051e-04       1.587824912775e+03 
       6.964200572798e-04       1.605222281394e+03 
       7.044842214787e-04       1.622802730191e+03 
       7.126417642981e-04       1.640568300157e+03 
       7.208937670115e-04       1.658520399680e+03 
       7.292413234129e-04       1.676661058549e+03 
       7.376855399618e-04       1.694992181904e+03 
       7.462275359300e-04       1.713515049301e+03 
       7.548684435497e-04       1.732231866468e+03 
       7.636094081641e-04       1.751144387349e+03 
       7.724515883783e-04       1.770254234554e+03 
       7.813961562139e-04       1.789563030804e+03 
       7.904442972637e-04       1.809073423206e+03 
       7.995972108488e-04       1.828786210217e+03 
       8.088561101782e-04       1.848704152876e+03 
       8.182222225088e-04       1.868828697393e+03 
       8.276967893088e-04       1.889161443343e+03 
       8.372810664217e-04       1.909704667692e+03 
       8.469763242330e-04       1.930460082422e+03 
       8.567838478387e-04       1.951429826713e+03 
       8.667049372153e-04       1.972615151505e+03 
       8.767409073927e-04       1.994018843538e+03 
       8.868930886276e-04       2.015642362004e+03 
       8.971628265808e-04       2.037487721971e+03 
       9.075514824948e-04       2.059556837092e+03 
       9.180604333749e-04       2.081851690449e+03 
       9.286910721710e-04       2.104374174531e+03 
       9.394448079628e-04       2.127126658302e+03 
       9.503230661463e-04       2.150110279821e+03 
       9.613272886228e-04       2.173327689667e+03 
       9.724589339902e-04       2.196780769199e+03 
       9.837194777360e-04       2.220471426778e+03 
       9.951104124330e-04       2.244401729951e+03 
       1.006633247937e-03       2.268573657185e+03 
       1.018289511588e-03       2.292989222110e+03 
       1.030080748411e-03       2.317650417073e+03 
       1.042008521321e-03       2.342559348863e+03 
       1.054074411332e-03       2.367718007266e+03 
       1.066280017765e-03       2.393128427232e+03 
       1.078626958459e-03       2.418792663940e+03 
       1.091116869988e-03       2.444712803491e+03 
       1.103751407876e-03       2.470890777985e+03 
       1.116532246818e-03       2.497328902727e+03 
       1.129461080900e-03       2.524028970128e+03 
       1.142539623824e-03       2.550993124182e+03 
       1.155769609138e-03       2.578223167760e+03 
       1.169152790462e-03       2.605721575931e+03 
       1.182690941722e-03       2.633490926745e+03 
       1.196385857386e-03       2.661531580388e+03 
       1.210239352698e-03       2.689846823321e+03 
       1.224253263927e-03       2.718438390960e+03 
       1.238429448599e-03       2.747308424652e+03 
       1.252769785753e-03       2.776458937819e+03 
       1.267276176185e-03       2.805892382751e+03 
       1.281950542702e-03       2.835610368860e+03 
       1.296794830375e-03       2.865615073827e+03 
       1.311811006797e-03       2.895908343835e+03 
       1.327001062348e-03       2.926492696040e+03 
       1.342367010453e-03       2.957369576209e+03 
       1.357910887850e-03       2.988541001893e+03 
       1.373634754865e-03       3.020009165813e+03 
       1.389540695679e-03       3.051776552141e+03 
       1.405630818607e-03       3.083844822736e+03 
       1.421907256377e-03       3.116215899360e+03 
       1.438372166414e-03       3.148891007264e+03 
       1.455027731124e-03       3.181873162823e+03 
       1.471876158183e-03       3.215164154301e+03 
       1.488919680833e-03       3.248765958162e+03 
       1.506160558174e-03       3.282680250369e+03 
       1.523601075465e-03       3.316909094223e+03 
       1.541243544429e-03       3.351452307854e+03 
       1.559090303555e-03       3.386312934725e+03 
       1.577143718412e-03       3.421492953847e+03 
       1.595406181961e-03       3.456995396896e+03 
       1.613880114871e-03       3.492821696173e+03 
       1.632567965842e-03       3.528974079027e+03 
       1.651472211929e-03       3.565453520277e+03 
       1.670595358868e-03       3.602261361929e+03 
       1.689939941413e-03       3.639400921655e+03 
       1.709508523667e-03       3.676872956772e+03 
       1.729303699423e-03       3.714679830189e+03 
       1.749328092512e-03       3.752822881467e+03 
       1.769584357145e-03       3.791303819842e+03 
       1.790075178268e-03       3.830123554216e+03 
       1.810803271916e-03       3.869284926992e+03 
       1.831771385577e-03       3.908788445044e+03 
       1.852982298551e-03       3.948636433577e+03 
       1.874438822321e-03       3.988829489717e+03 
       1.896143800927e-03       4.029370279589e+03 
       1.918100111340e-03       4.070259534885e+03 
       1.940310663846e-03       4.111499147767e+03 
       1.962778402428e-03       4.153090325672e+03 
       1.985506305161e-03       4.195034551430e+03 
       2.008497384604e-03       4.237332596179e+03 
       2.031754688200e-03       4.279985934977e+03 
       2.055281298680e-03       4.322995965337e+03 
       2.079080334469e-03       4.366363723016e+03 
       2.103154950105e-03       4.410090436638e+03 
       2.127508336651e-03       4.454177147902e+03 
       2.152143722123e-03       4.498625003912e+03 
       2.177064371914e-03       4.543435155222e+03 
       2.202273589229e-03       4.588608128364e+03 
       2.227774715523e-03       4.634145117805e+03 
       2.253571130943e-03       4.680046681495e+03 
       2.279666254775e-03       4.726314232473e+03 
       2.306063545900e-03       4.772947792899e+03 
       2.332766503250e-03       4.819948456053e+03 
       2.359778666274e-03       4.867316743883e+03 
       2.387103615403e-03       4.915053174558e+03 
       2.414744972532e-03       4.963158242888e+03 
       2.442706401490e-03       5.011632266494e+03 
       2.470991608537e-03       5.060476073934e+03 
       2.499604342844e-03       5.109689644925e+03 
       2.528548397000e-03       5.159273004808e+03 
       2.557827607507e-03       5.209226688442e+03 
       2.587445855293e-03       5.259550612963e+03 
       2.617407066224e-03       5.310244891910e+03 
       2.647715211627e-03       5.361309418435e+03 
       2.678374308814e-03       5.412744122918e+03 
       2.709388421613e-03       5.464548671508e+03 
       2.740761660914e-03       5.516722935796e+03 
       2.772498185204e-03       5.569266287871e+03 
       2.804602201125e-03       5.622178459025e+03 
       2.837077964030e-03       5.675458922529e+03 
       2.869929778546e-03       5.729106990456e+03 
       2.903161999146e-03       5.783122049805e+03 
       2.936779030724e-03       5.837502587271e+03 
       2.970785329182e-03       5.892248516586e+03 
       3.005185402017e-03       5.947358516784e+03 
       3.039983808922e-03       6.002831165920e+03 
       3.075185162388e-03       6.058665842238e+03 
       3.110794128317e-03       6.114860809093e+03 
       3.146815426638e-03       6.171414746084e+03 
       3.183253831935e-03       6.228325971770e+03 
       3.220114174080e-03       6.285592870121e+03 
       3.257401338870e-03       6.343213645874e+03 
       3.295120268680e-03       6.401186484881e+03 
       3.333275963112e-03       6.459509315795e+03 
       3.371873479662e-03       6.518180522028e+03 
       3.410917934390e-03       6.577196330881e+03 
       3.450414502595e-03       6.636556031313e+03 
       3.490368419506e-03       6.696256514909e+03 
       3.530784980970e-03       6.756294632312e+03 
       3.571669544159e-03       6.816668357806e+03 
       3.613027528277e-03       6.877374634664e+03 
       3.654864415280e-03       6.938410270970e+03 
       3.697185750603e-03       6.999772055991e+03 
       3.739997143892e-03       7.061456405151e+03 
       3.783304269752e-03       7.123460199944e+03 
       3.827112868495e-03       7.185779796257e+03 
       3.871428746903e-03       7.248412249591e+03 
       3.916257778998e-03       7.311351089144e+03 
       3.961605906820e-03       7.374595025315e+03 
       4.007479141214e-03       7.438138725847e+03 
       4.053883562627e-03       7.501976991185e+03 
       4.100825321916e-03       7.566106845152e+03 
       4.148310641159e-03       7.630522788288e+03 
       4.196345814484e-03       7.695220098277e+03 
       4.244937208901e-03       7.760193525423e+03 
       4.294091265148e-03       7.825437337173e+03 
       4.343814498541e-03       7.890947956097e+03 
       4.394113499840e-03       7.956718153928e+03 
       4.444994936124e-03       8.022742479391e+03 
       4.496465551672e-03       8.089016100469e+03 
       4.548532168859e-03       8.155531616462e+03 
       4.601201689058e-03       8.222283287334e+03 
       4.654481093557e-03       8.289263708282e+03 
       4.708377444484e-03       8.356468214225e+03 
       4.762897885740e-03       8.423888540311e+03 
       4.818049643953e-03       8.491517098864e+03 
       4.873840029427e-03       8.559348506875e+03 
       4.930276437118e-03       8.627374098157e+03 
       4.987366347610e-03       8.695585357441e+03 
       5.045117328110e-03       8.763977388801e+03 
       5.103537033446e-03       8.832537991613e+03 
       5.162633207089e-03       8.901260997219e+03 
       5.222413682171e-03       8.970138433770e+03 
       5.282886382530e-03       9.039160793510e+03 
       5.344059323757e-03       9.108319209168e+03 
       5.405940614258e-03       9.177604143106e+03 
       5.468538456333e-03       9.247014109365e+03 
       5.531861147256e-03       9.316524408436e+03 
       5.595917080383e-03       9.386135537037e+03 
       5.660714746258e-03       9.455835357756e+03 
       5.726262733740e-03       9.525618643899e+03 
       5.792569731146e-03       9.595477380824e+03 
       5.859644527395e-03       9.665455588002e+03 
       5.927496013179e-03       9.735357630949e+03 
       5.996133182139e-03       9.805300475115e+03 
       6.065565132058e-03       9.875294352255e+03 
       6.135801066065e-03       9.945291339900e+03 
       6.206850293858e-03       1.001529085934e+04 
       6.278722232933e-03       1.008527491908e+04 
       6.351426409840e-03       1.015523412957e+04 
       6.424972461438e-03       1.022515187640e+04 
       6.499370136176e-03       1.029502326065e+04 
       6.574629295386e-03       1.036482879789e+04 
       6.650759914588e-03       1.043454664503e+04 
       6.727772084813e-03       1.050417258351e+04 
       6.805676013940e-03       1.057374057182e+04 
       6.884482028051e-03       1.064314588636e+04 
       6.964200572798e-03       1.071242363222e+04 
       7.044842214787e-03       1.078153590403e+04 
       7.126417642982e-03       1.085049066864e+04 
       7.208937670115e-03       1.091924636592e+04 
       7.292413234129e-03       1.098783046730e+04 
       7.376855399618e-03       1.105618774255e+04 
       7.462275359300e-03       1.112431228422e+04 
       7.548684435497e-03       1.119219327771e+04 
       7.636094081641e-03       1.125980572276e+04 
       7.724515883783e-03       1.132713813345e+04 
       7.813961562139e-03       1.139417161135e+04 
       7.904442972637e-03       1.146088824437e+04 
       7.995972108488e-03       1.152726714708e+04 
       8.088561101782e-03       1.159329439748e+04 
       8.182222225089e-03       1.165894997843e+04 
       8.276967893088e-03       1.172421362325e+04 
       8.372810664217e-03       1.178906623494e+04 
       8.469763242330e-03       1.185349027388e+04 
       8.567838478387e-03       1.191746629817e+04 
       8.667049372154e-03       1.198096948065e+04 
       8.767409073927e-03       1.204398226150e+04 
       8.868930886276e-03       1.210648271117e+04 
       8.971628265808e-03       1.216844958337e+04 
       9.075514824949e-03       1.222986654686e+04 
       9.180604333749e-03       1.229070837846e+04 
       9.286910721710e-03       1.235095042016e+04 
       9.394448079628e-03       1.241057465426e+04 
       9.503230661463e-03       1.246955648402e+04 
       9.613272886228e-03       1.252787402288e+04 
       9.724589339902e-03       1.258550305843e+04 
       9.837194777360e-03       1.264242234779e+04 
       9.951104124330e-03       1.269860998089e+04 
       1.006633247937e-02       1.275403559660e+04 
       1.018289511588e-02       1.280868029110e+04 
       1.030080748411e-02       1.286251843790e+04 
       1.042008521321e-02       1.291552340722e+04 
       1.054074411332e-02       1.296768263635e+04 
       1.066280017765e-02       1.301894794268e+04 
       1.078626958459e-02       1.306931342971e+04 
       1.091116869988e-02       1.311875054308e+04 
       1.103751407876e-02       1.316722490587e+04 
       1.116532246818e-02       1.321472627580e+04 
       1.129461080900e-02       1.326120269001e+04 
       1.142539623824e-02       1.330664985848e+04 
       1.155769609138e-02       1.335103782563e+04 
       1.169152790462e-02       1.339433963145e+04 
       1.182690941722e-02       1.343652200692e+04 
       1.196385857386e-02       1.347755550099e+04 
       1.210239352698e-02       1.351742664465e+04 
       1.224253263927e-02       1.355610328445e+04 
       1.238429448599e-02       1.359355610059e+04 
       1.252769785753e-02       1.362975322485e+04 
       1.267276176185e-02       1.366467880568e+04 
       1.281950542702e-02       1.369829815125e+04 
       1.296794830375e-02       1.373057752003e+04 
       1.311811006798e-02       1.376150746145e+04 
       1.327001062348e-02       1.379104067884e+04 
       1.342367010453e-02       1.381915448666e+04 
       1.357910887850e-02       1.384583461614e+04 
       1.373634754865e-02       1.387103697531e+04 
       1.389540695679e-02       1.389473718421e+04 
       1.405630818607e-02       1.391691916366e+04 
       1.421907256378e-02       1.393754928433e+04 
       1.438372166416e-02       1.395659517764e+04 
       1.455027731127e-02       1.397403556384e+04 
       1.471876158188e-02       1.398984473272e+04 
       1.488919680840e-02       1.400399867086e+04 
       1.506160558184e-02       1.401646778441e+04 
       1.523601075481e-02       1.402723819075e+04 
       1.541243544453e-02       1.403625753365e+04 
       1.559090303592e-02       1.404352456236e+04 
       1.577143718468e-02       1.404901078060e+04 
       1.595406182044e-02       1.405267171143e+04 
       1.613880114996e-02       1.405452003881e+04 
       1.632567966028e-02       1.405450902792e+04 
       1.651472212203e-02       1.405264044782e+04 
       1.670595359272e-02       1.404885227404e+04 
       1.689939942004e-02       1.404314986067e+04 
       1.709508524528e-02       1.403550879880e+04 
       1.729303700672e-02       1.402592130164e+04 
       1.749328094313e-02       1.401432691726e+04 
       1.769584359730e-02       1.400078724734e+04 
       1.790075181960e-02       1.398520948286e+04 
       1.810803277166e-02       1.396763180830e+04 
       1.831771393006e-02       1.394800179831e+04 
       1.852982309014e-02       1.392630700791e+04 
       1.874438836991e-02       1.390254475550e+04 
       1.896143821401e-02       1.387674227470e+04 
       1.918100139785e-02       1.384883059840e+04 
       1.940310703188e-02       1.381883201648e+04 
       1.962778456603e-02       1.378673311378e+04 
       1.985506379434e-02       1.375253770499e+04 
       2.008497485991e-02       1.371621516929e+04 
       2.031754826005e-02       1.367777161211e+04 
       2.055281485190e-02       1.363723847770e+04 
       2.079080585839e-02       1.359460565620e+04 
       2.103155287484e-02       1.354982033376e+04 
       2.127508787607e-02       1.350297329861e+04 
       2.152144322441e-02       1.345402918141e+04 
       2.177065167852e-02       1.340296532079e+04 
       2.202274640334e-02       1.334983808019e+04 
       2.227776098135e-02       1.329464800163e+04 
       2.253572942538e-02       1.323741993668e+04 
       2.279668619315e-02       1.317813996905e+04 
       2.306066620410e-02       1.311684527093e+04 
       2.332770485852e-02       1.305358719524e+04 
       2.359783805977e-02       1.298831876524e+04 
       2.387110223976e-02       1.292113251896e+04 
       2.414753438835e-02       1.285201088710e+04 
       2.442717208725e-02       1.278100973956e+04 
       2.471005354903e-02       1.270816707684e+04 
       2.499621766197e-02       1.263349020813e+04 
       2.528570404151e-02       1.255705491281e+04 
       2.557855308925e-02       1.247886651568e+04 
       2.587480606026e-02       1.239896993450e+04 
       2.617450513980e-02       1.231741926816e+04 
       2.647769353061e-02       1.223429151829e+04 
       2.678441555165e-02       1.214957880219e+04 
       2.709471674976e-02       1.206336800122e+04 
       2.740864402530e-02       1.197571161703e+04 
       2.772624577327e-02       1.188666934852e+04 
       2.804757204111e-02       1.179627995060e+04 
       2.837267470475e-02       1.170460844355e+04 
       2.870160766420e-02       1.161175863532e+04 
       2.903442706040e-02       1.151773560407e+04 
       2.937119151463e-02       1.142260544039e+04 
       2.971196239211e-02       1.132648016084e+04 
       3.005680409139e-02       1.122940944816e+04 
       3.040578436097e-02       1.113146176710e+04 
       3.075897464492e-02       1.103271874635e+04 
       3.111645045881e-02       1.093324261636e+04 
       3.147829179786e-02       1.083309143225e+04 
       3.184458357871e-02       1.073239904882e+04 
       3.221541611657e-02       1.063113560515e+04 
       3.259088563943e-02       1.052945991654e+04 
       3.297109484112e-02       1.042742791064e+04 
       3.335615347502e-02       1.032514167516e+04 
       3.374617899051e-02       1.022263386352e+04 
       3.414129721416e-02       1.011995100388e+04 
       3.454164307811e-02       1.001724729118e+04 
       3.494736139805e-02       9.914557493353e+03 
       3.535860770376e-02       9.811914443203e+03 
       3.577554912533e-02       9.709517201867e+03 
       3.619836533853e-02       9.607284114442e+03 
       3.662724957349e-02       9.505356202808e+03 
       3.706240969103e-02       9.403823042789e+03 
       3.750406933188e-02       9.302668572685e+03 
       3.795246914445e-02       9.202095347486e+03 
       3.840786809765e-02       9.102039747548e+03 
       3.887054488604e-02       9.002616107098e+03 
       3.934079943554e-02       8.903875646061e+03 
       3.981895451869e-02       8.805870512607e+03 
       4.030535748979e-02       8.708664951691e+03 
       4.080038215121e-02       8.612313256050e+03 
       4.130443076336e-02       8.516843333222e+03 
       4.181793621227e-02       8.422333589432e+03 
       4.234136434996e-02       8.328791067336e+03 
       4.287521652431e-02       8.236309089042e+03 
       4.342003231678e-02       8.144868853450e+03 
       4.397639250769e-02       8.054507019365e+03 
       4.454492229050e-02       7.965286037771e+03 
       4.512629475832e-02       7.877202281225e+03 
       4.572123468705e-02       7.790290294612e+03 
       4.633052264147e-02       7.704533119301e+03 
       4.695499943152e-02       7.619941960893e+03 
       4.759557094736e-02       7.536526452893e+03 
       4.825321340209e-02       7.454246920329e+03 
       4.892897901132e-02       7.373046067224e+03 
       4.962400213778e-02       7.292935491069e+03 
       5.033950592730e-02       7.213790295743e+03 
       5.107680945923e-02       7.135595967944e+03 
       5.183733542892e-02       7.058178069516e+03 
       5.262261837226e-02       6.981457512954e+03 
       5.343431343121e-02       6.905175470022e+03 
       5.427420564462e-02       6.829215342155e+03 
       5.514421972849e-02       6.753292251279e+03 
       5.604643028430e-02       6.677089535176e+03 
       5.698307234086e-02       6.600305365099e+03 
       5.795655209364e-02       6.522435258120e+03 
       5.896945765406e-02       6.443076053903e+03 
       6.002456955925e-02       6.361592460939e+03 
       6.112487071857e-02       6.277408089248e+03 
       6.227355538798e-02       6.189765984438e+03 
       6.347403666691e-02       6.097856517809e+03 
       6.472995190856e-02       6.000832039391e+03 
       6.604516532812e-02       5.897766828930e+03 
       6.742376699301e-02       5.787698823407e+03 
       6.887006729727e-02       5.669736194885e+03 
       7.038858597573e-02       5.542971059806e+03 
       7.198403472436e-02       5.406688412167e+03 
       7.366129258656e-02       5.260416380223e+03 
       7.542537346844e-02       5.103963897522e+03 
       7.728138548409e-02       4.937591435046e+03 
       7.923448232054e-02       4.762115696905e+03 
       8.128980745183e-02       4.578982490209e+03 
       8.345243279688e-02       4.390312919652e+03 
       8.572729425009e-02       4.198871706504e+03 
       8.811912732426e-02       4.008045833692e+03 
       9.063240681217e-02       3.821553943112e+03 
       9.327129475976e-02       3.643286296667e+03 
       9.603960102782e-02       3.476791594995e+03 
       9.894076022032e-02       3.325007136080e+03 
       1.019778277692e-01       3.189738777565e+03 
       1.051534965699e-01       3.071271131402e+03 
       1.084701339281e-01       2.968253287627e+03 
       1.119298369273e-01       2.877450613470e+03 
       1.155345028951e-01       2.794131324670e+03 
       1.192859106250e-01       2.712419871877e+03 
       1.231858075061e-01       2.626333805276e+03 
       1.272359977461e-01       2.530854494250e+03 
       1.314384273512e-01       2.423187529279e+03 
       1.357952623199e-01       2.303714664558e+03 
       1.403089574486e-01       2.176137403255e+03 
       1.449823140748e-01       2.046767007116e+03 
       1.498185258953e-01       1.923010293497e+03 
       1.548212126020e-01       1.811540817690e+03 
       1.599944414632e-01       1.716624190562e+03 
       1.653427371389e-01       1.639000175942e+03 
       1.708710799843e-01       1.575746741318e+03 
       1.765848929129e-01       1.520923233479e+03 
       1.824900165910e-01       1.467501813402e+03 
       1.885926723712e-01       1.409695301200e+03 
       1.948994119753e-01       1.344183919048e+03 
       2.014170525494e-01       1.272413493307e+03 
       2.081525953704e-01       1.199751115512e+03 
       2.151131262327e-01       1.132509328628e+03 
       2.223056954261e-01       1.074636980857e+03 
       2.297371753094e-01       1.026532867290e+03 
       2.374140938402e-01       9.856236858117e+02 
       2.453424431396e-01       9.472849332548e+02 
       2.535274633158e-01       9.071957258507e+02 
       2.619734034283e-01       8.642053311406e+02 
       2.706832636642e-01       8.205263284217e+02 
       2.796585255148e-01       7.796201485692e+02 
       2.888988798519e-01       7.439783713411e+02 
       2.984019660843e-01       7.132297486506e+02 
       3.081631386328e-01       6.847773941605e+02 
       3.181752792853e-01       6.565053180770e+02 
       3.284286749792e-01       6.279598029451e+02 
       3.389109796018e-01       6.004124100497e+02 
       3.496072750667e-01       5.753545725763e+02 
       3.605002410761e-01       5.529181667707e+02 
       3.715704349385e-01       5.322627617917e+02 
       3.827966733958e-01       5.123616340273e+02 
       3.941564988750e-01       4.931511959594e+02 
       4.056267043526e-01       4.750871988607e+02 
       4.171838854605e-01       4.584617815966e+02 
       4.288049864716e-01       4.431598891333e+02 
       4.404678086266e-01       4.288383352208e+02 
       4.521514544718e-01       4.153161205464e+02 
       4.638366894293e-01       4.025223037321e+02 
       4.755062104295e-01       3.905620120622e+02 
       4.871448198008e-01       3.794282553419e+02 
       4.987395097091e-01       3.690540959993e+02 
       5.102794676710e-01       3.592779079280e+02 
       5.217560168214e-01       3.500427397136e+02 
       5.331625058714e-01       3.413349776726e+02 
       5.444941633963e-01       3.331473890442e+02 
       5.557479297267e-01       3.254424885188e+02 
       5.669222777144e-01       3.181554733195e+02 
       5.780170313952e-01       3.112563938262e+02 
       5.890331893490e-01       3.046999976498e+02 
       5.999727575435e-01       2.984776211352e+02 
       6.108385947402e-01       2.925581962430e+02 
       6.216342721601e-01       2.869257702649e+02 
       6.323639480573e-01       2.815533815290e+02 
       6.430322570788e-01       2.764139642389e+02 
       6.536442137659e-01       2.714969390652e+02 
       6.642051292179e-01       2.667789018246e+02 
       6.747205397525e-01       2.622538791032e+02 
       6.851961463216e-01       2.579030166223e+02 
       6.956377634350e-01       2.537142214566e+02 
       7.060512763984e-01       2.496777064736e+02 
       7.164426057463e-01       2.457774590025e+02 
       7.268176778517e-01       2.420101120591e+02 
       7.371824007973e-01       2.383623253185e+02 
       7.475426446971e-01       2.348284970976e+02 
       7.579042257597e-01       2.314011174685e+02 
       7.682728934768e-01       2.280704027795e+02 
       7.786543204091e-01       2.248340994208e+02 
       7.890540941165e-01       2.216824747723e+02 
       7.994777108513e-01       2.186128866298e+02 
       8.099305706909e-01       2.156196245086e+02 
       8.204179738426e-01       2.126969991561e+02 
       8.309451178969e-01       2.098432856648e+02 
       8.415170958461e-01       2.070515008367e+02 
       8.521388947204e-01       2.043207660137e+02 
       8.628153947206e-01       2.016460887175e+02 
       8.735513687538e-01       1.990247619286e+02 
       8.843514822986e-01       1.964549023952e+02 
       8.952202935428e-01       1.939320241154e+02 
       9.061622537544e-01       1.914558913763e+02 
       9.171817078549e-01       1.890220892452e+02 
       9.282828951786e-01       1.866302563241e+02 
       9.394699504043e-01       1.842773366469e+02 
       9.507469046568e-01       1.819618998203e+02 
       9.621176867765e-01       1.796825522381e+02 
       9.735861247614e-01       1.774370186688e+02 
       9.851559473851e-01       1.752248177301e+02 
       9.968307859982e-01       1.730431988519e+02 
       1.008614176518e+00       1.708925639302e+02 
       1.020509561611e+00       1.687703077171e+02 
       1.032520293075e+00       1.666766323343e+02 
       1.044649634418e+00       1.646093647621e+02 
       1.056900763641e+00       1.625685519953e+02 
       1.069276776203e+00       1.605524501227e+02 
       1.081780688194e+00       1.585611784987e+02 
       1.094415439670e+00       1.565930903945e+02 
       1.107183898169e+00       1.546482435673e+02 
       1.120088862374e+00       1.527253908719e+02 
       1.133133065913e+00       1.508245123866e+02 
       1.146319181277e+00       1.489444895862e+02 
       1.159649823836e+00       1.470853242360e+02 
       1.173127555925e+00       1.452459671173e+02 
       1.186754890984e+00       1.434265530407e+02 
       1.200534297717e+00       1.416260463862e+02 
       1.214468204261e+00       1.398446119977e+02 
       1.228559002330e+00       1.380814250071e+02 
       1.242809051311e+00       1.363364178031e+02 
       1.257220682296e+00       1.346090680911e+02 
       1.271796202027e+00       1.328991078448e+02 
       1.286537896735e+00       1.312063625922e+02 
       1.301448035854e+00       1.295302947010e+02 
       1.316528875605e+00       1.278709785892e+02 
       1.331782662423e+00       1.262278604798e+02 
       1.347211636230e+00       1.246008838890e+02 
       1.362818033545e+00       1.229898146589e+02 
       1.378604090421e+00       1.213943054889e+02 
       1.394572045204e+00       1.198143566505e+02 
       1.410724141130e+00       1.182496136606e+02 
       1.427062628738e+00       1.166999121773e+02 
       1.443589768119e+00       1.151651859908e+02 
       1.460307831002e+00       1.136451141534e+02 
       1.477219102678e+00       1.121395985031e+02 
       1.494325883773e+00       1.106485417277e+02 
       1.511630491879e+00       1.091716881551e+02 
       1.529135263050e+00       1.077089316712e+02 
       1.546842553166e+00       1.062601924732e+02 
       1.564754739190e+00       1.048252724370e+02 
       1.582874220313e+00       1.034040375237e+02 
       1.601203418996e+00       1.019964333002e+02 
       1.619744781932e+00       1.006023087956e+02 
       1.638500780923e+00       9.922150435615e+01 
       1.657473913687e+00       9.785395599446e+01 
       1.676666704602e+00       9.649956810935e+01 
       1.696081705393e+00       9.515823111735e+01 
       1.715721495774e+00       9.382981436268e+01 
       1.735588684042e+00       9.251423847616e+01 
       1.755685907640e+00       9.121142275226e+01 
       1.776015833690e+00       8.992127940829e+01 
       1.796581159495e+00       8.864371129870e+01 
       1.817384613020e+00       8.737862325847e+01 
       1.838428953363e+00       8.612594742279e+01 
       1.859716971202e+00       8.488560565753e+01 
       1.881251489238e+00       8.365752700951e+01 
       1.903035362623e+00       8.244163267696e+01 
       1.925071479385e+00       8.123784762112e+01 
       1.947362760852e+00       8.004610416099e+01 
       1.969912162064e+00       7.886632335436e+01 
       1.992722672190e+00       7.769845368318e+01 
       2.015797314944e+00       7.654242438147e+01 
       2.039139149002e+00       7.539816984761e+01 
       2.062751268415e+00       7.426563880755e+01 
       2.086636803032e+00       7.314476572700e+01 
       2.110798918920e+00       7.203549307836e+01 
       2.135240818789e+00       7.093776338821e+01 
       2.159965742423e+00       6.985152058876e+01 
       2.184976967109e+00       6.877671013603e+01 
       2.210277808077e+00       6.771327749418e+01 
       2.235871618940e+00       6.666117259124e+01 
       2.261761792141e+00       6.562034196707e+01 
       2.287951759400e+00       6.459073609461e+01 
       2.314444992174e+00       6.357230598335e+01 
       2.341245002117e+00       6.256499800105e+01 
       2.368355341543e+00       6.156876854274e+01 
       2.395779603900e+00       6.058356795265e+01 
       2.423521424246e+00       5.960934868826e+01 
       2.451584479730e+00       5.864606448794e+01 
       2.479972490080e+00       5.769366728859e+01 
       2.508689218097e+00       5.675211163309e+01 
       2.537738470151e+00       5.582135142499e+01 
       2.567124096690e+00       5.490134129218e+01 
       2.596849992748e+00       5.399203620481e+01 
       2.626920098459e+00       5.309339053468e+01 
       2.657338399584e+00       5.220535867326e+01 
       2.688108928035e+00       5.132789452410e+01 
       2.719235762413e+00       5.046095390890e+01 
       2.750723028546e+00       4.960449032419e+01 
       2.782574900036e+00       4.875845845568e+01 
       2.814795598816e+00       4.792281192759e+01 
       2.847389395704e+00       4.709750444796e+01 
       2.880360610971e+00       4.628248957887e+01 
       2.913713614918e+00       4.547772034961e+01 
       2.947452828448e+00       4.468314877849e+01 
       2.981582723659e+00       4.389872738098e+01 
       3.016107824429e+00       4.312440746605e+01 
       3.051032707025e+00       4.236013968529e+01 
       3.086362000702e+00       4.160587455812e+01 
       3.122100388318e+00       4.086156140191e+01 
       3.158252606960e+00       4.012714913796e+01 
       3.194823448563e+00       3.940258581515e+01 
       3.231817760554e+00       3.868781867324e+01 
       3.269240446489e+00       3.798279424118e+01 
       3.307096466704e+00       3.728745791418e+01 
       3.345390838973e+00       3.660175452422e+01 
       3.384128639174e+00       3.592562761672e+01 
       3.423315001961e+00       3.525902010327e+01 
       3.462955121444e+00       3.460187367643e+01 
       3.503054251877e+00       3.395412917869e+01 
       3.543617708356e+00       3.331572638680e+01 
       3.584650867525e+00       3.268660401843e+01 
       3.626159168283e+00       3.206669981021e+01 
       3.668148112511e+00       3.145595038258e+01 
       3.710623265798e+00       3.085429134065e+01 
       3.753590258180e+00       3.026165722904e+01 
       3.797054784885e+00       2.967798150310e+01 
       3.841022607089e+00       2.910319659771e+01 
       3.885499552679e+00       2.853723389332e+01 
       3.930491517026e+00       2.798002371439e+01 
       3.976004463767e+00       2.743149538468e+01 
       4.022044425592e+00       2.689157720509e+01 
       4.068617505050e+00       2.636019649257e+01 
       4.115729875350e+00       2.583727959311e+01 
       4.163387781188e+00       2.532275190857e+01 
       4.211597539566e+00       2.481653792006e+01 
       4.260365540637e+00       2.431856122231e+01 
       4.309698248545e+00       2.382874454614e+01 
       4.359602202288e+00       2.334700979909e+01 
       4.410084016581e+00       2.287327809466e+01 
       4.461150382733e+00       2.240746979099e+01 
       4.512808069537e+00       2.194950452541e+01 
       4.565063924162e+00       2.149930125945e+01 
       4.617924873065e+00       2.105677831123e+01 
       4.671397922908e+00       2.062185340292e+01 
       4.725490161486e+00       2.019444369970e+01 
       4.780208758667e+00       1.977446585256e+01 
       4.835560967341e+00       1.936183604232e+01 
       4.891554124383e+00       1.895647002252e+01 
       4.948195651626e+00       1.855828316341e+01 
       5.005493056843e+00       1.816719049595e+01 
       5.063453934743e+00       1.778310675521e+01 
       5.122085967977e+00       1.740594642445e+01 
       5.181396928159e+00       1.703562377822e+01 
       5.241394676891e+00       1.667205292556e+01 
       5.302087166810e+00       1.631514785244e+01 
       5.363482442640e+00       1.596482246389e+01 
       5.425588642258e+00       1.562099062530e+01 
       5.488413997774e+00       1.528356620307e+01 
       5.551966836621e+00       1.495246310464e+01 
       5.616255582658e+00       1.462759531750e+01 
       5.681288757290e+00       1.430887694748e+01 
       5.747074980592e+00       1.399622225603e+01 
       5.813622972458e+00       1.368954569669e+01 
       5.880941553752e+00       1.338876195044e+01 
       5.949039647478e+00       1.309378596015e+01 
       6.017926279967e+00       1.280453296400e+01 
       6.087610582065e+00       1.252091852781e+01 
       6.158101790352e+00       1.224285857639e+01 
       6.229409248361e+00       1.197026942383e+01 
       6.301542407819e+00       1.170306780264e+01 
       6.374510829897e+00       1.144117089198e+01 
       6.448324186481e+00       1.118449634468e+01 
       6.522992261452e+00       1.093296231328e+01 
       6.598524951981e+00       1.068648747499e+01 
       6.674932269845e+00       1.044499105562e+01 
       6.752224342752e+00       1.020839285238e+01 
       6.830411415681e+00       9.976613255803e+00 
       6.909503852245e+00       9.749573270473e+00 
       6.989512136061e+00       9.527194534848e+00 
       7.070446872139e+00       9.309399340044e+00 
       7.152318788292e+00       9.096110647634e+00 
       7.235138736554e+00       8.887252106476e+00 
       7.318917694617e+00       8.682748068582e+00 
       7.403666767294e+00       8.482523604046e+00 
       7.489397187982e+00       8.286504515040e+00 
       7.576120320154e+00       8.094617348914e+00 
       7.663847658869e+00       7.906789410391e+00 
       7.752590832290e+00       7.722948772900e+00 
       7.842361603228e+00       7.543024289046e+00 
       7.933171870702e+00       7.366945600254e+00 
       8.025033671515e+00       7.194643145591e+00 
       8.117959181848e+00       7.026048169795e+00 
       8.211960718878e+00       6.861092730522e+00 
       8.307050742406e+00       6.699709704847e+00 
       8.403241856513e+00       6.541832795018e+00 
       8.500546811225e+00       6.387396533500e+00 
       8.598978504210e+00       6.236336287327e+00 
       8.698549982481e+00       6.088588261767e+00 
       8.799274444131e+00       5.944089503348e+00 
       8.901165240077e+00       5.802777902236e+00 
       9.004235875834e+00       5.664592194009e+00 
       9.108500013304e+00       5.529471960832e+00 
       9.213971472584e+00       5.397357632065e+00 
       9.320664233803e+00       5.268190484306e+00 
       9.428592438970e+00       5.141912640918e+00 
       9.537770393852e+00       5.018467071026e+00 
       9.648212569869e+00       4.897797588031e+00 
       9.759933606012e+00       4.779848847646e+00 
       9.872948310782e+00       4.664566345474e+00 
       9.987271664157e+00       4.551896414154e+00 
       1.010291881957e+01       4.441786220088e+00 
       1.021990510594e+01       4.334183759764e+00 
       1.033824602965e+01       4.229037855702e+00 
       1.045795727668e+01       4.126298152034e+00 
       1.057905471462e+01       4.025915109738e+00 
       1.070155439480e+01       3.927840001542e+00 
       1.082547255442e+01       3.832024906514e+00 
       1.095082561871e+01       3.738422704355e+00 
       1.107763020307e+01       3.646987069416e+00 
       1.120590311531e+01       3.557672464441e+00 
       1.133566135788e+01       3.470434134072e+00 
       1.146692213008e+01       3.385228098103e+00 
       1.159970283038e+01       3.302011144531e+00 
       1.173402105874e+01       3.220740822389e+00 
       1.186989461887e+01       3.141375434389e+00 
       1.200734152068e+01       3.063874029386e+00 
       1.214637998260e+01       2.988196394676e+00 
       1.228702843403e+01       2.914303048142e+00 
       1.242930551777e+01       2.842155230254e+00 
       1.257323009250e+01       2.771714895942e+00 
       1.271882123525e+01       2.702944706352e+00 
       1.286609824399e+01       2.635808020490e+00 
       1.301508064011e+01       2.570268886779e+00 
       1.316578817107e+01       2.506292034516e+00 
       1.331824081299e+01       2.443842865266e+00 
       1.347245877331e+01       2.382887444182e+00 
       1.362846249344e+01       2.323392491273e+00 
       1.378627265152e+01       2.265325372614e+00 
       1.394591016510e+01       2.208654091531e+00 
       1.410739619397e+01       2.153347279742e+00 
       1.427075214292e+01       2.099374188479e+00 
       1.443599966462e+01       2.046704679597e+00 
       1.460316066243e+01       1.995309216671e+00 
       1.477225729337e+01       1.945158856087e+00 
       1.494331197101e+01       1.896225238152e+00 
       1.511634736847e+01       1.848480578199e+00 
       1.529138642140e+01       1.801897657720e+00 
       1.546845233104e+01       1.756449815518e+00 
       1.564756856728e+01       1.712110938890e+00 
       1.582875887178e+01       1.668855454840e+00 
       1.601204726113e+01       1.626658321337e+00 
       1.619745803000e+01       1.585495018612e+00 
       1.638501575438e+01       1.545341540502e+00 
       1.657474529486e+01       1.506174385851e+00 
       1.676667179987e+01       1.467970549962e+00 
       1.696082070907e+01       1.430707516118e+00 
       1.715721775668e+01       1.394363247150e+00 
       1.735588897492e+01       1.358916177092e+00 
       1.755686069744e+01       1.324345202889e+00 
       1.776015956284e+01       1.290629676188e+00 
       1.796581251814e+01       1.257749395198e+00 
       1.817384682244e+01       1.225684596636e+00 
       1.838429005045e+01       1.194415947743e+00 
       1.859717009618e+01       1.163924538389e+00 
       1.881251517668e+01       1.134191873265e+00 
       1.903035383568e+01       1.105199864152e+00 
       1.925071494747e+01       1.076930822286e+00 
       1.947362772067e+01       1.049367450808e+00 
       1.969912170214e+01       1.022492837308e+00 
       1.992722678085e+01       9.962904464576e-01 
       2.015797319189e+01       9.707441127385e-01 
       2.039139152043e+01       9.458380332618e-01 
       2.062751270584e+01       9.215567606850e-01 
       2.086636804571e+01       8.978851962230e-01 
       2.110798920007e+01       8.748085827556e-01 
       2.135240819553e+01       8.523124980314e-01 
       2.159965742957e+01       8.303828479684e-01 
       2.184976967480e+01       8.090058600524e-01 
       2.210277808334e+01       7.881680768325e-01 
       2.235871619117e+01       7.678563495139e-01 
       2.261761792262e+01       7.480578316487e-01 
       2.287951759482e+01       7.287599729234e-01 
       2.314444992230e+01       7.099505130450e-01 
       2.341245002155e+01       6.916174757227e-01 
       2.368355341568e+01       6.737491627473e-01 
       2.395779603917e+01       6.563341481673e-01 
       2.423521424257e+01       6.393612725601e-01 
       2.451584479738e+01       6.228196373994e-01 
       2.479972490085e+01       6.066985995180e-01 
       2.508689218100e+01       5.909877656640e-01 
       2.537738470153e+01       5.756769871522e-01 
       2.567124096692e+01       5.607563546073e-01 
       2.596849992749e+01       5.462161928008e-01 
       2.626920098460e+01       5.320470555789e-01 
       2.657338399584e+01       5.182397208814e-01 
       2.688108928035e+01       5.047851858510e-01 
       2.719235762413e+01       4.916746620314e-01 
       2.750723028546e+01       4.788995706545e-01 
       2.782574900037e+01       4.664515380141e-01 
       2.814795598816e+01       4.543223909270e-01 
       2.847389395704e+01       4.425041522789e-01 
       2.880360610971e+01       4.309890366557e-01 
       2.913713614918e+01       4.197694460576e-01 
       2.947452828449e+01       4.088379656964e-01 
       2.981582723659e+01       3.981873598738e-01 
       3.016107824429e+01       3.878105679405e-01 
