# Matter power spectrum P(k) at redshift z=0.5
# for k=1.03255e-05 to 30.2334 h/Mpc,
# number of wavenumbers equal to 1162
#    1:k (h/Mpc)              2:P (Mpc/h)^3        
       1.032551045123e-05       2.923345464531e+01 
       1.044507422721e-05       2.956072711580e+01 
       1.056602248647e-05       2.989166362571e+01 
       1.068837126056e-05       3.022630742529e+01 
       1.081213676668e-05       3.056469605750e+01 
       1.093733540983e-05       3.090686826893e+01 
       1.106398378493e-05       3.125287621171e+01 
       1.119209867910e-05       3.160275949780e+01 
       1.132169707383e-05       3.195655133447e+01 
       1.145279614724e-05       3.231431373901e+01 
       1.158541327637e-05       3.267607027679e+01 
       1.171956603949e-05       3.304188421718e+01 
       1.185527221839e-05       3.341179667677e+01 
       1.199254980078e-05       3.378584125904e+01 
       1.213141698266e-05       3.416407622286e+01 
       1.227189217071e-05       3.454654770906e+01 
       1.241399398479e-05       3.493330437097e+01 
       1.255774126032e-05       3.532438231621e+01 
       1.270315305085e-05       3.571984122872e+01 
       1.285024863056e-05       3.611973336491e+01 
       1.299904749680e-05       3.652409362353e+01 
       1.314956937272e-05       3.693298501852e+01 
       1.330183420980e-05       3.734645803803e+01 
       1.345586219061e-05       3.776455201092e+01 
       1.361167373137e-05       3.818732717035e+01 
       1.376928948475e-05       3.861484010202e+01 
       1.392873034253e-05       3.904713317140e+01 
       1.409001743843e-05       3.948426967393e+01 
       1.425317215088e-05       3.992629918768e+01 
       1.441821610585e-05       4.037327573057e+01 
       1.458517117976e-05       4.082525894242e+01 
       1.475405950231e-05       4.128230425267e+01 
       1.492490345947e-05       4.174446370606e+01 
       1.509772569641e-05       4.221179066805e+01 
       1.527254912054e-05       4.268435528120e+01 
       1.544939690451e-05       4.316220877988e+01 
       1.562829248931e-05       4.364541157191e+01 
       1.580925958735e-05       4.413403253611e+01 
       1.599232218562e-05       4.462811050575e+01 
       1.617750454888e-05       4.512772069362e+01 
       1.636483122285e-05       4.563292769688e+01 
       1.655432703746e-05       4.614379549681e+01 
       1.674601711020e-05       4.666037172271e+01 
       1.693992684936e-05       4.718273666169e+01 
       1.713608195748e-05       4.771094978682e+01 
       1.733450843470e-05       4.824507499815e+01 
       1.753523258223e-05       4.878517822131e+01 
       1.773828100586e-05       4.933133298125e+01 
       1.794368061941e-05       4.988359553546e+01 
       1.815145864840e-05       5.044204772007e+01 
       1.836164263357e-05       5.100674272671e+01 
       1.857426043458e-05       5.157776092341e+01 
       1.878934023370e-05       5.215517521754e+01 
       1.900691053951e-05       5.273905171647e+01 
       1.922700019072e-05       5.332946204630e+01 
       1.944963835998e-05       5.392648869154e+01 
       1.967485455774e-05       5.453019012659e+01 
       1.990267863617e-05       5.514065694900e+01 
       2.013314079308e-05       5.575795282577e+01 
       2.036627157600e-05       5.638216170619e+01 
       2.060210188616e-05       5.701335638599e+01 
       2.084066298261e-05       5.765161585715e+01 
       2.108198648636e-05       5.829702057564e+01 
       2.132610438459e-05       5.894965329794e+01 
       2.157304903485e-05       5.960958952513e+01 
       2.182285316940e-05       6.027691683172e+01 
       2.207554989950e-05       6.095171401738e+01 
       2.233117271982e-05       6.163406268198e+01 
       2.258975551290e-05       6.232405013395e+01 
       2.285133255360e-05       6.302176017390e+01 
       2.311593851368e-05       6.372728140396e+01 
       2.338360846638e-05       6.444069575548e+01 
       2.365437789105e-05       6.516210739830e+01 
       2.392828267788e-05       6.589158204251e+01 
       2.420535913267e-05       6.662923328702e+01 
       2.448564398159e-05       6.737513826158e+01 
       2.476917437610e-05       6.812938664539e+01 
       2.505598789784e-05       6.889208340957e+01 
       2.534612256364e-05       6.966332077424e+01 
       2.563961683053e-05       7.044318693167e+01 
       2.593650960086e-05       7.123178206352e+01 
       2.623684022745e-05       7.202921325146e+01 
       2.654064851879e-05       7.283556032070e+01 
       2.684797474434e-05       7.365094070923e+01 
       2.715885963986e-05       7.447544737206e+01 
       2.747334441281e-05       7.530917983192e+01 
       2.779147074781e-05       7.615224991585e+01 
       2.811328081215e-05       7.700475317905e+01 
       2.843881726141e-05       7.786679433176e+01 
       2.876812324509e-05       7.873849286973e+01 
       2.910124241235e-05       7.961995045195e+01 
       2.943821891777e-05       8.051126489742e+01 
       2.977909742722e-05       8.141256748753e+01 
       3.012392312378e-05       8.232395385030e+01 
       3.047274171372e-05       8.324554184627e+01 
       3.082559943257e-05       8.417744563635e+01 
       3.118254305123e-05       8.511978065158e+01 
       3.154361988220e-05       8.607266362107e+01 
       3.190887778582e-05       8.703620743678e+01 
       3.227836517662e-05       8.801054679238e+01 
       3.265213102977e-05       8.899578299624e+01 
       3.303022488752e-05       8.999205106305e+01 
       3.341269686580e-05       9.099946425857e+01 
       3.379959766085e-05       9.201816712948e+01 
       3.419097855597e-05       9.304826435069e+01 
       3.458689142826e-05       9.408989040373e+01 
       3.498738875555e-05       9.514318070865e+01 
       3.539252362331e-05       9.620825955475e+01 
       3.580234973175e-05       9.728525728391e+01 
       3.621692140287e-05       9.837430856746e+01 
       3.663629358769e-05       9.947555047464e+01 
       3.706052187354e-05       1.005891219830e+02 
       3.748966249142e-05       1.017151538698e+02 
       3.792377232346e-05       1.028537858972e+02 
       3.836290891044e-05       1.040051630079e+02 
       3.880713045945e-05       1.051694311174e+02 
       3.925649585156e-05       1.063467307522e+02 
       3.971106464968e-05       1.075372000275e+02 
       4.017089710640e-05       1.087409940088e+02 
       4.063605417202e-05       1.099582663914e+02 
       4.110659750261e-05       1.111891686325e+02 
       4.158258946817e-05       1.124338336221e+02 
       4.206409316093e-05       1.136924379869e+02 
       4.255117240367e-05       1.149651277942e+02 
       4.304389175822e-05       1.162520568250e+02 
       4.354231653400e-05       1.175533900450e+02 
       4.404651279668e-05       1.188692924701e+02 
       4.455654737692e-05       1.201999182579e+02 
       4.507248787925e-05       1.215454311549e+02 
       4.559440269102e-05       1.229060063921e+02 
       4.612236099149e-05       1.242818102946e+02 
       4.665643276095e-05       1.256730167368e+02 
       4.719668879004e-05       1.270797830305e+02 
       4.774320068910e-05       1.285022918203e+02 
       4.829604089770e-05       1.299407289639e+02 
       4.885528269421e-05       1.313952568472e+02 
       4.942100020552e-05       1.328660643429e+02 
       4.999326841688e-05       1.343533304118e+02 
       5.057216318182e-05       1.358572436263e+02 
       5.115776123220e-05       1.373779728609e+02 
       5.175014018843e-05       1.389157394210e+02 
       5.234937856969e-05       1.404706981100e+02 
       5.295555580437e-05       1.420430690853e+02 
       5.356875224061e-05       1.436330229481e+02 
       5.418904915694e-05       1.452407785305e+02 
       5.481652877304e-05       1.468665158252e+02 
       5.545127426066e-05       1.485104456528e+02 
       5.609336975461e-05       1.501727734143e+02 
       5.674290036397e-05       1.518537058025e+02 
       5.739995218331e-05       1.535534389580e+02 
       5.806461230413e-05       1.552721953778e+02 
       5.873696882643e-05       1.570101882516e+02 
       5.941711087032e-05       1.587676257498e+02 
       6.010512858790e-05       1.605447107198e+02 
       6.080111317517e-05       1.623416914566e+02 
       6.150515688413e-05       1.641587795310e+02 
       6.221735303502e-05       1.659962006994e+02 
       6.293779602866e-05       1.678541626582e+02 
       6.366658135899e-05       1.697329285416e+02 
       6.440380562572e-05       1.716326983097e+02 
       6.514956654713e-05       1.735537320960e+02 
       6.590396297301e-05       1.754962578001e+02 
       6.666709489780e-05       1.774605085404e+02 
       6.743906347381e-05       1.794467365039e+02 
       6.821997102464e-05       1.814551955771e+02 
       6.900992105873e-05       1.834861097556e+02 
       6.980901828311e-05       1.855397425123e+02 
       7.061736861725e-05       1.876163568162e+02 
       7.143507920710e-05       1.897161902335e+02 
       7.226225843933e-05       1.918395177982e+02 
       7.309901595565e-05       1.939865964870e+02 
       7.394546266735e-05       1.961576831107e+02 
       7.480171077004e-05       1.983530591930e+02 
       7.566787375846e-05       2.005729950868e+02 
       7.654406644159e-05       2.028177564954e+02 
       7.743040495782e-05       2.050876243044e+02 
       7.832700679035e-05       2.073828781241e+02 
       7.923399078279e-05       2.097038013052e+02 
       8.015147715489e-05       2.120506838283e+02 
       8.107958751847e-05       2.144238039445e+02 
       8.201844489355e-05       2.168234777530e+02 
       8.296817372467e-05       2.192499783989e+02 
       8.392889989734e-05       2.217036229288e+02 
       8.490075075478e-05       2.241846894567e+02 
       8.588385511478e-05       2.266935081055e+02 
       8.687834328674e-05       2.292303844173e+02 
       8.788434708901e-05       2.317956207352e+02 
       8.890199986629e-05       2.343895337789e+02 
       8.993143650735e-05       2.370124527637e+02 
       9.097279346292e-05       2.396647127084e+02 
       9.202620876372e-05       2.423465983998e+02 
       9.309182203881e-05       2.450584758235e+02 
       9.416977453408e-05       2.478006755737e+02 
       9.526020913096e-05       2.505735321322e+02 
       9.636327036538e-05       2.533773741283e+02 
       9.747910444691e-05       2.562125657242e+02 
       9.860785927815e-05       2.590794567903e+02 
       9.974968447433e-05       2.619783810957e+02 
       1.009047313831e-04       2.649097170868e+02 
       1.020731531048e-04       2.678737885849e+02 
       1.032551045123e-04       2.708710216200e+02 
       1.044507422721e-04       2.739017329036e+02 
       1.056602248647e-04       2.769663148053e+02 
       1.068837126056e-04       2.800651461989e+02 
       1.081213676668e-04       2.831986086995e+02 
       1.093733540983e-04       2.863670731995e+02 
       1.106398378493e-04       2.895709533347e+02 
       1.119209867910e-04       2.928106305307e+02 
       1.132169707383e-04       2.960864913401e+02 
       1.145279614724e-04       2.993989503868e+02 
       1.158541327637e-04       3.027484172088e+02 
       1.171956603949e-04       3.061353033070e+02 
       1.185527221839e-04       3.095600189447e+02 
       1.199254980078e-04       3.130229891797e+02 
       1.213141698266e-04       3.165246366964e+02 
       1.227189217072e-04       3.200653915072e+02 
       1.241399398479e-04       3.236456857607e+02 
       1.255774126032e-04       3.272659573695e+02 
       1.270315305085e-04       3.309266720708e+02 
       1.285024863056e-04       3.346282514012e+02 
       1.299904749680e-04       3.383711594298e+02 
       1.314956937272e-04       3.421558642045e+02 
       1.330183420980e-04       3.459828144573e+02 
       1.345586219061e-04       3.498524744537e+02 
       1.361167373137e-04       3.537653418607e+02 
       1.376928948475e-04       3.577218856033e+02 
       1.392873034253e-04       3.617225760288e+02 
       1.409001743843e-04       3.657679323586e+02 
       1.425317215088e-04       3.698584199118e+02 
       1.441821610585e-04       3.739945500180e+02 
       1.458517117976e-04       3.781768197367e+02 
       1.475405950231e-04       3.824057633114e+02 
       1.492490345947e-04       3.866818915369e+02 
       1.509772569641e-04       3.910057143896e+02 
       1.527254912054e-04       3.953777640195e+02 
       1.544939690451e-04       3.997985655106e+02 
       1.562829248931e-04       4.042686833168e+02 
       1.580925958735e-04       4.087886395990e+02 
       1.599232218562e-04       4.133589929511e+02 
       1.617750454888e-04       4.179803101213e+02 
       1.636483122285e-04       4.226531403409e+02 
       1.655432703746e-04       4.273780616732e+02 
       1.674601711020e-04       4.321556494670e+02 
       1.693992684936e-04       4.369864651164e+02 
       1.713608195748e-04       4.418711353946e+02 
       1.733450843470e-04       4.468102188173e+02 
       1.753523258223e-04       4.518043318382e+02 
       1.773828100586e-04       4.568540793143e+02 
       1.794368061941e-04       4.619600980097e+02 
       1.815145864840e-04       4.671229439086e+02 
       1.836164263357e-04       4.723433064629e+02 
       1.857426043458e-04       4.776217872785e+02 
       1.878934023370e-04       4.829590741144e+02 
       1.900691053951e-04       4.883557291605e+02 
       1.922700019072e-04       4.938124643624e+02 
       1.944963835998e-04       4.993299261889e+02 
       1.967485455774e-04       5.049088160719e+02 
       1.990267863617e-04       5.105497338193e+02 
       2.013314079308e-04       5.162534119787e+02 
       2.036627157600e-04       5.220205563786e+02 
       2.060210188616e-04       5.278518340870e+02 
       2.084066298261e-04       5.337479173958e+02 
       2.108198648637e-04       5.397096146604e+02 
       2.132610438459e-04       5.457375236254e+02 
       2.157304903485e-04       5.518324664489e+02 
       2.182285316940e-04       5.579951359295e+02 
       2.207554989950e-04       5.642262727757e+02 
       2.233117271982e-04       5.705266361436e+02 
       2.258975551290e-04       5.768969494191e+02 
       2.285133255360e-04       5.833380424615e+02 
       2.311593851368e-04       5.898506392477e+02 
       2.338360846638e-04       5.964355421320e+02 
       2.365437789105e-04       6.030934892728e+02 
       2.392828267788e-04       6.098253565177e+02 
       2.420535913267e-04       6.166319066327e+02 
       2.448564398159e-04       6.235139164526e+02 
       2.476917437610e-04       6.304723134873e+02 
       2.505598789784e-04       6.375078193371e+02 
       2.534612256364e-04       6.446213604014e+02 
       2.563961683053e-04       6.518137092919e+02 
       2.593650960086e-04       6.590857503815e+02 
       2.623684022745e-04       6.664383491410e+02 
       2.654064851879e-04       6.738723848639e+02 
       2.684797474434e-04       6.813887220381e+02 
       2.715885963986e-04       6.889882745117e+02 
       2.747334441281e-04       6.966719311015e+02 
       2.779147074781e-04       7.044405991107e+02 
       2.811328081215e-04       7.122951981250e+02 
       2.843881726141e-04       7.202366603753e+02 
       2.876812324509e-04       7.282658979887e+02 
       2.910124241235e-04       7.363838980004e+02 
       2.943821891777e-04       7.445916035422e+02 
       2.977909742722e-04       7.528899550105e+02 
       3.012392312378e-04       7.612799621529e+02 
       3.047274171372e-04       7.697625857021e+02 
       3.082559943257e-04       7.783388143186e+02 
       3.118254305123e-04       7.870096427358e+02 
       3.154361988220e-04       7.957761574167e+02 
       3.190887778582e-04       8.046392991037e+02 
       3.227836517662e-04       8.136001329991e+02 
       3.265213102977e-04       8.226597102480e+02 
       3.303022488752e-04       8.318190578294e+02 
       3.341269686580e-04       8.410792187534e+02 
       3.379959766085e-04       8.504413413802e+02 
       3.419097855597e-04       8.599064731050e+02 
       3.458689142826e-04       8.694757041348e+02 
       3.498738875555e-04       8.791501870019e+02 
       3.539252362332e-04       8.889309020642e+02 
       3.580234973175e-04       8.988191466929e+02 
       3.621692140287e-04       9.088159302998e+02 
       3.663629358769e-04       9.189224668922e+02 
       3.706052187354e-04       9.291398805795e+02 
       3.748966249142e-04       9.394693471588e+02 
       3.792377232346e-04       9.499120464841e+02 
       3.836290891044e-04       9.604691512259e+02 
       3.880713045945e-04       9.711419592353e+02 
       3.925649585156e-04       9.819315665281e+02 
       3.971106464968e-04       9.928392374689e+02 
       4.017089710640e-04       1.003866185926e+03 
       4.063605417202e-04       1.015013732087e+03 
       4.110659750261e-04       1.026283055009e+03 
       4.158258946817e-04       1.037675437985e+03 
       4.206409316093e-04       1.049192177640e+03 
       4.255117240367e-04       1.060834559158e+03 
       4.304389175822e-04       1.072603909208e+03 
       4.354231653400e-04       1.084501484284e+03 
       4.404651279668e-04       1.096528667606e+03 
       4.455654737692e-04       1.108686771104e+03 
       4.507248787925e-04       1.120977132835e+03 
       4.559440269102e-04       1.133401135829e+03 
       4.612236099149e-04       1.145960128827e+03 
       4.665643276095e-04       1.158655566043e+03 
       4.719668879004e-04       1.171488754737e+03 
       4.774320068910e-04       1.184461084754e+03 
       4.829604089770e-04       1.197574122830e+03 
       4.885528269421e-04       1.210829118234e+03 
       4.942100020552e-04       1.224227689019e+03 
       4.999326841688e-04       1.237771132706e+03 
       5.057216318182e-04       1.251461055560e+03 
       5.115776123220e-04       1.265298833865e+03 
       5.175014018843e-04       1.279285987301e+03 
       5.234937856969e-04       1.293424065864e+03 
       5.295555580437e-04       1.307714481108e+03 
       5.356875224061e-04       1.322158871688e+03 
       5.418904915694e-04       1.336758782612e+03 
       5.481652877304e-04       1.351515680693e+03 
       5.545127426066e-04       1.366431161667e+03 
       5.609336975461e-04       1.381506831831e+03 
       5.674290036397e-04       1.396744250591e+03 
       5.739995218331e-04       1.412145036645e+03 
       5.806461230413e-04       1.427710749572e+03 
       5.873696882643e-04       1.443443156646e+03 
       5.941711087032e-04       1.459343765499e+03 
       6.010512858790e-04       1.475414294732e+03 
       6.080111317517e-04       1.491656310055e+03 
       6.150515688413e-04       1.508071589122e+03 
       6.221735303502e-04       1.524661883605e+03 
       6.293779602866e-04       1.541428653597e+03 
       6.366658135899e-04       1.558373830187e+03 
       6.440380562572e-04       1.575499048764e+03 
       6.514956654713e-04       1.592806134578e+03 
       6.590396297301e-04       1.610296666316e+03 
       6.666709489780e-04       1.627972554279e+03 
       6.743906347381e-04       1.645835565821e+03 
       6.821997102464e-04       1.663887381107e+03 
       6.900992105873e-04       1.682129927482e+03 
       6.980901828311e-04       1.700564963195e+03 
       7.061736861725e-04       1.719194258048e+03 
       7.143507920711e-04       1.738019619967e+03 
       7.226225843934e-04       1.757043071658e+03 
       7.309901595565e-04       1.776266292990e+03 
       7.394546266735e-04       1.795691241532e+03 
       7.480171077004e-04       1.815319826911e+03 
       7.566787375846e-04       1.835153932453e+03 
       7.654406644159e-04       1.855195327950e+03 
       7.743040495782e-04       1.875446134509e+03 
       7.832700679035e-04       1.895908131038e+03 
       7.923399078280e-04       1.916583302636e+03 
       8.015147715489e-04       1.937473595610e+03 
       8.107958751847e-04       1.958580921191e+03 
       8.201844489355e-04       1.979907378503e+03 
       8.296817372467e-04       2.001454883649e+03 
       8.392889989734e-04       2.023225410574e+03 
       8.490075075478e-04       2.045221012711e+03 
       8.588385511478e-04       2.067443660302e+03 
       8.687834328675e-04       2.089895472409e+03 
       8.788434708901e-04       2.112578354308e+03 
       8.890199986629e-04       2.135494325804e+03 
       8.993143650735e-04       2.158645516333e+03 
       9.097279346292e-04       2.182034022853e+03 
       9.202620876372e-04       2.205662038424e+03 
       9.309182203881e-04       2.229531285183e+03 
       9.416977453408e-04       2.253644151757e+03 
       9.526020913096e-04       2.278002638817e+03 
       9.636327036538e-04       2.302608874193e+03 
       9.747910444691e-04       2.327464991662e+03 
       9.860785927815e-04       2.352573028177e+03 
       9.974968447433e-04       2.377935220863e+03 
       1.009047313831e-03       2.403553574919e+03 
       1.020731531048e-03       2.429430395601e+03 
       1.032551045123e-03       2.455567774240e+03 
       1.044507422721e-03       2.481967799920e+03 
       1.056602248647e-03       2.508632675112e+03 
       1.068837126056e-03       2.535564541794e+03 
       1.081213676668e-03       2.562765608953e+03 
       1.093733540983e-03       2.590238060550e+03 
       1.106398378493e-03       2.617984071358e+03 
       1.119209867910e-03       2.646005894382e+03 
       1.132169707383e-03       2.674305365472e+03 
       1.145279614724e-03       2.702885068159e+03 
       1.158541327637e-03       2.731747038637e+03 
       1.171956603949e-03       2.760893435982e+03 
       1.185527221839e-03       2.790326517404e+03 
       1.199254980078e-03       2.820048609447e+03 
       1.213141698266e-03       2.850061289244e+03 
       1.227189217072e-03       2.880367400812e+03 
       1.241399398479e-03       2.910968990439e+03 
       1.255774126032e-03       2.941868164148e+03 
       1.270315305085e-03       2.973066946351e+03 
       1.285024863056e-03       3.004567898419e+03 
       1.299904749680e-03       3.036372607764e+03 
       1.314956937272e-03       3.068484099907e+03 
       1.330183420980e-03       3.100903651149e+03 
       1.345586219061e-03       3.133633944716e+03 
       1.361167373137e-03       3.166676982151e+03 
       1.376928948475e-03       3.200034979906e+03 
       1.392873034253e-03       3.233709987706e+03 
       1.409001743843e-03       3.267703892013e+03 
       1.425317215088e-03       3.302019722743e+03 
       1.441821610585e-03       3.336658210039e+03 
       1.458517117976e-03       3.371622481930e+03 
       1.475405950231e-03       3.406914393198e+03 
       1.492490345947e-03       3.442535774734e+03 
       1.509772569641e-03       3.478489220858e+03 
       1.527254912054e-03       3.514776036644e+03 
       1.544939690451e-03       3.551395979787e+03 
       1.562829248931e-03       3.588353421541e+03 
       1.580925958735e-03       3.625650165358e+03 
       1.599232218563e-03       3.663288856632e+03 
       1.617750454888e-03       3.701271196511e+03 
       1.636483122285e-03       3.739599246295e+03 
       1.655432703746e-03       3.778274841879e+03 
       1.674601711020e-03       3.817299792385e+03 
       1.693992684936e-03       3.856676211646e+03 
       1.713608195748e-03       3.896405710095e+03 
       1.733450843470e-03       3.936490261273e+03 
       1.753523258223e-03       3.976931748939e+03 
       1.773828100586e-03       4.017731839260e+03 
       1.794368061941e-03       4.058892119171e+03 
       1.815145864840e-03       4.100414763583e+03 
       1.836164263357e-03       4.142300968098e+03 
       1.857426043458e-03       4.184552689587e+03 
       1.878934023370e-03       4.227171452995e+03 
       1.900691053951e-03       4.270158918167e+03 
       1.922700019072e-03       4.313516675256e+03 
       1.944963835998e-03       4.357246287767e+03 
       1.967485455774e-03       4.401349188851e+03 
       1.990267863617e-03       4.445826633008e+03 
       2.013314079308e-03       4.490680196932e+03 
       2.036627157600e-03       4.535911287206e+03 
       2.060210188616e-03       4.581521112007e+03 
       2.084066298261e-03       4.627510945061e+03 
       2.108198648637e-03       4.673882127978e+03 
       2.132610438459e-03       4.720635880432e+03 
       2.157304903486e-03       4.767773094005e+03 
       2.182285316940e-03       4.815295065530e+03 
       2.207554989950e-03       4.863202790283e+03 
       2.233117271982e-03       4.911497140513e+03 
       2.258975551290e-03       4.960179066610e+03 
       2.285133255360e-03       5.009249494014e+03 
       2.311593851368e-03       5.058709227774e+03 
       2.338360846638e-03       5.108558999519e+03 
       2.365437789105e-03       5.158799443734e+03 
       2.392828267788e-03       5.209431181493e+03 
       2.420535913267e-03       5.260454820088e+03 
       2.448564398159e-03       5.311870828980e+03 
       2.476917437610e-03       5.363679621243e+03 
       2.505598789784e-03       5.415881609904e+03 
       2.534612256364e-03       5.468476827082e+03 
       2.563961683053e-03       5.521465836030e+03 
       2.593650960086e-03       5.574848547598e+03 
       2.623684022745e-03       5.628625018687e+03 
       2.654064851879e-03       5.682795330550e+03 
       2.684797474434e-03       5.737359304112e+03 
       2.715885963986e-03       5.792316734279e+03 
       2.747334441281e-03       5.847667354107e+03 
       2.779147074781e-03       5.903410778405e+03 
       2.811328081215e-03       5.959546508547e+03 
       2.843881726141e-03       6.016074109475e+03 
       2.876812324509e-03       6.072992832377e+03 
       2.910124241235e-03       6.130302213187e+03 
       2.943821891777e-03       6.188000609227e+03 
       2.977909742722e-03       6.246087869069e+03 
       3.012392312378e-03       6.304562612119e+03 
       3.047274171372e-03       6.363423706051e+03 
       3.082559943257e-03       6.422670045876e+03 
       3.118254305123e-03       6.482300162659e+03 
       3.154361988220e-03       6.542312509138e+03 
       3.190887778582e-03       6.602705461035e+03 
       3.227836517662e-03       6.663477259199e+03 
       3.265213102977e-03       6.724626062951e+03 
       3.303022488752e-03       6.786150060483e+03 
       3.341269686580e-03       6.848047094548e+03 
       3.379959766086e-03       6.910314972481e+03 
       3.419097855597e-03       6.972951225355e+03 
       3.458689142826e-03       7.035953410281e+03 
       3.498738875555e-03       7.099318837452e+03 
       3.539252362332e-03       7.163044624735e+03 
       3.580234973175e-03       7.227128480841e+03 
       3.621692140287e-03       7.291567029521e+03 
       3.663629358769e-03       7.356357038976e+03 
       3.706052187354e-03       7.421494901490e+03 
       3.748966249142e-03       7.486977385733e+03 
       3.792377232346e-03       7.552800837323e+03 
       3.836290891044e-03       7.618961608862e+03 
       3.880713045945e-03       7.685456489400e+03 
       3.925649585156e-03       7.752279092765e+03 
       3.971106464968e-03       7.819427273760e+03 
       4.017089710640e-03       7.886896078929e+03 
       4.063605417202e-03       7.954680119154e+03 
       4.110659750261e-03       8.022775673028e+03 
       4.158258946817e-03       8.091177488369e+03 
       4.206409316093e-03       8.159880485425e+03 
       4.255117240367e-03       8.228879216314e+03 
       4.304389175822e-03       8.298168213303e+03 
       4.354231653401e-03       8.367741758876e+03 
       4.404651279668e-03       8.437594272801e+03 
       4.455654737692e-03       8.507719188201e+03 
       4.507248787925e-03       8.578111875679e+03 
       4.559440269103e-03       8.648764063260e+03 
       4.612236099149e-03       8.719669978379e+03 
       4.665643276095e-03       8.790821825974e+03 
       4.719668879004e-03       8.862214820187e+03 
       4.774320068910e-03       8.933840121902e+03 
       4.829604089770e-03       9.005689162365e+03 
       4.885528269421e-03       9.077757060709e+03 
       4.942100020552e-03       9.150034459104e+03 
       4.999326841688e-03       9.222513259260e+03 
       5.057216318182e-03       9.295186750704e+03 
       5.115776123221e-03       9.368043009443e+03 
       5.175014018843e-03       9.441075794484e+03 
       5.234937856969e-03       9.514275157905e+03 
       5.295555580437e-03       9.587632572440e+03 
       5.356875224061e-03       9.661138430839e+03 
       5.418904915694e-03       9.734788732075e+03 
       5.481652877304e-03       9.808563922362e+03 
       5.545127426066e-03       9.882456275677e+03 
       5.609336975461e-03       9.956461298318e+03 
       5.674290036397e-03       1.003057101641e+04 
       5.739995218331e-03       1.010491327238e+04 
       5.806461230414e-03       1.017903121445e+04 
       5.873696882643e-03       1.025334031903e+04 
       5.941711087032e-03       1.032770703885e+04 
       6.010512858790e-03       1.040212139291e+04 
       6.080111317517e-03       1.047655687628e+04 
       6.150515688413e-03       1.055100733903e+04 
       6.221735303502e-03       1.062546381670e+04 
       6.293779602866e-03       1.069991372680e+04 
       6.366658135899e-03       1.077433753723e+04 
       6.440380562572e-03       1.084875504826e+04 
       6.514956654713e-03       1.092309612828e+04 
       6.590396297301e-03       1.099734790222e+04 
       6.666709489781e-03       1.107157166627e+04 
       6.743906347381e-03       1.114565285802e+04 
       6.821997102464e-03       1.121965059763e+04 
       6.900992105873e-03       1.129352770181e+04 
       6.980901828311e-03       1.136727595725e+04 
       7.061736861725e-03       1.144085968802e+04 
       7.143507920711e-03       1.151424451459e+04 
       7.226225843934e-03       1.158748395588e+04 
       7.309901595565e-03       1.166047208845e+04 
       7.394546266735e-03       1.173329361840e+04 
       7.480171077004e-03       1.180584694149e+04 
       7.566787375846e-03       1.187814523277e+04 
       7.654406644159e-03       1.195016912643e+04 
       7.743040495782e-03       1.202189836264e+04 
       7.832700679035e-03       1.209331720826e+04 
       7.923399078280e-03       1.216440346929e+04 
       8.015147715490e-03       1.223514038084e+04 
       8.107958751847e-03       1.230550985696e+04 
       8.201844489356e-03       1.237549022302e+04 
       8.296817372467e-03       1.244506283986e+04 
       8.392889989734e-03       1.251420413982e+04 
       8.490075075479e-03       1.258287092159e+04 
       8.588385511478e-03       1.265111777571e+04 
       8.687834328675e-03       1.271884752707e+04 
       8.788434708901e-03       1.278606714331e+04 
       8.890199986629e-03       1.285274439293e+04 
       8.993143650736e-03       1.291884662649e+04 
       9.097279346292e-03       1.298440518899e+04 
       9.202620876372e-03       1.304934343228e+04 
       9.309182203881e-03       1.311365518796e+04 
       9.416977453408e-03       1.317729707885e+04 
       9.526020913096e-03       1.324030562090e+04 
       9.636327036538e-03       1.330259261477e+04 
       9.747910444691e-03       1.336415753541e+04 
       9.860785927815e-03       1.342497610996e+04 
       9.974968447433e-03       1.348502640297e+04 
       1.009047313831e-02       1.354427152192e+04 
       1.020731531048e-02       1.360270046461e+04 
       1.032551045123e-02       1.366027670176e+04 
       1.044507422721e-02       1.371697820822e+04 
       1.056602248647e-02       1.377278088033e+04 
       1.068837126056e-02       1.382765274878e+04 
       1.081213676668e-02       1.388154328887e+04 
       1.093733540983e-02       1.393451171633e+04 
       1.106398378493e-02       1.398644057743e+04 
       1.119209867910e-02       1.403733394680e+04 
       1.132169707383e-02       1.408716279628e+04 
       1.145279614724e-02       1.413589960124e+04 
       1.158541327637e-02       1.418351264897e+04 
       1.171956603949e-02       1.422998157596e+04 
       1.185527221839e-02       1.427527007452e+04 
       1.199254980078e-02       1.431935675378e+04 
       1.213141698266e-02       1.436220284799e+04 
       1.227189217072e-02       1.440378499080e+04 
       1.241399398479e-02       1.444407599817e+04 
       1.255774126032e-02       1.448302419429e+04 
       1.270315305085e-02       1.452067054723e+04 
       1.285024863056e-02       1.455691959795e+04 
       1.299904749680e-02       1.459175017073e+04 
       1.314956937272e-02       1.462514787429e+04 
       1.330183420981e-02       1.465707152087e+04 
       1.345586219061e-02       1.468749923597e+04 
       1.361167373138e-02       1.471640784691e+04 
       1.376928948475e-02       1.474375108716e+04 
       1.392873034253e-02       1.476950924324e+04 
       1.409001743843e-02       1.479362291826e+04 
       1.425317215089e-02       1.481616238032e+04 
       1.441821610587e-02       1.483696840432e+04 
       1.458517117979e-02       1.485611953614e+04 
       1.475405950236e-02       1.487349154049e+04 
       1.492490345954e-02       1.488916999652e+04 
       1.509772569652e-02       1.490302947194e+04 
       1.527254912071e-02       1.491504533542e+04 
       1.544939690478e-02       1.492529015334e+04 
       1.562829248971e-02       1.493363601366e+04 
       1.580925958796e-02       1.494008760256e+04 
       1.599232218653e-02       1.494460673808e+04 
       1.617750455024e-02       1.494721512330e+04 
       1.636483122486e-02       1.494785981677e+04 
       1.655432704044e-02       1.494650196895e+04 
       1.674601711457e-02       1.494313853236e+04 
       1.693992685576e-02       1.493772582018e+04 
       1.713608196679e-02       1.493025579429e+04 
       1.733450844818e-02       1.492072762473e+04 
       1.753523260166e-02       1.490907459813e+04 
       1.773828103371e-02       1.489531776777e+04 
       1.794368065916e-02       1.487943163549e+04 
       1.815145870485e-02       1.486139673692e+04 
       1.836164271338e-02       1.484117648658e+04 
       1.857426054688e-02       1.481879820431e+04 
       1.878934039099e-02       1.479420779537e+04 
       1.900691075882e-02       1.476741985847e+04 
       1.922700049514e-02       1.473840808147e+04 
       1.944963878064e-02       1.470718453093e+04 
       1.967485513646e-02       1.467369802731e+04 
       1.990267942886e-02       1.463799059442e+04 
       2.013314187418e-02       1.460006386720e+04 
       2.036627304413e-02       1.455981065640e+04 
       2.060210387143e-02       1.451738878329e+04 
       2.084066565594e-02       1.447266811281e+04 
       2.108199007132e-02       1.442572452270e+04 
       2.132610917233e-02       1.437650875661e+04 
       2.157305540298e-02       1.432509674443e+04 
       2.182286160562e-02       1.427144640347e+04 
       2.207556103107e-02       1.421555939453e+04 
       2.233118735024e-02       1.415751660904e+04 
       2.258977466725e-02       1.409724465377e+04 
       2.285135753444e-02       1.403477574465e+04 
       2.311597096960e-02       1.397021758499e+04 
       2.338365047576e-02       1.390348259302e+04 
       2.365443206404e-02       1.383473400461e+04 
       2.392835227985e-02       1.376376543096e+04 
       2.420544823324e-02       1.369081405466e+04 
       2.448575763377e-02       1.361584075493e+04 
       2.476931883071e-02       1.353889438367e+04 
       2.505617085914e-02       1.346000161243e+04 
       2.534635349295e-02       1.337918143481e+04 
       2.563990730545e-02       1.329652188540e+04 
       2.593687373859e-02       1.321206289403e+04 
       2.623729518179e-02       1.312578405168e+04 
       2.654121506145e-02       1.303780348135e+04 
       2.684867794236e-02       1.294813811084e+04 
       2.715972964213e-02       1.285685951557e+04 
       2.747441735992e-02       1.276405280073e+04 
       2.779278982095e-02       1.266973285327e+04 
       2.811489743796e-02       1.257398252494e+04 
       2.844079249118e-02       1.247681809951e+04 
       2.877052932829e-02       1.237835533462e+04 
       2.910416458577e-02       1.227866178138e+04 
       2.944175743324e-02       1.217781771747e+04 
       2.978336984229e-02       1.207584525086e+04 
       3.012906688143e-02       1.197288025547e+04 
       3.047891703860e-02       1.186894350107e+04 
       3.083299257292e-02       1.176414655556e+04 
       3.119136989729e-02       1.165854297651e+04 
       3.155412999330e-02       1.155220289658e+04 
       3.192135886028e-02       1.144523839706e+04 
       3.229314800000e-02       1.133769318185e+04 
       3.266959493883e-02       1.122971638846e+04 
       3.305080378907e-02       1.112130323566e+04 
       3.343688585140e-02       1.101256739751e+04 
       3.382796026049e-02       1.090359918446e+04 
       3.422415467576e-02       1.079447633606e+04 
       3.462560601987e-02       1.068524752761e+04 
       3.503246126743e-02       1.057606305136e+04 
       3.544487828680e-02       1.046692104527e+04 
       3.586302673836e-02       1.035790703842e+04 
       3.628708903265e-02       1.024915348417e+04 
       3.671726135281e-02       1.014072571454e+04 
       3.715375474554e-02       1.003263891767e+04 
       3.759679628626e-02       9.925022467045e+03 
       3.804663032394e-02       9.817894617297e+03 
       3.850351981257e-02       9.711364502600e+03 
       3.896774773647e-02       9.605504343627e+03 
       3.943961863803e-02       9.500310550003e+03 
       3.991946025704e-02       9.395903402839e+03 
       4.040762529214e-02       9.292349357782e+03 
       4.090449329596e-02       9.189716126207e+03 
       4.141047271668e-02       9.087995435321e+03 
       4.192600310022e-02       8.987258979237e+03 
       4.245155746869e-02       8.887606654355e+03 
       4.298764489191e-02       8.788989324726e+03 
       4.353481327074e-02       8.691515788716e+03 
       4.409365235243e-02       8.595210661134e+03 
       4.466479699954e-02       8.500058644047e+03 
       4.524893073607e-02       8.406148781128e+03 
       4.584678959564e-02       8.313477559210e+03 
       4.645916629810e-02       8.222034724702e+03 
       4.708691478228e-02       8.131830556952e+03 
       4.773095512343e-02       8.042838115595e+03 
       4.839227886449e-02       7.955076888514e+03 
       4.907195479007e-02       7.868468218240e+03 
       4.977113517128e-02       7.782971652581e+03 
       5.049106250695e-02       7.698566317733e+03 
       5.123307678349e-02       7.615065716211e+03 
       5.199862326970e-02       7.532423507858e+03 
       5.278926085431e-02       7.450448642438e+03 
       5.360667092273e-02       7.368956067401e+03 
       5.445266675338e-02       7.287720641601e+03 
       5.532920339303e-02       7.206458610212e+03 
       5.623838794362e-02       7.124813026842e+03 
       5.718249015791e-02       7.042395943359e+03 
       5.816395319819e-02       6.958755058328e+03 
       5.918540435865e-02       6.873304158858e+03 
       6.024966548720e-02       6.785411850444e+03 
       6.135976276655e-02       6.694391715699e+03 
       6.251893542609e-02       6.599391002988e+03 
       6.373064285839e-02       6.499510832257e+03 
       6.499856950893e-02       6.393750567184e+03 
       6.632662680188e-02       6.281084382995e+03 
       6.771895126701e-02       6.160459051544e+03 
       6.917989795640e-02       6.030830398065e+03 
       7.071402820368e-02       5.891216632070e+03 
       7.232609080346e-02       5.740807689248e+03 
       7.402099580350e-02       5.579117563038e+03 
       7.580378033086e-02       5.405967138985e+03 
       7.767956624213e-02       5.221752822864e+03 
       7.965350990852e-02       5.027396490438e+03 
       8.173074511534e-02       4.824690969396e+03 
       8.391632084123e-02       4.616029057320e+03 
       8.621513652003e-02       4.404664968374e+03 
       8.863187818018e-02       4.194445824666e+03 
       9.117095947570e-02       3.989623658000e+03 
       9.383647193527e-02       3.794509509666e+03 
       9.663214864356e-02       3.613046945537e+03 
       9.956134496649e-02       3.448353777817e+03 
       1.026270388488e-01       3.302228986148e+03 
       1.058318517516e-01       3.174744580130e+03 
       1.091780896389e-01       3.063993723561e+03 
       1.126678018022e-01       2.966048718388e+03 
       1.163028539463e-01       2.875215007266e+03 
       1.200850110468e-01       2.784728595194e+03 
       1.240160250935e-01       2.687791004415e+03 
       1.280977229736e-01       2.579021696783e+03 
       1.323320903011e-01       2.455795426069e+03 
       1.367213478399e-01       2.319311060771e+03 
       1.412680181168e-01       2.174342595986e+03 
       1.459749807307e-01       2.028656190951e+03 
       1.508455156417e-01       1.890801559606e+03 
       1.558833342794e-01       1.768180534159e+03 
       1.610925986516e-01       1.665079782744e+03 
       1.664779287468e-01       1.581617613045e+03 
       1.720443984608e-01       1.513665562094e+03 
       1.777975200619e-01       1.453878801112e+03 
       1.837432168962e-01       1.394044947713e+03 
       1.898877836591e-01       1.327744092196e+03 
       1.962378331605e-01       1.252024680653e+03 
       2.028002281301e-01       1.169690191751e+03 
       2.095819962817e-01       1.087618302924e+03 
       2.165902266250e-01       1.013088046828e+03 
       2.238319449405e-01       9.500494583712e+02 
       2.313139664670e-01       8.982871671345e+02 
       2.390427242822e-01       8.541041705124e+02 
       2.470240726546e-01       8.117103964073e+02 
       2.552630658914e-01       7.663950079493e+02 
       2.637637149750e-01       7.176803164521e+02 
       2.725287265860e-01       6.687862033204e+02 
       2.815592319178e-01       6.239604915652e+02 
       2.908545158654e-01       5.857548650318e+02 
       3.004117604359e-01       5.529743587468e+02 
       3.102258191828e-01       5.222655144711e+02 
       3.202890415635e-01       4.913572366244e+02 
       3.305911667426e-01       4.601274829481e+02 
       3.411193049484e-01       4.304714726492e+02 
       3.518580206247e-01       4.040190606397e+02 
       3.627895252767e-01       3.806346697795e+02 
       3.738939794993e-01       3.590961490785e+02 
       3.851498941200e-01       3.382318690149e+02 
       3.965346110037e-01       3.182174255123e+02 
       4.080248362920e-01       2.996321013806e+02 
       4.195971939798e-01       2.828036186415e+02 
       4.312287665359e-01       2.674608856269e+02 
       4.428975918624e-01       2.531921922126e+02 
       4.545830916798e-01       2.397800396916e+02 
       4.662664143103e-01       2.271973453185e+02 
       4.779306834873e-01       2.155888337859e+02 
       4.895611529944e-01       2.049281717315e+02 
       5.011452736821e-01       1.951100806578e+02 
       5.126726842101e-01       1.859199077909e+02 
       5.241351396082e-01       1.773230244584e+02 
       5.355263926378e-01       1.693024956069e+02 
       5.468420423877e-01       1.618671342323e+02 
       5.580793629940e-01       1.549486519257e+02 
       5.692371233017e-01       1.484798429315e+02 
       5.803154060143e-01       1.424200706910e+02 
       5.913154326949e-01       1.367217172590e+02 
       6.022393990208e-01       1.313813010648e+02 
       6.130903230555e-01       1.263581906735e+02 
       6.238719079925e-01       1.216428344970e+02 
       6.345884198356e-01       1.171942975576e+02 
       6.452445797683e-01       1.129889299226e+02 
       6.558454704819e-01       1.090132521867e+02 
       6.663964554352e-01       1.052419820736e+02 
       6.769031098564e-01       1.016734297066e+02 
       6.873711622382e-01       9.828076964079e+01 
       6.978064450880e-01       9.505713319219e+01 
       7.082148537514e-01       9.198752501284e+01 
       7.186023122112e-01       8.905647043989e+01 
       7.289747448637e-01       8.626271856247e+01 
       7.393380533787e-01       8.358847950428e+01 
       7.496980978553e-01       8.103284938275e+01 
       7.600606815829e-01       7.858396137498e+01 
       7.704315388111e-01       7.623356817846e+01 
       7.808163250164e-01       7.398032896321e+01 
       7.912206092288e-01       7.181140519213e+01 
       8.016498680489e-01       6.972818872004e+01 
       8.121094810452e-01       6.772131790995e+01 
       8.226047272731e-01       6.578752170574e+01 
       8.331407827012e-01       6.392458913409e+01 
       8.437227183700e-01       6.212412021111e+01 
       8.543554991395e-01       6.038814721362e+01 
       8.650439829136e-01       5.870843598375e+01 
       8.757929202493e-01       5.708533347012e+01 
       8.866069542829e-01       5.551510757989e+01 
       8.974906209191e-01       5.399382818867e+01 
       9.084483492458e-01       5.252218364734e+01 
       9.194844621479e-01       5.109390161006e+01 
       9.306031771029e-01       4.971111431709e+01 
       9.418086071480e-01       4.836838313478e+01 
       9.531047620166e-01       4.706642423039e+01 
       9.644955494436e-01       4.580236734771e+01 
       9.759847766432e-01       4.457444696978e+01 
       9.875761519647e-01       4.338187183799e+01 
       9.992732867328e-01       4.222241782001e+01 
       1.011079697277e+00       4.109661658316e+01 
       1.022998807154e+00       4.000082842812e+01 
       1.035033949575e+00       3.893653255928e+01 
       1.047188370022e+00       3.789996128948e+01 
       1.059465229068e+00       3.689276702808e+01 
       1.071867605396e+00       3.591137522047e+01 
       1.084398498992e+00       3.495782679906e+01 
       1.097060834532e+00       3.402823633422e+01 
       1.109857464920e+00       3.312460701084e+01 
       1.122791174987e+00       3.224376138256e+01 
       1.135864685313e+00       3.138731587838e+01 
       1.149080656174e+00       3.055242254328e+01 
       1.162441691565e+00       2.974044398541e+01 
       1.175950343306e+00       2.894878652105e+01 
       1.189609115185e+00       2.817866774483e+01 
       1.203420467125e+00       2.742798806162e+01 
       1.217386819343e+00       2.669734349788e+01 
       1.231510556492e+00       2.598561164742e+01 
       1.245794031742e+00       2.529225419892e+01 
       1.260239570798e+00       2.461720625487e+01 
       1.274849475821e+00       2.395915505789e+01 
       1.289626029245e+00       2.331878338821e+01 
       1.304571497466e+00       2.269449825443e+01 
       1.319688134390e+00       2.208678231719e+01 
       1.334978184833e+00       2.149479617304e+01 
       1.350443887759e+00       2.091796875322e+01 
       1.366087479354e+00       2.035665437766e+01 
       1.381911195924e+00       1.980942019407e+01 
       1.397917276628e+00       1.927672085871e+01 
       1.414107966025e+00       1.875807281045e+01 
       1.430485516462e+00       1.825262550434e+01 
       1.447052190285e+00       1.776069321940e+01 
       1.463810261892e+00       1.728156316223e+01 
       1.480762019622e+00       1.681475886412e+01 
       1.497909767502e+00       1.636040627591e+01 
       1.515255826846e+00       1.591792532175e+01 
       1.532802537724e+00       1.548682433292e+01 
       1.550552260303e+00       1.506721090401e+01 
       1.568507376079e+00       1.465870029397e+01 
       1.586670289002e+00       1.426075716655e+01 
       1.605043426498e+00       1.387335761428e+01 
       1.623629240414e+00       1.349630052777e+01 
       1.642430207880e+00       1.312910045932e+01 
       1.661448832101e+00       1.277144430494e+01 
       1.680687643089e+00       1.242345414230e+01 
       1.700149198342e+00       1.208471248841e+01 
       1.719836083472e+00       1.175492123784e+01 
       1.739750912795e+00       1.143377742074e+01 
       1.759896329888e+00       1.112111663571e+01 
       1.780275008108e+00       1.081687932666e+01 
       1.800889651099e+00       1.052077206248e+01 
       1.821742993268e+00       1.023250116048e+01 
       1.842837800244e+00       9.951857789851e+00 
       1.864176869332e+00       9.678682019276e+00 
       1.885763029949e+00       9.412840800632e+00 
       1.907599144053e+00       9.154144957530e+00 
       1.929688106566e+00       8.902378437359e+00 
       1.952032845794e+00       8.657359392487e+00 
       1.974636323843e+00       8.418883760398e+00 
       1.997501537038e+00       8.186816589876e+00 
       2.020631516330e+00       7.960957594249e+00 
       2.044029327721e+00       7.741099247236e+00 
       2.067698072676e+00       7.527207080902e+00 
       2.091640888543e+00       7.319078150781e+00 
       2.115860948978e+00       7.116570349352e+00 
       2.140361464370e+00       6.919521293493e+00 
       2.165145682269e+00       6.727785621853e+00 
       2.190216887819e+00       6.541238319205e+00 
       2.215578404201e+00       6.359741620933e+00 
       2.241233593069e+00       6.183139988118e+00 
       2.267185854999e+00       6.011331681827e+00 
       2.293438629943e+00       5.844192832678e+00 
       2.319995397682e+00       5.681600394372e+00 
       2.346859678290e+00       5.523399662948e+00 
       2.374035032601e+00       5.369511607367e+00 
       2.401525062680e+00       5.219812929771e+00 
       2.429333412303e+00       5.074187590154e+00 
       2.457463767437e+00       4.932545987430e+00 
       2.485919856729e+00       4.794741898776e+00 
       2.514705452006e+00       4.660688433137e+00 
       2.543824368765e+00       4.530302868559e+00 
       2.573280466689e+00       4.403491335053e+00 
       2.603077650152e+00       4.280169508245e+00 
       2.633219868737e+00       4.160216538045e+00 
       2.663711117763e+00       4.043531470056e+00 
       2.694555438813e+00       3.930047979927e+00 
       2.725756920268e+00       3.819685749354e+00 
       2.757319697850e+00       3.712365937349e+00 
       2.789247955171e+00       3.607984604395e+00 
       2.821545924287e+00       3.506469572689e+00 
       2.854217886260e+00       3.407752421268e+00 
       2.887268171722e+00       3.311769385267e+00 
       2.920701161452e+00       3.218408256596e+00 
       2.954521286958e+00       3.127638004594e+00 
       2.988733031060e+00       3.039378861529e+00 
       3.023340928488e+00       2.953542365399e+00 
       3.058349566482e+00       2.870099111054e+00 
       3.093763585398e+00       2.788958841695e+00 
       3.129587679326e+00       2.710056963083e+00 
       3.165826596711e+00       2.633345316960e+00 
       3.202485140982e+00       2.558759137706e+00 
       3.239568171190e+00       2.486247509724e+00 
       3.277080602651e+00       2.415745941527e+00 
       3.315027407595e+00       2.347205036683e+00 
       3.353413615831e+00       2.280570158742e+00 
       3.392244315411e+00       2.215800317987e+00 
       3.431524653299e+00       2.152822031034e+00 
       3.471259836064e+00       2.091612022114e+00 
       3.511455130560e+00       2.032088669080e+00 
       3.552115864630e+00       1.974242375179e+00 
       3.593247427810e+00       1.918004861335e+00 
       3.634855272045e+00       1.863337152431e+00 
       3.676944912409e+00       1.810210616208e+00 
       3.719521927838e+00       1.758561412523e+00 
       3.762591961870e+00       1.708356825648e+00 
       3.806160723392e+00       1.659565814304e+00 
       3.850233987394e+00       1.612144482149e+00 
       3.894817595741e+00       1.566039378343e+00 
       3.939917457941e+00       1.521235998095e+00 
       3.985539551933e+00       1.477700064515e+00 
       4.031689924876e+00       1.435377175889e+00 
       4.078374693951e+00       1.394248285540e+00 
       4.125600047175e+00       1.354276245513e+00 
       4.173372244215e+00       1.315426916006e+00 
       4.221697617227e+00       1.277674006504e+00 
       4.270582571685e+00       1.240995891992e+00 
       4.320033587237e+00       1.205336343393e+00 
       4.370057218561e+00       1.170688365957e+00 
       4.420660096237e+00       1.137021896237e+00 
       4.471848927620e+00       1.104314733721e+00 
       4.523630497734e+00       1.072526186572e+00 
       4.576011670171e+00       1.041637461107e+00 
       4.628999387999e+00       1.011628304811e+00 
       4.682600674681e+00       9.824475841097e-01 
       4.736822635011e+00       9.541135685681e-01 
       4.791672456050e+00       9.265799991509e-01 
       4.847157408084e+00       8.998272847041e-01 
       4.903284845581e+00       8.738284835987e-01 
       4.960062208174e+00       8.485752158393e-01 
       5.017497021640e+00       8.240425887664e-01 
       5.075596898901e+00       8.001951053765e-01 
       5.134369541033e+00       7.770398021861e-01 
       5.193822738287e+00       7.545422546050e-01 
       5.253964371119e+00       7.326864068069e-01 
       5.314802411238e+00       7.114483515929e-01 
       5.376344922659e+00       6.908200020055e-01 
       5.438600062776e+00       6.707797994388e-01 
       5.501576083441e+00       6.513068355487e-01 
       5.565281332057e+00       6.324005987855e-01 
       5.629724252685e+00       6.140304096846e-01 
       5.694913387165e+00       5.961829872396e-01 
       5.760857376245e+00       5.788488385205e-01 
       5.827564960731e+00       5.620116247304e-01 
       5.895044982641e+00       5.456533433107e-01 
       5.963306386377e+00       5.297667391357e-01 
       6.032358219916e+00       5.143361850746e-01 
       6.102209636003e+00       4.993465832854e-01 
       6.172869893367e+00       4.847885721590e-01 
       6.244348357950e+00       4.706496484796e-01 
       6.316654504144e+00       4.569173086593e-01 
       6.389797916050e+00       4.435785917409e-01 
       6.463788288749e+00       4.306224643288e-01 
       6.538635429584e+00       4.180408984684e-01 
       6.614349259463e+00       4.058204152597e-01 
       6.690939814172e+00       3.939530173748e-01 
       6.768417245706e+00       3.824279960075e-01 
       6.846791823615e+00       3.712350850502e-01 
       6.926073936363e+00       3.603653175629e-01 
       7.006274092710e+00       3.498099191922e-01 
       7.087402923099e+00       3.395569726999e-01 
       7.169471181068e+00       3.296023526483e-01 
       7.252489744677e+00       3.199361986006e-01 
       7.336469617946e+00       3.105488700966e-01 
       7.421421932316e+00       3.014331875452e-01 
       7.507357948125e+00       2.925826878507e-01 
       7.594289056098e+00       2.839884272339e-01 
       7.682226778859e+00       2.756428831529e-01 
       7.771182772459e+00       2.675380734039e-01 
       7.861168827918e+00       2.596704913050e-01 
       7.952196872791e+00       2.520302342182e-01 
       8.044278972745e+00       2.446120375946e-01 
       8.137427333164e+00       2.374084497810e-01 
       8.231654300761e+00       2.304148397053e-01 
       8.326972365220e+00       2.236243691142e-01 
       8.423394160847e+00       2.170321240007e-01 
       8.520932468245e+00       2.106315674080e-01 
       8.619600216013e+00       2.044169769893e-01 
       8.719410482453e+00       1.983836738385e-01 
       8.820376497308e+00       1.925259026669e-01 
       8.922511643513e+00       1.868394314379e-01 
       9.025829458973e+00       1.813187198147e-01 
       9.130343638351e+00       1.759586233310e-01 
       9.236068034888e+00       1.707554432453e-01 
       9.343016662239e+00       1.657040884999e-01 
       9.451203696329e+00       1.608017687116e-01 
       9.560643477232e+00       1.560403896413e-01 
       9.671350511072e+00       1.514192056975e-01 
       9.783339471946e+00       1.469332891078e-01 
       9.896625203871e+00       1.425787077202e-01 
       1.001122272275e+01       1.383518342107e-01 
       1.012714721835e+01       1.342491450802e-01 
       1.024441405635e+01       1.302653412112e-01 
       1.036303878033e+01       1.263992510359e-01 
       1.048303711388e+01       1.226465934405e-01 
       1.060442496265e+01       1.190038669288e-01 
       1.072721841646e+01       1.154683782851e-01 
       1.085143375145e+01       1.120366054997e-01 
       1.097708743222e+01       1.087052123878e-01 
       1.110419611405e+01       1.054722725802e-01 
       1.123277664505e+01       1.023338010111e-01 
       1.136284606842e+01       9.928808223365e-02 
       1.149442162473e+01       9.633191138092e-02 
       1.162752075418e+01       9.346286716947e-02 
       1.176216109891e+01       9.067777644492e-02 
       1.189836050535e+01       8.797568390820e-02 
       1.203613702659e+01       8.535265341815e-02 
       1.217550892476e+01       8.280661819968e-02 
       1.231649467344e+01       8.033647898817e-02 
       1.245911296016e+01       7.793899172284e-02 
       1.260338268880e+01       7.561237126280e-02 
       1.274932298216e+01       7.335385434294e-02 
       1.289695318448e+01       7.116258918023e-02 
       1.304629286397e+01       6.903599058054e-02 
       1.319736181545e+01       6.697218972229e-02 
       1.335018006294e+01       6.496954427348e-02 
       1.350476786234e+01       6.302601501140e-02 
       1.366114570410e+01       6.114005202384e-02 
       1.381933431591e+01       5.930996128708e-02 
       1.397935466553e+01       5.753424889431e-02 
       1.414122796346e+01       5.581079559240e-02 
       1.430497566584e+01       5.413868766346e-02 
       1.447061947725e+01       5.251600410753e-02 
       1.463818135360e+01       5.094133591773e-02 
       1.480768350503e+01       4.941345546671e-02 
       1.497914839888e+01       4.793139305474e-02 
       1.515259876261e+01       4.649270983593e-02 
       1.532805758690e+01       4.509719333195e-02 
       1.550554812862e+01       4.374295334784e-02 
       1.568509391395e+01       4.242885263259e-02 
       1.586671874149e+01       4.115405701231e-02 
       1.605044668541e+01       3.991719847251e-02 
       1.623630209866e+01       3.871693457977e-02 
       1.642430961616e+01       3.755266965044e-02 
       1.661449415811e+01       3.642284239432e-02 
       1.680688093327e+01       3.532674222449e-02 
       1.700149544228e+01       3.426333738155e-02 
       1.719836348111e+01       3.323150486446e-02 
       1.739751114438e+01       3.223065771475e-02 
       1.759896482892e+01       3.125939594257e-02 
       1.780275123717e+01       3.031734595433e-02 
       1.800889738082e+01       2.940307642797e-02 
       1.821743058432e+01       2.851665504555e-02 
       1.842837848850e+01       2.765615861123e-02 
       1.864176905429e+01       2.682189253199e-02 
       1.885763056638e+01       2.601230442618e-02 
       1.907599163697e+01       2.522677873686e-02 
       1.929688120960e+01       2.446500753946e-02 
       1.952032856292e+01       2.372572776170e-02 
       1.974636331465e+01       2.300879102527e-02 
       1.997501542546e+01       2.231330421467e-02 
       2.020631520292e+01       2.163864208226e-02 
       2.044029330557e+01       2.098405226770e-02 
       2.067698074696e+01       2.034925973252e-02 
       2.091640889975e+01       1.973336697040e-02 
       2.115860949989e+01       1.913599617807e-02 
       2.140361465079e+01       1.855663553229e-02 
       2.165145682764e+01       1.799445332077e-02 
       2.190216888164e+01       1.744929824973e-02 
       2.215578404439e+01       1.692042790786e-02 
       2.241233593233e+01       1.640756789978e-02 
       2.267185855111e+01       1.590997899300e-02 
       2.293438630019e+01       1.542739254105e-02 
       2.319995397734e+01       1.495923806628e-02 
       2.346859678325e+01       1.450528688005e-02 
       2.374035032624e+01       1.406493780760e-02 
       2.401525062696e+01       1.363785782069e-02 
       2.429333412313e+01       1.322352755149e-02 
       2.457463767443e+01       1.282181546410e-02 
       2.485919856734e+01       1.243211380851e-02 
       2.514705452009e+01       1.205409408876e-02 
       2.543824368767e+01       1.168761757968e-02 
       2.573280466691e+01       1.133211910480e-02 
       2.603077650153e+01       1.098733386446e-02 
       2.633219868738e+01       1.065297421607e-02 
       2.663711117764e+01       1.032863665947e-02 
       2.694555438814e+01       1.001419691249e-02 
       2.725756920268e+01       9.709163436198e-03 
       2.757319697850e+01       9.413305905594e-03 
       2.789247955171e+01       9.126378853377e-03 
       2.821545924287e+01       8.848138458723e-03 
       2.854217886260e+01       8.578389635407e-03 
       2.887268171722e+01       8.316739312378e-03 
       2.920701161452e+01       8.063028282184e-03 
       2.954521286958e+01       7.816984674771e-03 
       2.988733031060e+01       7.578353668237e-03 
       3.023340928489e+01       7.347005171215e-03 
