# Matter power spectrum P(k) at redshift z=0
# for k=1.08787e-05 to 30.0713 h/Mpc,
# number of wavenumbers equal to 1157
#    1:k (h/Mpc)              2:P (Mpc/h)^3        
       1.087870471534e-05       3.937049111149e+01 
       1.100467417900e-05       3.981122349709e+01 
       1.113210230030e-05       4.025699620729e+01 
       1.126100596971e-05       4.070762313216e+01 
       1.139140227325e-05       4.116334248143e+01 
       1.152330849483e-05       4.162418218356e+01 
       1.165674211847e-05       4.209018817922e+01 
       1.179172083065e-05       4.256130136244e+01 
       1.192826252266e-05       4.303774660521e+01 
       1.206638529294e-05       4.351954988603e+01 
       1.220610744952e-05       4.400677422897e+01 
       1.234744751242e-05       4.449942844381e+01 
       1.249042421612e-05       4.499776776544e+01 
       1.263505651202e-05       4.550152242794e+01 
       1.278136357097e-05       4.601091750480e+01 
       1.292936478582e-05       4.652601909355e+01 
       1.307907977396e-05       4.704688211451e+01 
       1.323052837997e-05       4.757341112749e+01 
       1.338373067818e-05       4.810613493146e+01 
       1.353870697539e-05       4.864471447411e+01 
       1.369547781355e-05       4.918930710738e+01 
       1.385406397246e-05       4.973982058402e+01 
       1.401448647255e-05       5.029679002113e+01 
       1.417676657763e-05       5.085983142393e+01 
       1.434092579777e-05       5.142920467028e+01 
       1.450698589209e-05       5.200481992204e+01 
       1.467496887168e-05       5.258717596570e+01 
       1.484489700249e-05       5.317575444665e+01 
       1.501679280832e-05       5.377113724796e+01 
       1.519067907378e-05       5.437313349303e+01 
       1.536657884729e-05       5.498189095452e+01 
       1.554451544418e-05       5.559738218249e+01 
       1.572451244976e-05       5.621978303837e+01 
       1.590659372243e-05       5.684906833679e+01 
       1.609078339687e-05       5.748565551474e+01 
       1.627710588722e-05       5.812913857906e+01 
       1.646558589033e-05       5.877978678435e+01 
       1.665624838901e-05       5.943801002936e+01 
       1.684911865537e-05       6.010345602800e+01 
       1.704422225416e-05       6.077603548919e+01 
       1.724158504614e-05       6.145659734114e+01 
       1.744123319155e-05       6.214464206450e+01 
       1.764319315353e-05       6.284027595918e+01 
       1.784749170165e-05       6.354369284519e+01 
       1.805415591547e-05       6.425509758468e+01 
       1.826321318809e-05       6.497444776314e+01 
       1.847469122984e-05       6.570197783524e+01 
       1.868861807190e-05       6.643750890162e+01 
       1.890502207005e-05       6.718105707596e+01 
       1.912393190839e-05       6.793344205814e+01 
       1.934537660319e-05       6.869383945974e+01 
       1.956938550671e-05       6.946284476687e+01 
       1.979598831108e-05       7.024031104247e+01 
       2.002521505226e-05       7.102681406088e+01 
       2.025709611400e-05       7.182196658485e+01 
       2.049166223189e-05       7.262601622205e+01 
       2.072894449741e-05       7.343889796698e+01 
       2.096897436208e-05       7.426101088419e+01 
       2.121178364158e-05       7.509254581517e+01 
       2.145740452003e-05       7.593301052667e+01 
       2.170586955420e-05       7.678322655048e+01 
       2.195721167788e-05       7.764281751137e+01 
       2.221146420618e-05       7.851201488670e+01 
       2.246866084000e-05       7.939075854974e+01 
       2.272883567047e-05       8.027975190103e+01 
       2.299202318350e-05       8.117846404286e+01 
       2.325825826430e-05       8.208733664353e+01 
       2.352757620203e-05       8.300600705156e+01 
       2.380001269451e-05       8.393543930153e+01 
       2.407560385289e-05       8.487484587955e+01 
       2.435438620649e-05       8.582529504167e+01 
       2.463639670759e-05       8.678586724097e+01 
       2.492167273640e-05       8.775746606015e+01 
       2.521025210593e-05       8.874010489276e+01 
       2.550217306707e-05       8.973346100338e+01 
       2.579747431363e-05       9.073790212756e+01 
       2.609619498746e-05       9.175388200844e+01 
       2.639837468368e-05       9.278093913877e+01 
       2.670405345586e-05       9.381938771393e+01 
       2.701327182141e-05       9.486972046844e+01 
       2.732607076687e-05       9.593177366946e+01 
       2.764249175342e-05       9.700586921076e+01 
       2.796257672231e-05       9.809180330365e+01 
       2.828636810046e-05       9.919006360319e+01 
       2.861390880605e-05       1.003003829110e+02 
       2.894524225427e-05       1.014229752458e+02 
       2.928041236299e-05       1.025585858760e+02 
       2.961946355866e-05       1.037065838734e+02 
       2.996244078214e-05       1.048675363584e+02 
       3.030938949470e-05       1.060414699161e+02 
       3.066035568399e-05       1.072285604928e+02 
       3.101538587023e-05       1.084287094938e+02 
       3.137452711227e-05       1.096427624137e+02 
       3.173782701389e-05       1.108703082844e+02 
       3.210533373011e-05       1.121113109908e+02 
       3.247709597353e-05       1.133664463432e+02 
       3.285316302085e-05       1.146351131305e+02 
       3.323358471934e-05       1.159187192605e+02 
       3.361841149349e-05       1.172163884877e+02 
       3.400769435167e-05       1.185283663875e+02 
       3.440148489290e-05       1.198552318037e+02 
       3.479983531369e-05       1.211971137640e+02 
       3.520279841496e-05       1.225538173221e+02 
       3.561042760903e-05       1.239255771933e+02 
       3.602277692670e-05       1.253126988509e+02 
       3.643990102444e-05       1.267160965542e+02 
       3.686185519159e-05       1.281342878825e+02 
       3.728869535771e-05       1.295684162711e+02 
       3.772047810002e-05       1.310194253980e+02 
       3.815726065084e-05       1.324855997930e+02 
       3.859910090523e-05       1.339686329447e+02 
       3.904605742863e-05       1.354685316753e+02 
       3.949818946466e-05       1.369851889022e+02 
       3.995555694291e-05       1.385186375663e+02 
       4.041822048696e-05       1.400692168609e+02 
       4.088624142236e-05       1.416372210205e+02 
       4.135968178477e-05       1.432224724886e+02 
       4.183860432820e-05       1.448257026839e+02 
       4.232307253331e-05       1.464467688676e+02 
       4.281315061585e-05       1.480859881444e+02 
       4.330890353513e-05       1.497436097916e+02 
       4.381039700266e-05       1.514203160791e+02 
       4.431769749086e-05       1.531150312909e+02 
       4.483087224186e-05       1.548291425739e+02 
       4.534998927642e-05       1.565621510857e+02 
       4.587511740293e-05       1.583151466645e+02 
       4.640632622657e-05       1.600871440058e+02 
       4.694368615848e-05       1.618789527650e+02 
       4.748726842514e-05       1.636909717711e+02 
       4.803714507779e-05       1.655237637274e+02 
       4.859338900200e-05       1.673760952715e+02 
       4.915607392728e-05       1.692499281315e+02 
       4.972527443692e-05       1.711445400327e+02 
       5.030106597782e-05       1.730599508565e+02 
       5.088352487054e-05       1.749970831027e+02 
       5.147272831936e-05       1.769556569489e+02 
       5.206875442256e-05       1.789370534454e+02 
       5.267168218277e-05       1.809396633204e+02 
       5.328159151740e-05       1.829648605773e+02 
       5.389856326927e-05       1.850132089281e+02 
       5.452267921732e-05       1.870837911212e+02 
       5.515402208744e-05       1.891779577317e+02 
       5.579267556345e-05       1.912954969560e+02 
       5.643872429818e-05       1.934367019698e+02 
       5.709225392467e-05       1.956018997842e+02 
       5.775335106759e-05       1.977909831304e+02 
       5.842210335463e-05       2.000045795105e+02 
       5.909859942819e-05       2.022436718173e+02 
       5.978292895710e-05       2.045071789697e+02 
       6.047518264848e-05       2.067962177417e+02 
       6.117545225982e-05       2.091108264335e+02 
       6.188383061109e-05       2.114515201603e+02 
       6.260041159708e-05       2.138185773317e+02 
       6.332529019982e-05       2.162113988134e+02 
       6.405856250118e-05       2.186318262817e+02 
       6.480032569562e-05       2.210779831763e+02 
       6.555067810303e-05       2.235531040779e+02 
       6.630971918183e-05       2.260552081785e+02 
       6.707754954209e-05       2.285850020724e+02 
       6.785427095888e-05       2.311430628537e+02 
       6.863998638578e-05       2.337305468601e+02 
       6.943479996854e-05       2.363456517056e+02 
       7.023881705882e-05       2.389918732158e+02 
       7.105214422822e-05       2.416664047810e+02 
       7.187488928238e-05       2.443703321933e+02 
       7.270716127526e-05       2.471063411253e+02 
       7.354907052361e-05       2.498719427190e+02 
       7.440072862160e-05       2.526687398280e+02 
       7.526224845558e-05       2.554965377855e+02 
       7.613374421906e-05       2.583556916921e+02 
       7.701533142788e-05       2.612469543138e+02 
       7.790712693546e-05       2.641702635877e+02 
       7.880924894833e-05       2.671274157806e+02 
       7.972181704179e-05       2.701164054898e+02 
       8.064495217574e-05       2.731393681181e+02 
       8.157877671075e-05       2.761965727968e+02 
       8.252341442425e-05       2.792859216958e+02 
       8.347899052695e-05       2.824115609089e+02 
       8.444563167942e-05       2.855722965079e+02 
       8.542346600890e-05       2.887685176173e+02 
       8.641262312627e-05       2.919999211482e+02 
       8.741323414324e-05       2.952674561068e+02 
       8.842543168971e-05       2.985707137091e+02 
       8.944934993137e-05       3.019127260146e+02 
       9.048512458748e-05       3.052910218626e+02 
       9.153289294884e-05       3.087071543194e+02 
       9.259279389602e-05       3.121608560926e+02 
       9.366496791773e-05       3.156547291168e+02 
       9.474955712949e-05       3.191854414981e+02 
       9.584670529242e-05       3.227585255259e+02 
       9.695655783231e-05       3.263686021312e+02 
       9.807926185893e-05       3.300212913831e+02 
       9.921496618547e-05       3.337140110233e+02 
       1.003638213483e-04       3.374465797078e+02 
       1.015259796270e-04       3.412233681640e+02 
       1.027015950642e-04       3.450412078855e+02 
       1.038908234867e-04       3.489011309878e+02 
       1.050938225253e-04       3.528051869313e+02 
       1.063107516362e-04       3.567515001608e+02 
       1.075417721221e-04       3.607437631477e+02 
       1.087870471535e-04       3.647796910344e+02 
       1.100467417900e-04       3.688607209438e+02 
       1.113210230030e-04       3.729874315266e+02 
       1.126100596971e-04       3.771593004493e+02 
       1.139140227325e-04       3.813790429774e+02 
       1.152330849483e-04       3.856443192354e+02 
       1.165674211847e-04       3.899602845707e+02 
       1.179172083065e-04       3.943219294177e+02 
       1.192826252266e-04       3.987327761310e+02 
       1.206638529294e-04       4.031930127330e+02 
       1.220610744952e-04       4.077030484578e+02 
       1.234744751242e-04       4.122626376373e+02 
       1.249042421612e-04       4.168749994249e+02 
       1.263505651202e-04       4.215364502877e+02 
       1.278136357097e-04       4.262520970009e+02 
       1.292936478582e-04       4.310201152999e+02 
       1.307907977396e-04       4.358403585065e+02 
       1.323052837997e-04       4.407160892955e+02 
       1.338373067818e-04       4.456443544977e+02 
       1.353870697539e-04       4.506267089260e+02 
       1.369547781355e-04       4.556668942506e+02 
       1.385406397246e-04       4.607637814630e+02 
       1.401448647255e-04       4.659158125661e+02 
       1.417676657763e-04       4.711264189287e+02 
       1.434092579777e-04       4.763955995835e+02 
       1.450698589209e-04       4.817206160588e+02 
       1.467496887168e-04       4.871070564307e+02 
       1.484489700249e-04       4.925552474330e+02 
       1.501679280832e-04       4.980631324307e+02 
       1.519067907378e-04       5.036307016079e+02 
       1.536657884729e-04       5.092626569664e+02 
       1.554451544418e-04       5.149552471340e+02 
       1.572451244976e-04       5.207115339481e+02 
       1.590659372243e-04       5.265327520646e+02 
       1.609078339687e-04       5.324198209257e+02 
       1.627710588722e-04       5.383721858885e+02 
       1.646558589033e-04       5.443880259444e+02 
       1.665624838901e-04       5.504746382684e+02 
       1.684911865537e-04       5.566273943248e+02 
       1.704422225416e-04       5.628475349822e+02 
       1.724158504615e-04       5.691406649767e+02 
       1.744123319156e-04       5.755013828636e+02 
       1.764319315353e-04       5.819321195059e+02 
       1.784749170165e-04       5.884353031516e+02 
       1.805415591547e-04       5.950112773788e+02 
       1.826321318809e-04       6.016599920571e+02 
       1.847469122984e-04       6.083828537084e+02 
       1.868861807190e-04       6.151807383908e+02 
       1.890502207005e-04       6.220539481602e+02 
       1.912393190839e-04       6.290047557769e+02 
       1.934537660319e-04       6.360312625029e+02 
       1.956938550671e-04       6.431369424723e+02 
       1.979598831108e-04       6.503207487935e+02 
       2.002521505226e-04       6.575853739504e+02 
       2.025709611400e-04       6.649303248288e+02 
       2.049166223189e-04       6.723571558726e+02 
       2.072894449741e-04       6.798659648916e+02 
       2.096897436208e-04       6.874596179728e+02 
       2.121178364158e-04       6.951365648055e+02 
       2.145740452003e-04       7.028986966553e+02 
       2.170586955420e-04       7.107474017189e+02 
       2.195721167788e-04       7.186822027365e+02 
       2.221146420618e-04       7.267071532909e+02 
       2.246866084000e-04       7.348197018618e+02 
       2.272883567047e-04       7.430242936629e+02 
       2.299202318350e-04       7.513178460843e+02 
       2.325825826430e-04       7.597035386437e+02 
       2.352757620203e-04       7.681816878986e+02 
       2.380001269451e-04       7.767577016533e+02 
       2.407560385289e-04       7.854243893107e+02 
       2.435438620649e-04       7.941888647944e+02 
       2.463639670759e-04       8.030491195420e+02 
       2.492167273640e-04       8.120087418067e+02 
       2.521025210593e-04       8.210697961851e+02 
       2.550217306707e-04       8.302286724369e+02 
       2.579747431363e-04       8.394914276085e+02 
       2.609619498746e-04       8.488538356344e+02 
       2.639837468368e-04       8.583208261473e+02 
       2.670405345586e-04       8.678927195422e+02 
       2.701327182141e-04       8.775694004075e+02 
       2.732607076687e-04       8.873531967000e+02 
       2.764249175342e-04       8.972471214801e+02 
       2.796257672231e-04       9.072495629777e+02 
       2.828636810046e-04       9.173625870184e+02 
       2.861390880605e-04       9.275865563068e+02 
       2.894524225427e-04       9.379267179350e+02 
       2.928041236300e-04       9.483766705000e+02 
       2.961946355866e-04       9.589420136544e+02 
       2.996244078214e-04       9.696277862016e+02 
       3.030938949470e-04       9.804279591209e+02 
       3.066035568399e-04       9.913495208883e+02 
       3.101538587023e-04       1.002392387559e+03 
       3.137452711227e-04       1.013552066514e+03 
       3.173782701389e-04       1.024840767965e+03 
       3.210533373011e-04       1.036249818571e+03 
       3.247709597353e-04       1.047784314868e+03 
       3.285316302085e-04       1.059447030321e+03 
       3.323358471935e-04       1.071241743428e+03 
       3.361841149350e-04       1.083160699843e+03 
       3.400769435167e-04       1.095213334383e+03 
       3.440148489290e-04       1.107394157528e+03 
       3.479983531369e-04       1.119716017757e+03 
       3.520279841496e-04       1.132165661269e+03 
       3.561042760903e-04       1.144757774344e+03 
       3.602277692670e-04       1.157485252243e+03 
       3.643990102444e-04       1.170354065704e+03 
       3.686185519159e-04       1.183362398413e+03 
       3.728869535771e-04       1.196515847572e+03 
       3.772047810002e-04       1.209809573436e+03 
       3.815726065084e-04       1.223252069085e+03 
       3.859910090523e-04       1.236842688046e+03 
       3.904605742863e-04       1.250578202825e+03 
       3.949818946466e-04       1.264465592358e+03 
       3.995555694291e-04       1.278503166809e+03 
       4.041822048696e-04       1.292696851965e+03 
       4.088624142236e-04       1.307043640458e+03 
       4.135968178477e-04       1.321545638082e+03 
       4.183860432820e-04       1.336207456190e+03 
       4.232307253331e-04       1.351029759261e+03 
       4.281315061585e-04       1.366015899885e+03 
       4.330890353513e-04       1.381162655602e+03 
       4.381039700266e-04       1.396472330255e+03 
       4.431769749086e-04       1.411953210805e+03 
       4.483087224186e-04       1.427595977483e+03 
       4.534998927642e-04       1.443413760897e+03 
       4.587511740293e-04       1.459401025646e+03 
       4.640632622657e-04       1.475561303248e+03 
       4.694368615848e-04       1.491902296955e+03 
       4.748726842514e-04       1.508416822342e+03 
       4.803714507780e-04       1.525105214912e+03 
       4.859338900200e-04       1.541980516065e+03 
       4.915607392728e-04       1.559035424131e+03 
       4.972527443692e-04       1.576280721821e+03 
       5.030106597782e-04       1.593701737094e+03 
       5.088352487054e-04       1.611316429793e+03 
       5.147272831936e-04       1.629125352622e+03 
       5.206875442256e-04       1.647120546974e+03 
       5.267168218277e-04       1.665309173992e+03 
       5.328159151740e-04       1.683697577957e+03 
       5.389856326927e-04       1.702280648944e+03 
       5.452267921732e-04       1.721066765792e+03 
       5.515402208744e-04       1.740054214256e+03 
       5.579267556345e-04       1.759242151518e+03 
       5.643872429818e-04       1.778634134032e+03 
       5.709225392468e-04       1.798241041034e+03 
       5.775335106759e-04       1.818053704583e+03 
       5.842210335463e-04       1.838076953479e+03 
       5.909859942820e-04       1.858315749522e+03 
       5.978292895710e-04       1.878772593852e+03 
       6.047518264848e-04       1.899447471837e+03 
       6.117545225982e-04       1.920341691323e+03 
       6.188383061109e-04       1.941455208515e+03 
       6.260041159708e-04       1.962804025153e+03 
       6.332529019982e-04       1.984368057479e+03 
       6.405856250118e-04       2.006165867665e+03 
       6.480032569562e-04       2.028197720066e+03 
       6.555067810304e-04       2.050459635570e+03 
       6.630971918184e-04       2.072955290167e+03 
       6.707754954209e-04       2.095690636524e+03 
       6.785427095888e-04       2.118669987413e+03 
       6.863998638578e-04       2.141890719902e+03 
       6.943479996854e-04       2.165358289076e+03 
       7.023881705882e-04       2.189063990043e+03 
       7.105214422822e-04       2.213029813740e+03 
       7.187488928238e-04       2.237243215088e+03 
       7.270716127526e-04       2.261709810523e+03 
       7.354907052361e-04       2.286434991677e+03 
       7.440072862160e-04       2.311417121463e+03 
       7.526224845558e-04       2.336670027078e+03 
       7.613374421907e-04       2.362180567903e+03 
       7.701533142788e-04       2.387950101564e+03 
       7.790712693546e-04       2.414001875245e+03 
       7.880924894833e-04       2.440317160423e+03 
       7.972181704179e-04       2.466907925953e+03 
       8.064495217574e-04       2.493776130876e+03 
       8.157877671075e-04       2.520922689980e+03 
       8.252341442425e-04       2.548347551024e+03 
       8.347899052695e-04       2.576061614501e+03 
       8.444563167942e-04       2.604060249138e+03 
       8.542346600890e-04       2.632355625109e+03 
       8.641262312627e-04       2.660934453233e+03 
       8.741323414324e-04       2.689805005047e+03 
       8.842543168971e-04       2.718979284169e+03 
       8.944934993137e-04       2.748452668152e+03 
       9.048512458748e-04       2.778218823751e+03 
       9.153289294884e-04       2.808302348759e+03 
       9.259279389602e-04       2.838694799147e+03 
       9.366496791773e-04       2.869387040524e+03 
       9.474955712949e-04       2.900403583868e+03 
       9.584670529242e-04       2.931721019521e+03 
       9.695655783231e-04       2.963369695979e+03 
       9.807926185893e-04       2.995335830882e+03 
       9.921496618547e-04       3.027629808249e+03 
       1.003638213483e-03       3.060241761205e+03 
       1.015259796270e-03       3.093187629891e+03 
       1.027015950642e-03       3.126462400985e+03 
       1.038908234867e-03       3.160075660957e+03 
       1.050938225253e-03       3.194030110333e+03 
       1.063107516362e-03       3.228329935248e+03 
       1.075417721221e-03       3.262964717088e+03 
       1.087870471535e-03       3.297939135909e+03 
       1.100467417900e-03       3.333267165639e+03 
       1.113210230030e-03       3.368954420624e+03 
       1.126100596971e-03       3.404983044139e+03 
       1.139140227325e-03       3.441370678077e+03 
       1.152330849483e-03       3.478137115773e+03 
       1.165674211847e-03       3.515245124500e+03 
       1.179172083065e-03       3.552723990942e+03 
       1.192826252266e-03       3.590576287447e+03 
       1.206638529294e-03       3.628794741115e+03 
       1.220610744952e-03       3.667391220726e+03 
       1.234744751242e-03       3.706364036285e+03 
       1.249042421612e-03       3.745712931574e+03 
       1.263505651202e-03       3.785452530760e+03 
       1.278136357097e-03       3.825565779789e+03 
       1.292936478582e-03       3.866071669773e+03 
       1.307907977396e-03       3.906973108531e+03 
       1.323052837997e-03       3.948258459978e+03 
       1.338373067818e-03       3.989942619626e+03 
       1.353870697539e-03       4.032035989892e+03 
       1.369547781355e-03       4.074514087289e+03 
       1.385406397246e-03       4.117407570785e+03 
       1.401448647255e-03       4.160709661290e+03 
       1.417676657763e-03       4.204427125466e+03 
       1.434092579777e-03       4.248545083482e+03 
       1.450698589209e-03       4.293076239596e+03 
       1.467496887168e-03       4.338032766059e+03 
       1.484489700249e-03       4.383403135141e+03 
       1.501679280832e-03       4.429210820971e+03 
       1.519067907378e-03       4.475435953443e+03 
       1.536657884729e-03       4.522085472248e+03 
       1.554451544418e-03       4.569155238877e+03 
       1.572451244976e-03       4.616669079463e+03 
       1.590659372243e-03       4.664631863572e+03 
       1.609078339687e-03       4.713009890737e+03 
       1.627710588722e-03       4.761840523246e+03 
       1.646558589033e-03       4.811112990516e+03 
       1.665624838901e-03       4.860838606085e+03 
       1.684911865537e-03       4.910995117840e+03 
       1.704422225416e-03       4.961624487382e+03 
       1.724158504615e-03       5.012699690351e+03 
       1.744123319156e-03       5.064218568501e+03 
       1.764319315353e-03       5.116209890692e+03 
       1.784749170165e-03       5.168662614294e+03 
       1.805415591547e-03       5.221573191849e+03 
       1.826321318809e-03       5.274944238447e+03 
       1.847469122984e-03       5.328779766311e+03 
       1.868861807190e-03       5.383092310900e+03 
       1.890502207005e-03       5.437861106505e+03 
       1.912393190839e-03       5.493112593024e+03 
       1.934537660319e-03       5.548847141962e+03 
       1.956938550671e-03       5.605044683386e+03 
       1.979598831108e-03       5.661731181718e+03 
       2.002521505226e-03       5.718902561725e+03 
       2.025709611400e-03       5.776551673889e+03 
       2.049166223189e-03       5.834680656595e+03 
       2.072894449741e-03       5.893287540057e+03 
       2.096897436208e-03       5.952397828364e+03 
       2.121178364158e-03       6.011987822807e+03 
       2.145740452003e-03       6.072067014467e+03 
       2.170586955420e-03       6.132643423308e+03 
       2.195721167788e-03       6.193710367073e+03 
       2.221146420618e-03       6.255272822624e+03 
       2.246866084000e-03       6.317326994544e+03 
       2.272883567047e-03       6.379874754171e+03 
       2.299202318350e-03       6.442936558963e+03 
       2.325825826430e-03       6.506482312075e+03 
       2.352757620203e-03       6.570528925464e+03 
       2.380001269451e-03       6.635083865949e+03 
       2.407560385289e-03       6.700134726244e+03 
       2.435438620649e-03       6.765690080182e+03 
       2.463639670759e-03       6.831733696282e+03 
       2.492167273640e-03       6.898301313582e+03 
       2.521025210593e-03       6.965367691322e+03 
       2.550217306707e-03       7.032927613672e+03 
       2.579747431363e-03       7.100994589870e+03 
       2.609619498746e-03       7.169567884452e+03 
       2.639837468368e-03       7.238646749768e+03 
       2.670405345586e-03       7.308226594291e+03 
       2.701327182141e-03       7.378310852925e+03 
       2.732607076688e-03       7.448906260723e+03 
       2.764249175342e-03       7.519995620982e+03 
       2.796257672231e-03       7.591584646821e+03 
       2.828636810046e-03       7.663684258542e+03 
       2.861390880605e-03       7.736281668892e+03 
       2.894524225427e-03       7.809377722629e+03 
       2.928041236300e-03       7.882974355918e+03 
       2.961946355866e-03       7.957068727560e+03 
       2.996244078214e-03       8.031657470502e+03 
       3.030938949470e-03       8.106741551585e+03 
       3.066035568400e-03       8.182322501568e+03 
       3.101538587023e-03       8.258396541391e+03 
       3.137452711227e-03       8.334958660164e+03 
       3.173782701389e-03       8.412002311864e+03 
       3.210533373011e-03       8.489535997237e+03 
       3.247709597353e-03       8.567563175652e+03 
       3.285316302085e-03       8.646060023147e+03 
       3.323358471935e-03       8.725037951885e+03 
       3.361841149350e-03       8.804492269309e+03 
       3.400769435167e-03       8.884427692358e+03 
       3.440148489290e-03       8.964826991880e+03 
       3.479983531369e-03       9.045687028521e+03 
       3.520279841496e-03       9.127017180718e+03 
       3.561042760903e-03       9.208801225017e+03 
       3.602277692670e-03       9.291048424607e+03 
       3.643990102444e-03       9.373740111324e+03 
       3.686185519159e-03       9.456885255655e+03 
       3.728869535771e-03       9.540471997311e+03 
       3.772047810002e-03       9.624493305462e+03 
       3.815726065084e-03       9.708953229172e+03 
       3.859910090523e-03       9.793839908054e+03 
       3.904605742863e-03       9.879152412817e+03 
       3.949818946466e-03       9.964883447495e+03 
       3.995555694291e-03       1.005102902285e+04 
       4.041822048696e-03       1.013757766772e+04 
       4.088624142236e-03       1.022452278149e+04 
       4.135968178477e-03       1.031186877490e+04 
       4.183860432820e-03       1.039960505759e+04 
       4.232307253331e-03       1.048772408002e+04 
       4.281315061585e-03       1.057621438325e+04 
       4.330890353513e-03       1.066507012194e+04 
       4.381039700266e-03       1.075428991504e+04 
       4.431769749086e-03       1.084386419017e+04 
       4.483087224186e-03       1.093377736884e+04 
       4.534998927642e-03       1.102403362909e+04 
       4.587511740293e-03       1.111461306902e+04 
       4.640632622657e-03       1.120551998053e+04 
       4.694368615848e-03       1.129673180461e+04 
       4.748726842514e-03       1.138825090723e+04 
       4.803714507780e-03       1.148005706691e+04 
       4.859338900200e-03       1.157214967696e+04 
       4.915607392728e-03       1.166451329222e+04 
       4.972527443692e-03       1.175718546635e+04 
       5.030106597782e-03       1.185001612530e+04 
       5.088352487054e-03       1.194315116743e+04 
       5.147272831936e-03       1.203651307256e+04 
       5.206875442256e-03       1.213011253943e+04 
       5.267168218277e-03       1.222396450292e+04 
       5.328159151740e-03       1.231795973918e+04 
       5.389856326927e-03       1.241213527353e+04 
       5.452267921732e-03       1.250645477310e+04 
       5.515402208744e-03       1.260092011206e+04 
       5.579267556345e-03       1.269557191973e+04 
       5.643872429818e-03       1.279032088262e+04 
       5.709225392468e-03       1.288524706522e+04 
       5.775335106759e-03       1.298023236076e+04 
       5.842210335463e-03       1.307528546708e+04 
       5.909859942820e-03       1.317045124875e+04 
       5.978292895710e-03       1.326562299006e+04 
       6.047518264848e-03       1.336088601986e+04 
       6.117545225982e-03       1.345613930531e+04 
       6.188383061109e-03       1.355144869986e+04 
       6.260041159708e-03       1.364673392351e+04 
       6.332529019982e-03       1.374201444561e+04 
       6.405856250118e-03       1.383725961417e+04 
       6.480032569562e-03       1.393249096241e+04 
       6.555067810304e-03       1.402760979201e+04 
       6.630971918184e-03       1.412262020660e+04 
       6.707754954209e-03       1.421746050084e+04 
       6.785427095888e-03       1.431237886221e+04 
       6.863998638578e-03       1.440702923948e+04 
       6.943479996854e-03       1.450147334093e+04 
       7.023881705882e-03       1.459577083798e+04 
       7.105214422822e-03       1.468981864435e+04 
       7.187488928238e-03       1.478368567384e+04 
       7.270716127526e-03       1.487727429269e+04 
       7.354907052361e-03       1.497059393241e+04 
       7.440072862160e-03       1.506362422459e+04 
       7.526224845558e-03       1.515632382697e+04 
       7.613374421907e-03       1.524869682478e+04 
       7.701533142789e-03       1.534066872488e+04 
       7.790712693547e-03       1.543229600934e+04 
       7.880924894834e-03       1.552350717616e+04 
       7.972181704179e-03       1.561428263805e+04 
       8.064495217574e-03       1.570459879299e+04 
       8.157877671075e-03       1.579443841443e+04 
       8.252341442425e-03       1.588376006980e+04 
       8.347899052695e-03       1.597255881650e+04 
       8.444563167942e-03       1.606077642950e+04 
       8.542346600890e-03       1.614840911240e+04 
       8.641262312627e-03       1.623544575439e+04 
       8.741323414324e-03       1.632184546971e+04 
       8.842543168971e-03       1.640754504516e+04 
       8.944934993137e-03       1.649252218435e+04 
       9.048512458748e-03       1.657683946311e+04 
       9.153289294884e-03       1.666035626336e+04 
       9.259279389602e-03       1.674310701578e+04 
       9.366496791773e-03       1.682504917773e+04 
       9.474955712949e-03       1.690612291554e+04 
       9.584670529242e-03       1.698629957992e+04 
       9.695655783232e-03       1.706561348683e+04 
       9.807926185893e-03       1.714397432176e+04 
       9.921496618547e-03       1.722132301414e+04 
       1.003638213483e-02       1.729773843014e+04 
       1.015259796270e-02       1.737307240988e+04 
       1.027015950642e-02       1.744729086556e+04 
       1.038908234867e-02       1.752050363447e+04 
       1.050938225253e-02       1.759254429814e+04 
       1.063107516362e-02       1.766341748669e+04 
       1.075417721221e-02       1.773300914943e+04 
       1.087870471535e-02       1.780148209377e+04 
       1.100467417900e-02       1.786859498060e+04 
       1.113210230030e-02       1.793446948675e+04 
       1.126100596971e-02       1.799897471956e+04 
       1.139140227325e-02       1.806207553249e+04 
       1.152330849483e-02       1.812377086867e+04 
       1.165674211847e-02       1.818403758959e+04 
       1.179172083065e-02       1.824276520926e+04 
       1.192826252266e-02       1.830001717295e+04 
       1.206638529294e-02       1.835570085849e+04 
       1.220610744952e-02       1.840976669940e+04 
       1.234744751242e-02       1.846220378894e+04 
       1.249042421612e-02       1.851295121643e+04 
       1.263505651202e-02       1.856200130188e+04 
       1.278136357097e-02       1.860930428699e+04 
       1.292936478582e-02       1.865481846063e+04 
       1.307907977396e-02       1.869851822867e+04 
       1.323052837997e-02       1.874035082026e+04 
       1.338373067818e-02       1.878029865322e+04 
       1.353870697540e-02       1.881830993279e+04 
       1.369547781356e-02       1.885432770069e+04 
       1.385406397247e-02       1.888834562745e+04 
       1.401448647255e-02       1.892033630842e+04 
       1.417676657764e-02       1.895017826134e+04 
       1.434092579779e-02       1.897796236769e+04 
       1.450698589211e-02       1.900356214574e+04 
       1.467496887171e-02       1.902699316203e+04 
       1.484489700255e-02       1.904816877932e+04 
       1.501679280842e-02       1.906712189406e+04 
       1.519067907392e-02       1.908366282235e+04 
       1.536657884751e-02       1.909792708549e+04 
       1.554451544451e-02       1.910986651684e+04 
       1.572451245026e-02       1.911934935237e+04 
       1.590659372318e-02       1.912635831268e+04 
       1.609078339800e-02       1.913096926139e+04 
       1.627710588890e-02       1.913313655305e+04 
       1.646558589281e-02       1.913261747710e+04 
       1.665624839266e-02       1.912967059584e+04 
       1.684911866072e-02       1.912400509906e+04 
       1.704422226196e-02       1.911584020047e+04 
       1.724158505748e-02       1.910497525759e+04 
       1.744123320792e-02       1.909137627207e+04 
       1.764319317705e-02       1.907514464225e+04 
       1.784749173529e-02       1.905621262383e+04 
       1.805415596335e-02       1.903443347030e+04 
       1.826321325594e-02       1.900999339555e+04 
       1.847469132552e-02       1.898275070074e+04 
       1.868861820621e-02       1.895270531796e+04 
       1.890502225772e-02       1.891982286654e+04 
       1.912393216943e-02       1.888409262805e+04 
       1.934537696467e-02       1.884550997141e+04 
       1.956938600504e-02       1.880403018562e+04 
       1.979598899507e-02       1.875989073763e+04 
       2.002521598700e-02       1.871272036720e+04 
       2.025709738593e-02       1.866270099843e+04 
       2.049166395528e-02       1.860976883624e+04 
       2.072894682268e-02       1.855399438453e+04 
       2.096897748635e-02       1.849530664124e+04 
       2.121178782213e-02       1.843366993380e+04 
       2.145741009116e-02       1.836928461922e+04 
       2.170587694854e-02       1.830209516018e+04 
       2.195722145291e-02       1.823185961289e+04 
       2.221147707741e-02       1.815897679924e+04 
       2.246867772200e-02       1.808326160435e+04 
       2.272885772754e-02       1.800463018400e+04 
       2.299205189197e-02       1.792330659639e+04 
       2.325829548885e-02       1.783922216085e+04 
       2.352762428866e-02       1.775250373136e+04 
       2.380007458341e-02       1.766292450416e+04 
       2.407568321496e-02       1.757083544887e+04 
       2.435448760767e-02       1.747635558413e+04 
       2.463652580603e-02       1.737889010633e+04 
       2.492183651784e-02       1.727928672745e+04 
       2.521045916394e-02       1.717701895816e+04 
       2.550243393507e-02       1.707241638313e+04 
       2.579780185693e-02       1.696541838389e+04 
       2.609660486434e-02       1.685613348189e+04 
       2.639888588566e-02       1.674452849307e+04 
       2.670468893837e-02       1.663077167234e+04 
       2.701405923726e-02       1.651500397546e+04 
       2.732704331629e-02       1.639714732977e+04 
       2.764368916549e-02       1.627735070145e+04 
       2.796404638424e-02       1.615560331136e+04 
       2.828816635243e-02       1.603211571744e+04 
       2.861610242078e-02       1.590695747552e+04 
       2.894791012194e-02       1.578014209651e+04 
       2.928364740387e-02       1.565179453097e+04 
       2.962337488693e-02       1.552192729306e+04 
       2.996715614636e-02       1.539073682552e+04 
       3.031505802165e-02       1.525831777553e+04 
       3.066715095432e-02       1.512472531316e+04 
       3.102350935584e-02       1.499002804324e+04 
       3.138421200714e-02       1.485438012382e+04 
       3.174934249139e-02       1.471779344322e+04 
       3.211898966179e-02       1.458056062764e+04 
       3.249324814580e-02       1.444256260304e+04 
       3.287221888793e-02       1.430404385483e+04 
       3.325600973259e-02       1.416501774955e+04 
       3.364473604911e-02       1.402572841443e+04 
       3.403852140105e-02       1.388613696358e+04 
       3.443749826193e-02       1.374636995114e+04 
       3.484180878000e-02       1.360662177691e+04 
       3.525160559470e-02       1.346683157155e+04 
       3.566705270796e-02       1.332729376680e+04 
       3.608832641375e-02       1.318788856252e+04 
       3.651561628969e-02       1.304891887035e+04 
       3.694912625527e-02       1.291031627128e+04 
       3.738907570142e-02       1.277225421034e+04 
       3.783570069709e-02       1.263487535263e+04 
       3.828925527915e-02       1.249814623735e+04 
       3.875001283258e-02       1.236222448815e+04 
       3.921826756901e-02       1.222715136656e+04 
       3.969433611233e-02       1.209305145491e+04 
       4.017855920137e-02       1.196001636567e+04 
       4.067130352071e-02       1.182808723141e+04 
       4.117296367167e-02       1.169730103879e+04 
       4.168396429723e-02       1.156778113883e+04 
       4.220476237554e-02       1.143956233564e+04 
       4.273584969842e-02       1.131268034010e+04 
       4.327775555282e-02       1.118720057003e+04 
       4.383104962435e-02       1.106327032324e+04 
       4.439634514429e-02       1.094076210316e+04 
       4.497430230229e-02       1.081984474629e+04 
       4.556563194941e-02       1.070049326461e+04 
       4.617109961693e-02       1.058265885757e+04 
       4.679152987816e-02       1.046646097451e+04 
       4.742781108140e-02       1.035182724795e+04 
       4.808090048307e-02       1.023878297759e+04 
       4.875182981000e-02       1.012718986511e+04 
       4.944171127949e-02       1.001714169562e+04 
       5.015174410419e-02       9.908442360199e+03 
       5.088322150577e-02       9.801058779522e+03 
       5.163753825666e-02       9.694787043545e+03 
       5.241619876216e-02       9.589300539425e+03 
       5.322082568520e-02       9.484799091950e+03 
       5.405316910211e-02       9.380836154219e+03 
       5.491511615957e-02       9.276894489794e+03 
       5.580870117865e-02       9.172716943268e+03 
       5.673611612084e-02       9.067765612659e+03 
       5.769972129184e-02       8.961541969465e+03 
       5.870205611018e-02       8.853372075874e+03 
       5.974584970840e-02       8.742451156994e+03 
       6.083403106387e-02       8.627937256635e+03 
       6.196973827366e-02       8.508850590206e+03 
       6.315632649443e-02       8.384060458957e+03 
       6.439737396581e-02       8.252420736793e+03 
       6.569668542983e-02       8.112506290121e+03 
       6.705829215518e-02       7.963082335684e+03 
       6.848644768774e-02       7.802692314389e+03 
       6.998561839022e-02       7.630098971765e+03 
       7.156046782775e-02       7.444154954584e+03 
       7.321583412496e-02       7.243982813680e+03 
       7.495669959224e-02       7.029188218506e+03 
       7.678815221901e-02       6.799856228361e+03 
       7.871533908061e-02       6.556901845268e+03 
       8.074341230641e-02       6.302044516081e+03 
       8.287746899340e-02       6.037949116004e+03 
       8.512248727310e-02       5.768330051982e+03 
       8.748326156723e-02       5.497819895741e+03 
       8.996434078522e-02       5.231587173398e+03 
       9.256997368948e-02       4.975211595935e+03 
       9.530406575438e-02       4.734011409280e+03 
       9.817015147702e-02       4.512619616923e+03 
       1.011713852333e-01       4.314148582081e+03 
       1.043105524718e-01       4.139802592538e+03 
       1.075901014461e-01       3.988362124164e+03 
       1.110121940162e-01       3.856030450320e+03 
       1.145787725409e-01       3.736441625177e+03 
       1.182916387367e-01       3.621509330802e+03 
       1.221525397361e-01       3.502293974309e+03 
       1.261632564743e-01       3.370826896180e+03 
       1.303256899027e-01       3.221888192522e+03 
       1.346419412603e-01       3.054586407300e+03 
       1.391143835461e-01       2.872967086056e+03 
       1.437457222829e-01       2.685430900532e+03 
       1.485390445156e-01       2.502810656205e+03 
       1.534978556463e-01       2.335605017142e+03 
       1.586261041575e-01       2.191455819362e+03 
       1.639281944884e-01       2.073075890060e+03 
       1.694089883449e-01       1.977681249964e+03 
       1.750737945748e-01       1.897522437113e+03 
       1.809283474673e-01       1.822108822493e+03 
       1.869787729839e-01       1.742006658538e+03 
       1.932315420376e-01       1.650697416216e+03 
       1.996934095394e-01       1.548337063992e+03 
       2.063713375786e-01       1.441752268398e+03 
       2.132724008152e-01       1.340806745754e+03 
       2.204036720146e-01       1.252854694890e+03 
       2.277720856767e-01       1.180118357321e+03 
       2.353842779987e-01       1.119788540614e+03 
       2.432464020202e-01       1.065375475409e+03 
       2.513639178306e-01       1.009558720835e+03 
       2.597413592297e-01       9.489096502874e+02 
       2.683820802893e-01       8.857050663364e+02 
       2.772879878421e-01       8.252211363273e+02 
       2.864592689556e-01       7.721696852504e+02 
       2.958941257114e-01       7.273935515265e+02 
       3.055885327739e-01       6.873344944279e+02 
       3.155360358072e-01       6.480692231392e+02 
       3.257276101910e-01       6.080858043005e+02 
       3.361515990976e-01       5.687695488149e+02 
       3.467937473074e-01       5.328556007312e+02 
       3.576373419436e-01       5.011840840700e+02 
       3.686634637814e-01       4.727314048816e+02 
       3.798513436296e-01       4.456901805334e+02 
       3.911788086323e-01       4.194398394859e+02 
       4.026227946331e-01       3.946972782003e+02 
       4.141598943686e-01       3.720685653214e+02 
       4.257669082786e-01       3.516104272932e+02 
       4.374213655578e-01       3.327283818964e+02 
       4.491019874729e-01       3.150653614345e+02 
       4.607890720246e-01       2.984215248181e+02 
       4.724647874993e-01       2.829601883552e+02 
       4.841133709928e-01       2.687420599914e+02 
       4.957212355028e-01       2.556934259628e+02 
       5.072769949362e-01       2.435664816579e+02 
       5.187714200835e-01       2.321961361184e+02 
       5.301973403309e-01       2.215791242574e+02 
       5.415495059535e-01       2.117033247785e+02 
       5.528244247013e-01       2.025487604738e+02 
       5.640201845122e-01       1.939956182199e+02 
       5.751362719725e-01       1.859995262124e+02 
       5.861733938951e-01       1.784839806540e+02 
       5.971333073044e-01       1.714329807156e+02 
       6.080186613205e-01       1.648131701285e+02 
       6.188328529751e-01       1.585903386647e+02 
       6.295798978492e-01       1.527405138476e+02 
       6.402643155899e-01       1.472074361494e+02 
       6.508910297783e-01       1.419827197692e+02 
       6.614652812401e-01       1.370301592544e+02 
       6.719925536714e-01       1.323398345677e+02 
       6.824785103488e-01       1.278925938080e+02 
       6.929289406726e-01       1.236617399545e+02 
       7.033497153311e-01       1.196421189677e+02 
       7.137467489456e-01       1.158041505350e+02 
       7.241259691495e-01       1.121453917956e+02 
       7.344932911594e-01       1.086501747085e+02 
       7.448545970001e-01       1.053053064341e+02 
       7.552157186474e-01       1.021077890857e+02 
       7.655824244503e-01       9.903781833606e+01 
       7.759604082810e-01       9.609541843438e+01 
       7.863552809414e-01       9.326706466330e+01 
       7.967725634262e-01       9.054755413363e+01 
       8.072176817061e-01       8.793342494632e+01 
       8.176959627472e-01       8.541163855608e+01 
       8.282126315350e-01       8.298470042197e+01 
       8.387728089072e-01       8.064132012441e+01 
       8.493815100405e-01       7.837946675674e+01 
       8.600436434626e-01       7.619539424727e+01 
       8.707640104905e-01       7.408175521151e+01 
       8.815473050150e-01       7.204045043788e+01 
       8.923981135711e-01       7.006160738031e+01 
       9.033209156514e-01       6.814828595934e+01 
       9.143200842284e-01       6.629294136369e+01 
       9.253998864660e-01       6.449462531280e+01 
       9.365644846070e-01       6.275162262623e+01 
       9.478179370303e-01       6.105890126676e+01 
       9.591641994760e-01       5.941817804456e+01 
       9.706071264417e-01       5.782317710832e+01 
       9.821504727542e-01       5.627588509922e+01 
       9.937978953217e-01       5.477014874083e+01 
       1.005552955074e+00       5.330876797592e+01 
       1.017419119093e+00       5.188686469355e+01 
       1.029399762945e+00       5.050511918818e+01 
       1.041498173206e+00       4.916054669156e+01 
       1.053717550189e+00       4.785319845904e+01 
       1.066061010865e+00       4.658109431567e+01 
       1.078531591983e+00       4.534317074934e+01 
       1.091132253362e+00       4.413811078220e+01 
       1.103865881359e+00       4.296515065726e+01 
       1.116735292498e+00       4.182345665742e+01 
       1.129743237235e+00       4.071182260681e+01 
       1.142892403849e+00       3.962974136779e+01 
       1.156185422431e+00       3.857611578535e+01 
       1.169624868956e+00       3.755001105650e+01 
       1.183213269410e+00       3.655109451622e+01 
       1.196953103950e+00       3.557745336306e+01 
       1.210846811071e+00       3.463022650734e+01 
       1.224896791756e+00       3.370690189740e+01 
       1.239105413590e+00       3.280838304195e+01 
       1.253475014812e+00       3.193234928438e+01 
       1.268007908284e+00       3.107970161655e+01 
       1.282706385356e+00       3.024887976955e+01 
       1.297572719621e+00       2.943965546544e+01 
       1.312609170528e+00       2.865164642686e+01 
       1.327817986858e+00       2.788354048602e+01 
       1.343201410032e+00       2.713608519669e+01 
       1.358761677270e+00       2.640768771704e+01 
       1.374501024569e+00       2.569821837463e+01 
       1.390421689514e+00       2.500767502442e+01 
       1.406525913912e+00       2.433462673978e+01 
       1.422815946257e+00       2.367949323238e+01 
       1.439294044023e+00       2.304164077475e+01 
       1.455962475788e+00       2.241996350265e+01 
       1.472823523204e+00       2.181491835689e+01 
       1.489879482807e+00       2.122569404210e+01 
       1.507132667683e+00       2.065159863073e+01 
       1.524585409002e+00       2.009270719308e+01 
       1.542240057416e+00       1.954867675302e+01 
       1.560098984338e+00       1.901862584974e+01 
       1.578164583123e+00       1.850257761314e+01 
       1.596439270128e+00       1.800037818903e+01 
       1.614925485702e+00       1.751119801555e+01 
       1.633625695080e+00       1.703475470615e+01 
       1.652542389208e+00       1.657110318224e+01 
       1.671678085504e+00       1.611981613691e+01 
       1.691035328560e+00       1.568033845661e+01 
       1.710616690791e+00       1.525243371084e+01 
       1.730424773046e+00       1.483596306103e+01 
       1.750462205178e+00       1.443058862138e+01 
       1.770731646579e+00       1.403596310977e+01 
       1.791235786697e+00       1.365176869212e+01 
       1.811977345518e+00       1.327773095280e+01 
       1.832959074041e+00       1.291371891002e+01 
       1.854183754728e+00       1.255946413653e+01 
       1.875654201951e+00       1.221471695720e+01 
       1.897373262424e+00       1.187908387622e+01 
       1.919343815626e+00       1.155247309177e+01 
       1.941568774227e+00       1.123460144472e+01 
       1.964051084501e+00       1.092514236414e+01 
       1.986793726746e+00       1.062410671922e+01 
       2.009799715696e+00       1.033101481888e+01 
       2.033072100937e+00       1.004594734451e+01 
       2.056613967325e+00       9.768426245823e+00 
       2.080428435404e+00       9.498500084877e+00 
       2.104518661826e+00       9.235784207845e+00 
       2.128887839776e+00       8.980127772898e+00 
       2.153539199403e+00       8.731415301922e+00 
       2.178476008244e+00       8.489408780094e+00 
       2.203701571668e+00       8.253915706779e+00 
       2.229219233311e+00       8.024802231556e+00 
       2.255032375522e+00       7.801883582447e+00 
       2.281144419813e+00       7.585006870524e+00 
       2.307558827313e+00       7.374067966512e+00 
       2.334279099226e+00       7.168779859195e+00 
       2.361308777300e+00       6.969094127614e+00 
       2.388651444290e+00       6.774834327647e+00 
       2.416310724438e+00       6.585881251148e+00 
       2.444290283954e+00       6.402084809997e+00 
       2.472593831498e+00       6.223288725322e+00 
       2.501225118675e+00       6.049386691245e+00 
       2.530187940532e+00       5.880220220581e+00 
       2.559486136059e+00       5.715641214607e+00 
       2.589123588701e+00       5.555599688466e+00 
       2.619104226870e+00       5.399916814856e+00 
       2.649432024467e+00       5.248525896747e+00 
       2.680111001409e+00       5.101311135122e+00 
       2.711145224162e+00       4.958122299918e+00 
       2.742538806277e+00       4.818828375190e+00 
       2.774295908940e+00       4.683358427053e+00 
       2.806420741521e+00       4.551658018351e+00 
       2.838917562132e+00       4.423561971840e+00 
       2.871790678190e+00       4.298961115748e+00 
       2.905044446992e+00       4.177807294318e+00 
       2.938683276289e+00       4.060040592117e+00 
       2.972711624871e+00       3.945458520457e+00 
       3.007134003159e+00       3.834089525892e+00 
       3.041954973802e+00       3.725791713856e+00 
       3.077179152282e+00       3.620484244245e+00 
       3.112811207525e+00       3.518104462275e+00 
       3.148855862522e+00       3.418539968651e+00 
       3.185317894954e+00       3.321736894252e+00 
       3.222202137821e+00       3.227632651107e+00 
       3.259513480092e+00       3.136103816710e+00 
       3.297256867345e+00       3.047159335043e+00 
       3.335437302423e+00       2.960672502033e+00 
       3.374059846103e+00       2.876641381996e+00 
       3.413129617762e+00       2.794864916643e+00 
       3.452651796054e+00       2.715411746874e+00 
       3.492631619601e+00       2.638170220950e+00 
       3.533074387687e+00       2.563076245646e+00 
       3.573985460956e+00       2.490125527170e+00 
       3.615370262127e+00       2.419167466745e+00 
       3.657234276710e+00       2.350203478454e+00 
       3.699583053735e+00       2.283175994805e+00 
       3.742422206486e+00       2.217967556528e+00 
       3.785757413247e+00       2.154648219085e+00 
       3.829594418053e+00       2.093083348483e+00 
       3.873939031451e+00       2.033254096982e+00 
       3.918797131271e+00       1.975095451192e+00 
       3.964174663407e+00       1.918573864326e+00 
       4.010077642600e+00       1.863642854189e+00 
       4.056512153241e+00       1.810257103905e+00 
       4.103484350174e+00       1.758370978682e+00 
       4.151000459513e+00       1.707968191604e+00 
       4.199066779467e+00       1.658961614877e+00 
       4.247689681174e+00       1.611327426660e+00 
       4.296875609547e+00       1.565037810273e+00 
       4.346631084129e+00       1.520061760042e+00 
       4.396962699952e+00       1.476377230989e+00 
       4.447877128418e+00       1.433914362469e+00 
       4.499381118181e+00       1.392624575851e+00 
       4.551481496036e+00       1.352530441619e+00 
       4.604185167835e+00       1.313569597113e+00 
       4.657499119390e+00       1.275708620041e+00 
       4.711430417408e+00       1.238918109293e+00 
       4.765986210425e+00       1.203175606282e+00 
       4.821173729752e+00       1.168443177834e+00 
       4.877000290435e+00       1.134701523929e+00 
       4.933473292223e+00       1.101914782497e+00 
       4.990600220553e+00       1.070052155793e+00 
       5.048388647536e+00       1.039104571007e+00 
       5.106846232967e+00       1.009040834106e+00 
       5.165980725334e+00       9.798241678757e-01 
       5.225799962850e+00       9.514522014399e-01 
       5.286311874491e+00       9.238814618704e-01 
       5.347524481046e+00       8.970982989710e-01 
       5.409445896178e+00       8.710804986574e-01 
       5.472084327504e+00       8.458066494906e-01 
       5.535448077680e+00       8.212502503826e-01 
       5.599545545504e+00       7.973971560307e-01 
       5.664385227024e+00       7.742276981822e-01 
       5.729975716671e+00       7.517220820318e-01 
       5.796325708393e+00       7.298598371567e-01 
       5.863443996809e+00       7.086231792817e-01 
       5.931339478375e+00       6.879965905509e-01 
       6.000021152565e+00       6.679595283000e-01 
       6.069498123059e+00       6.484971700713e-01 
       6.139779598956e+00       6.295954583546e-01 
       6.210874895988e+00       6.112399210621e-01 
       6.282793437760e+00       5.934052863317e-01 
       6.355544756997e+00       5.760852887672e-01 
       6.429138496807e+00       5.592638977264e-01 
       6.503584411962e+00       5.429261001514e-01 
       6.578892370185e+00       5.270569222840e-01 
       6.655072353467e+00       5.116492445877e-01 
       6.732134459380e+00       4.966826291395e-01 
       6.810088902424e+00       4.821492069447e-01 
       6.888946015375e+00       4.680348837045e-01 
       6.968716250659e+00       4.543276583919e-01 
       7.049410181734e+00       4.410168968626e-01 
       7.131038504493e+00       4.280904433966e-01 
       7.213612038681e+00       4.155362077963e-01 
       7.297141729331e+00       4.033450411365e-01 
       7.381638648214e+00       3.915099165814e-01 
       7.467113995304e+00       3.800163446151e-01 
       7.553579100266e+00       3.688568187057e-01 
       7.641045423956e+00       3.580194845211e-01 
       7.729524559941e+00       3.474948885792e-01 
       7.819028236034e+00       3.372764742725e-01 
       7.909568315850e+00       3.273544980640e-01 
       8.001156800378e+00       3.177214689701e-01 
       8.093805829575e+00       3.083670286911e-01 
       8.187527683967e+00       2.992849570009e-01 
       8.282334786285e+00       2.904665855581e-01 
       8.378239703108e+00       2.819041916036e-01 
       8.475255146529e+00       2.735916285019e-01 
       8.573393975839e+00       2.655218997897e-01 
       8.672669199234e+00       2.576865895730e-01 
       8.773093975538e+00       2.500792043988e-01 
       8.874681615945e+00       2.426932074484e-01 
       8.977445585788e+00       2.355237016544e-01 
       9.081399506320e+00       2.285621051187e-01 
       9.186557156519e+00       2.218052257899e-01 
       9.292932474919e+00       2.152438287084e-01 
       9.400539561452e+00       2.088757223020e-01 
       9.509392679323e+00       2.026944581314e-01 
       9.619506256892e+00       1.966917826534e-01 
       9.730894889597e+00       1.908659798246e-01 
       9.843573341879e+00       1.852096845963e-01 
       9.957556549145e+00       1.797212103393e-01 
       1.007285961975e+01       1.743914008247e-01 
       1.018949783698e+01       1.692181674205e-01 
       1.030748666111e+01       1.641963074758e-01 
       1.042684173144e+01       1.593222775311e-01 
       1.054757886835e+01       1.545911138485e-01 
       1.066971407540e+01       1.499991236712e-01 
       1.079326354151e+01       1.455418980232e-01 
       1.091824364300e+01       1.412151438111e-01 
       1.104467094586e+01       1.370152584174e-01 
       1.117256220790e+01       1.329388911473e-01 
       1.130193438095e+01       1.289829235528e-01 
       1.143280461316e+01       1.251438046116e-01 
       1.156519025124e+01       1.214171887142e-01 
       1.169910884276e+01       1.178001089668e-01 
       1.183457813849e+01       1.142897241761e-01 
       1.197161609473e+01       1.108829527732e-01 
       1.211024087571e+01       1.075760766725e-01 
       1.225047085601e+01       1.043675898920e-01 
       1.239232462295e+01       1.012530783437e-01 
       1.253582097910e+01       9.823101996692e-02 
       1.268097894473e+01       9.529754243395e-02 
       1.282781776040e+01       9.245059862380e-02 
       1.297635688941e+01       8.968850081993e-02 
       1.312661602047e+01       8.700814387259e-02 
       1.327861507026e+01       8.440515910734e-02 
       1.343237418610e+01       8.188219368996e-02 
       1.358791374859e+01       7.943193718401e-02 
       1.374525437433e+01       7.705434199050e-02 
       1.390441691865e+01       7.474791861867e-02 
       1.406542247837e+01       7.250908823131e-02 
       1.422829239461e+01       7.033706371344e-02 
       1.439304825559e+01       6.822933721375e-02 
       1.455971189952e+01       6.618411850549e-02 
       1.472830541750e+01       6.419957422499e-02 
       1.489885115641e+01       6.227360438513e-02 
       1.507137172190e+01       6.040481085570e-02 
       1.524588998139e+01       5.859218120251e-02 
       1.542242906708e+01       5.683271931041e-02 
       1.560101237904e+01       5.512604724914e-02 
       1.578166358829e+01       5.346992008762e-02 
       1.596440663995e+01       5.186309591469e-02 
       1.614926575643e+01       5.030406032898e-02 
       1.633626544058e+01       4.879124100765e-02 
       1.652543047903e+01       4.732353389267e-02 
       1.671678594539e+01       4.589967573877e-02 
       1.691035720361e+01       4.451800979222e-02 
       1.710616991137e+01       4.317787410989e-02 
       1.730425002342e+01       4.187739812129e-02 
       1.750462379507e+01       4.061604507389e-02 
       1.770731778564e+01       3.939188522057e-02 
       1.791235886201e+01       3.820439849140e-02 
       1.811977420214e+01       3.705260585720e-02 
       1.832959129871e+01       3.593486967203e-02 
       1.854183796276e+01       3.485078678351e-02 
       1.875654232734e+01       3.379896730892e-02 
       1.897373285129e+01       3.277863262535e-02 
       1.919343832298e+01       3.178855182405e-02 
       1.941568786414e+01       3.082840541286e-02 
       1.964051093368e+01       2.989702612002e-02 
       1.986793733168e+01       2.899342321372e-02 
       2.009799720325e+01       2.811668626608e-02 
       2.033072104258e+01       2.726641268596e-02 
       2.056613969697e+01       2.644173508237e-02 
       2.080428437089e+01       2.564162166335e-02 
       2.104518663017e+01       2.486540116104e-02 
       2.128887840615e+01       2.411261365669e-02 
       2.153539199990e+01       2.338208430752e-02 
       2.178476008653e+01       2.267398331961e-02 
       2.203701571951e+01       2.198692365739e-02 
       2.229219233506e+01       2.132034105688e-02 
       2.255032375656e+01       2.067398189477e-02 
       2.281144419904e+01       2.004704460753e-02 
       2.307558827375e+01       1.943871474141e-02 
       2.334279099268e+01       1.884874987070e-02 
       2.361308777328e+01       1.827672312996e-02 
       2.388651444309e+01       1.772192048516e-02 
       2.416310724451e+01       1.718358726867e-02 
       2.444290283962e+01       1.666154356787e-02 
       2.472593831503e+01       1.615522032445e-02 
       2.501225118679e+01       1.566403637072e-02 
       2.530187940534e+01       1.518783206834e-02 
       2.559486136060e+01       1.472607967637e-02 
       2.589123588702e+01       1.427805513047e-02 
       2.619104226870e+01       1.384360046685e-02 
       2.649432024467e+01       1.342222582369e-02 
       2.680111001409e+01       1.301354212716e-02 
       2.711145224162e+01       1.261722428292e-02 
       2.742538806277e+01       1.223282660776e-02 
       2.774295908940e+01       1.186002376170e-02 
       2.806420741521e+01       1.149857683656e-02 
       2.838917562132e+01       1.114795363915e-02 
       2.871790678190e+01       1.080797843965e-02 
       2.905044446992e+01       1.047826156078e-02 
       2.938683276289e+01       1.015860160245e-02 
       2.972711624871e+01       9.848538724400e-03 
       3.007134003159e+01       9.547857979404e-03 
