# Matter power spectrum P(k) at redshift z=0
# for k=1.0834e-05 to 30.2946 h/Mpc,
# number of wavenumbers equal to 1158
#    1:k (h/Mpc)              2:P (Mpc/h)^3        
       1.083402852352e-05       4.004783900674e+01 
       1.095948066126e-05       4.049633703383e+01 
       1.108638546629e-05       4.094989310030e+01 
       1.121475975970e-05       4.140850672667e+01 
       1.134462055738e-05       4.187219935996e+01 
       1.147598507222e-05       4.234122760048e+01 
       1.160887071645e-05       4.281543756548e+01 
       1.174329510392e-05       4.329496812854e+01 
       1.187927605243e-05       4.377987406433e+01 
       1.201683158612e-05       4.427025348456e+01 
       1.215597993782e-05       4.476598674752e+01 
       1.229673955150e-05       4.526741159515e+01 
       1.243912908468e-05       4.577447626682e+01 
       1.258316741095e-05       4.628718087780e+01 
       1.272887362243e-05       4.680563174575e+01 
       1.287626703232e-05       4.732990397031e+01 
       1.302536717746e-05       4.786003698513e+01 
       1.317619382091e-05       4.839614972463e+01 
       1.332876695458e-05       4.893818479702e+01 
       1.348310680187e-05       4.948643530288e+01 
       1.363923382036e-05       5.004075771889e+01 
       1.379716870453e-05       5.060124666215e+01 
       1.395693238846e-05       5.116813387499e+01 
       1.411854604866e-05       5.174127293377e+01 
       1.428203110684e-05       5.232103705330e+01 
       1.444740923278e-05       5.290702691411e+01 
       1.461470234717e-05       5.349985084639e+01 
       1.478393262452e-05       5.409902503785e+01 
       1.495512249613e-05       5.470523028946e+01 
       1.512829465302e-05       5.531811308968e+01 
       1.530347204899e-05       5.593784494253e+01 
       1.548067790360e-05       5.656453581595e+01 
       1.565993570529e-05       5.719826614425e+01 
       1.584126921450e-05       5.783884565357e+01 
       1.602470246679e-05       5.848711162071e+01 
       1.621025977604e-05       5.914241367083e+01 
       1.639796573765e-05       5.980504924454e+01 
       1.658784523187e-05       6.047522029989e+01 
       1.677992342700e-05       6.115282495377e+01 
       1.697422578281e-05       6.183806031555e+01 
       1.717077805386e-05       6.253095610398e+01 
       1.736960629294e-05       6.323167033216e+01 
       1.757073685452e-05       6.394004375916e+01 
       1.777419639824e-05       6.465643883217e+01 
       1.798001189244e-05       6.538117210139e+01 
       1.818821061774e-05       6.611377876243e+01 
       1.839882017066e-05       6.685473719482e+01 
       1.861186846726e-05       6.760407919885e+01 
       1.882738374687e-05       6.836175034222e+01 
       1.904539457580e-05       6.912782728554e+01 
       1.926592985115e-05       6.990262659351e+01 
       1.948901880464e-05       7.068619400350e+01 
       1.971469100646e-05       7.147838603841e+01 
       1.994297636921e-05       7.227979807900e+01 
       2.017390515189e-05       7.308977689476e+01 
       2.040750796384e-05       7.390906751299e+01 
       2.064381576886e-05       7.473770931229e+01 
       2.088285988931e-05       7.557548986884e+01 
       2.112467201021e-05       7.642241600679e+01 
       2.136928418351e-05       7.727947044376e+01 
       2.161672883228e-05       7.814586790614e+01 
       2.186703875504e-05       7.902194987640e+01 
       2.212024713010e-05       7.990798353971e+01 
       2.237638751996e-05       8.080393675868e+01 
       2.263549387575e-05       8.170989525691e+01 
       2.289760054174e-05       8.262599279344e+01 
       2.316274225987e-05       8.355268605442e+01 
       2.343095417441e-05       8.448961486150e+01 
       2.370227183653e-05       8.543690955239e+01 
       2.397673120912e-05       8.639535258323e+01 
       2.425436867146e-05       8.736433765700e+01 
       2.453522102409e-05       8.834428716327e+01 
       2.481932549370e-05       8.933500811511e+01 
       2.510671973801e-05       9.033715837517e+01 
       2.539744185084e-05       9.135034178360e+01 
       2.569153036707e-05       9.237521136476e+01 
       2.598902426782e-05       9.341140443998e+01 
       2.628996298559e-05       9.445942163359e+01 
       2.659438640947e-05       9.551921382612e+01 
       2.690233489047e-05       9.659096449463e+01 
       2.721384924682e-05       9.767465414968e+01 
       2.752897076941e-05       9.877066853531e+01 
       2.784774122726e-05       9.987910493359e+01 
       2.817020287304e-05       1.009999774692e+02 
       2.849639844870e-05       1.021334861104e+02 
       2.882637119111e-05       1.032797838265e+02 
       2.916016483779e-05       1.044390149463e+02 
       2.949782363274e-05       1.056113264561e+02 
       2.983939233227e-05       1.067968546773e+02 
       3.018491621092e-05       1.079957708753e+02 
       3.053444106752e-05       1.092082216292e+02 
       3.088801323122e-05       1.104343792242e+02 
       3.124567956761e-05       1.116743826043e+02 
       3.160748748498e-05       1.129283903899e+02 
       3.197348494058e-05       1.141966215362e+02 
       3.234372044698e-05       1.154790216549e+02 
       3.271824307849e-05       1.167761089712e+02 
       3.309710247768e-05       1.180876236006e+02 
       3.348034886196e-05       1.194142016637e+02 
       3.386803303021e-05       1.207557853477e+02 
       3.426020636956e-05       1.221125205892e+02 
       3.465692086215e-05       1.234845826974e+02 
       3.505822909206e-05       1.248719229089e+02 
       3.546418425226e-05       1.262754127810e+02 
       3.587484015168e-05       1.276945958765e+02 
       3.629025122230e-05       1.291298849202e+02 
       3.671047252640e-05       1.305813714590e+02 
       3.713555976388e-05       1.320492940813e+02 
       3.756556927958e-05       1.335340463182e+02 
       3.800055807080e-05       1.350354214982e+02 
       3.844058379484e-05       1.365538111016e+02 
       3.888570477661e-05       1.380895478271e+02 
       3.933598001644e-05       1.396426608177e+02 
       3.979146919781e-05       1.412137781030e+02 
       4.025223269532e-05       1.428024082107e+02 
       4.071833158267e-05       1.444089818093e+02 
       4.118982764077e-05       1.460339965459e+02 
       4.166678336591e-05       1.476773282205e+02 
       4.214926197805e-05       1.493396310251e+02 
       4.263732742922e-05       1.510204706692e+02 
       4.313104441195e-05       1.527207248812e+02 
       4.363047836790e-05       1.544401959039e+02 
       4.413569549650e-05       1.561790047371e+02 
       4.464676276373e-05       1.579381493436e+02 
       4.516374791100e-05       1.597169611609e+02 
       4.568671946414e-05       1.615159879009e+02 
       4.621574674246e-05       1.633357915120e+02 
       4.675089986795e-05       1.651765813626e+02 
       4.729224977458e-05       1.670381500432e+02 
       4.783986821770e-05       1.689205941901e+02 
       4.839382778352e-05       1.708248772502e+02 
       4.895420189880e-05       1.727509963664e+02 
       4.952106484052e-05       1.746994015611e+02 
       5.009449174574e-05       1.766695118982e+02 
       5.067455862159e-05       1.786624115210e+02 
       5.126134235528e-05       1.806784751665e+02 
       5.185492072439e-05       1.827173349334e+02 
       5.245537240707e-05       1.847793130150e+02 
       5.306277699254e-05       1.868651902777e+02 
       5.367721499163e-05       1.889750168906e+02 
       5.429876784742e-05       1.911090736754e+02 
       5.492751794608e-05       1.932676267356e+02 
       5.556354862775e-05       1.954509974483e+02 
       5.620694419760e-05       1.976594820819e+02 
       5.685778993703e-05       1.998933662675e+02 
       5.751617211492e-05       2.021531814894e+02 
       5.818217799913e-05       2.044389787179e+02 
       5.885589586801e-05       2.067505789888e+02 
       5.953741502214e-05       2.090894639535e+02 
       6.022682579614e-05       2.114551610017e+02 
       6.092421957067e-05       2.138482741646e+02 
       6.162968878451e-05       2.162685786718e+02 
       6.234332694684e-05       2.187171970735e+02 
       6.306522864963e-05       2.211941562826e+02 
       6.379548958017e-05       2.236998302044e+02 
       6.453420653375e-05       2.262344938898e+02 
       6.528147742650e-05       2.287987979692e+02 
       6.603740130838e-05       2.313924563632e+02 
       6.680207837628e-05       2.340162030977e+02 
       6.757560998730e-05       2.366708382147e+02 
       6.835809867223e-05       2.393563785713e+02 
       6.914964814910e-05       2.420726973798e+02 
       6.995036333693e-05       2.448208024583e+02 
       7.076035036966e-05       2.476014269864e+02 
       7.157971661018e-05       2.504142579221e+02 
       7.240857066460e-05       2.532595944451e+02 
       7.324702239664e-05       2.561379659595e+02 
       7.409518294215e-05       2.590508375427e+02 
       7.495316472391e-05       2.619972454993e+02 
       7.582108146646e-05       2.649778324225e+02 
       7.669904821124e-05       2.679944316900e+02 
       7.758718133178e-05       2.710452797686e+02 
       7.848559854917e-05       2.741326446898e+02 
       7.939441894763e-05       2.772560884349e+02 
       8.031376299032e-05       2.804167973601e+02 
       8.124375253531e-05       2.836138727500e+02 
       8.218451085169e-05       2.868490992369e+02 
       8.313616263597e-05       2.901223758418e+02 
       8.409883402856e-05       2.934350330557e+02 
       8.507265263050e-05       2.967862770150e+02 
       8.605774752041e-05       3.001771933070e+02 
       8.705424927153e-05       3.036083185838e+02 
       8.806228996910e-05       3.070801126378e+02 
       8.908200322782e-05       3.105927243122e+02 
       9.011352420958e-05       3.141476019410e+02 
       9.115698964136e-05       3.177450763812e+02 
       9.221253783338e-05       3.213849915433e+02 
       9.328030869741e-05       3.250680905814e+02 
       9.436044376532e-05       3.287953148426e+02 
       9.545308620785e-05       3.325676609579e+02 
       9.655838085356e-05       3.363843126892e+02 
       9.767647420806e-05       3.402475272436e+02 
       9.880751447342e-05       3.441560220363e+02 
       9.995165156780e-05       3.481121657022e+02 
       1.011090371453e-04       3.521157583941e+02 
       1.022798246162e-04       3.561677671210e+02 
       1.034641691671e-04       3.602686953251e+02 
       1.046622277815e-04       3.644184551176e+02 
       1.058741592608e-04       3.686187783316e+02 
       1.071001242453e-04       3.728697408118e+02 
       1.083402852352e-04       3.771722850852e+02 
       1.095948066126e-04       3.815270534914e+02 
       1.108638546629e-04       3.859346169532e+02 
       1.121475975970e-04       3.903961491741e+02 
       1.134462055738e-04       3.949112642637e+02 
       1.147598507222e-04       3.994817579665e+02 
       1.160887071645e-04       4.041083834858e+02 
       1.174329510392e-04       4.087911314105e+02 
       1.187927605243e-04       4.135312274000e+02 
       1.201683158612e-04       4.183289650559e+02 
       1.215597993782e-04       4.231859789897e+02 
       1.229673955150e-04       4.281025830467e+02 
       1.243912908468e-04       4.330797270789e+02 
       1.258316741095e-04       4.381179949691e+02 
       1.272887362243e-04       4.432183458437e+02 
       1.287626703232e-04       4.483818170468e+02 
       1.302536717746e-04       4.536090641778e+02 
       1.317619382091e-04       4.589009906836e+02 
       1.332876695458e-04       4.642584735344e+02 
       1.348310680187e-04       4.696824326604e+02 
       1.363923382036e-04       4.751736343236e+02 
       1.379716870453e-04       4.807333537462e+02 
       1.395693238846e-04       4.863620174701e+02 
       1.411854604866e-04       4.920611139755e+02 
       1.428203110684e-04       4.978311658392e+02 
       1.444740923278e-04       5.036732819957e+02 
       1.461470234717e-04       5.095884405872e+02 
       1.478393262452e-04       5.155779548111e+02 
       1.495512249613e-04       5.216423743398e+02 
       1.512829465302e-04       5.277829761187e+02 
       1.530347204899e-04       5.340006563612e+02 
       1.548067790360e-04       5.402965492425e+02 
       1.565993570529e-04       5.466717277210e+02 
       1.584126921451e-04       5.531272040241e+02 
       1.602470246679e-04       5.596641727176e+02 
       1.621025977604e-04       5.662836368007e+02 
       1.639796573765e-04       5.729869586632e+02 
       1.658784523187e-04       5.797747582404e+02 
       1.677992342700e-04       5.866486621479e+02 
       1.697422578281e-04       5.936097605921e+02 
       1.717077805386e-04       6.006592972381e+02 
       1.736960629294e-04       6.077977229467e+02 
       1.757073685452e-04       6.150269814830e+02 
       1.777419639824e-04       6.223482595173e+02 
       1.798001189244e-04       6.297623615990e+02 
       1.818821061774e-04       6.372708229440e+02 
       1.839882017066e-04       6.448746222951e+02 
       1.861186846726e-04       6.525756871872e+02 
       1.882738374687e-04       6.603743232166e+02 
       1.904539457580e-04       6.682726172516e+02 
       1.926592985115e-04       6.762713971045e+02 
       1.948901880464e-04       6.843716581091e+02 
       1.971469100646e-04       6.925757166559e+02 
       1.994297636921e-04       7.008839162298e+02 
       2.017390515189e-04       7.092983191456e+02 
       2.040750796384e-04       7.178194260760e+02 
       2.064381576886e-04       7.264491146110e+02 
       2.088285988931e-04       7.351886226026e+02 
       2.112467201021e-04       7.440393101860e+02 
       2.136928418351e-04       7.530025004527e+02 
       2.161672883228e-04       7.620794750311e+02 
       2.186703875504e-04       7.712718446786e+02 
       2.212024713010e-04       7.805809027891e+02 
       2.237638751997e-04       7.900075637977e+02 
       2.263549387575e-04       7.995539498232e+02 
       2.289760054174e-04       8.092210704001e+02 
       2.316274225987e-04       8.190100651527e+02 
       2.343095417441e-04       8.289225445245e+02 
       2.370227183653e-04       8.389602785629e+02 
       2.397673120912e-04       8.491236547060e+02 
       2.425436867146e-04       8.594147555665e+02 
       2.453522102409e-04       8.698347589217e+02 
       2.481932549370e-04       8.803851187689e+02 
       2.510671973801e-04       8.910671151454e+02 
       2.539744185084e-04       9.018822415822e+02 
       2.569153036707e-04       9.128313377091e+02 
       2.598902426782e-04       9.239160627890e+02 
       2.628996298559e-04       9.351376637703e+02 
       2.659438640947e-04       9.464974355822e+02 
       2.690233489047e-04       9.579968456630e+02 
       2.721384924682e-04       9.696368696288e+02 
       2.752897076941e-04       9.814188542526e+02 
       2.784774122726e-04       9.933440372473e+02 
       2.817020287304e-04       1.005413636507e+03 
       2.849639844870e-04       1.017628772001e+03 
       2.882637119111e-04       1.029990653020e+03 
       2.916016483779e-04       1.042500421436e+03 
       2.949782363274e-04       1.055158967473e+03 
       2.983939233227e-04       1.067967725608e+03 
       3.018491621092e-04       1.080927497595e+03 
       3.053444106752e-04       1.094039542290e+03 
       3.088801323122e-04       1.107304499560e+03 
       3.124567956761e-04       1.120723454104e+03 
       3.160748748498e-04       1.134297439392e+03 
       3.197348494058e-04       1.148027219036e+03 
       3.234372044698e-04       1.161913640824e+03 
       3.271824307849e-04       1.175957557137e+03 
       3.309710247768e-04       1.190159854993e+03 
       3.348034886196e-04       1.204520880202e+03 
       3.386803303021e-04       1.219041417423e+03 
       3.426020636956e-04       1.233722283251e+03 
       3.465692086215e-04       1.248563934975e+03 
       3.505822909206e-04       1.263567017114e+03 
       3.546418425226e-04       1.278731587064e+03 
       3.587484015168e-04       1.294058625837e+03 
       3.629025122230e-04       1.309547981434e+03 
       3.671047252640e-04       1.325200535038e+03 
       3.713555976388e-04       1.341015901388e+03 
       3.756556927959e-04       1.356994800237e+03 
       3.800055807081e-04       1.373137344853e+03 
       3.844058379484e-04       1.389443357052e+03 
       3.888570477661e-04       1.405912801823e+03 
       3.933598001644e-04       1.422546128621e+03 
       3.979146919781e-04       1.439342874113e+03 
       4.025223269532e-04       1.456302894919e+03 
       4.071833158267e-04       1.473426373803e+03 
       4.118982764077e-04       1.490712625022e+03 
       4.166678336591e-04       1.508161462140e+03 
       4.214926197805e-04       1.525772468383e+03 
       4.263732742922e-04       1.543545293933e+03 
       4.313104441195e-04       1.561479536409e+03 
       4.363047836790e-04       1.579574469517e+03 
       4.413569549650e-04       1.597829543855e+03 
       4.464676276373e-04       1.616244062857e+03 
       4.516374791100e-04       1.634817319923e+03 
       4.568671946414e-04       1.653548515880e+03 
       4.621574674246e-04       1.672437047159e+03 
       4.675089986795e-04       1.691481852219e+03 
       4.729224977458e-04       1.710681902818e+03 
       4.783986821770e-04       1.730036339105e+03 
       4.839382778352e-04       1.749544333990e+03 
       4.895420189880e-04       1.769204414394e+03 
       4.952106484052e-04       1.789016019906e+03 
       5.009449174574e-04       1.808977491751e+03 
       5.067455862159e-04       1.829087971854e+03 
       5.126134235529e-04       1.849346116642e+03 
       5.185492072439e-04       1.869750830459e+03 
       5.245537240707e-04       1.890300785453e+03 
       5.306277699254e-04       1.910994727799e+03 
       5.367721499163e-04       1.931831218773e+03 
       5.429876784742e-04       1.952809156142e+03 
       5.492751794608e-04       1.973927284788e+03 
       5.556354862775e-04       1.995183843263e+03 
       5.620694419760e-04       2.016578204740e+03 
       5.685778993703e-04       2.038108233414e+03 
       5.751617211492e-04       2.059773238008e+03 
       5.818217799913e-04       2.081571560563e+03 
       5.885589586801e-04       2.103502001479e+03 
       5.953741502214e-04       2.125563297811e+03 
       6.022682579614e-04       2.147754101545e+03 
       6.092421957067e-04       2.170073301276e+03 
       6.162968878451e-04       2.192519743712e+03 
       6.234332694684e-04       2.215092156438e+03 
       6.306522864963e-04       2.237789190647e+03 
       6.379548958017e-04       2.260610301752e+03 
       6.453420653375e-04       2.283553991774e+03 
       6.528147742651e-04       2.306619503599e+03 
       6.603740130838e-04       2.329806166365e+03 
       6.680207837628e-04       2.353112585829e+03 
       6.757560998730e-04       2.376538344518e+03 
       6.835809867223e-04       2.400082708288e+03 
       6.914964814910e-04       2.423745087016e+03 
       6.995036333693e-04       2.447524747748e+03 
       7.076035036966e-04       2.471421725453e+03 
       7.157971661018e-04       2.495435101872e+03 
       7.240857066460e-04       2.519564889157e+03 
       7.324702239664e-04       2.543810689768e+03 
       7.409518294215e-04       2.568172775765e+03 
       7.495316472391e-04       2.592650955168e+03 
       7.582108146646e-04       2.617245547587e+03 
       7.669904821124e-04       2.641956726212e+03 
       7.758718133178e-04       2.666784837419e+03 
       7.848559854917e-04       2.691730365737e+03 
       7.939441894763e-04       2.716793824882e+03 
       8.031376299032e-04       2.741976424763e+03 
       8.124375253531e-04       2.767278413572e+03 
       8.218451085170e-04       2.792701260503e+03 
       8.313616263597e-04       2.818245898996e+03 
       8.409883402856e-04       2.843913523899e+03 
       8.507265263051e-04       2.869705507593e+03 
       8.605774752041e-04       2.895623312804e+03 
       8.705424927153e-04       2.921669284921e+03 
       8.806228996910e-04       2.947843829510e+03 
       8.908200322782e-04       2.974149869747e+03 
       9.011352420958e-04       3.000588824045e+03 
       9.115698964136e-04       3.027163423246e+03 
       9.221253783338e-04       3.053875445618e+03 
       9.328030869741e-04       3.080727960216e+03 
       9.436044376532e-04       3.107722504510e+03 
       9.545308620785e-04       3.134863037685e+03 
       9.655838085356e-04       3.162150934211e+03 
       9.767647420806e-04       3.189589874898e+03 
       9.880751447342e-04       3.217182932027e+03 
       9.995165156780e-04       3.244934367742e+03 
       1.011090371453e-03       3.272843545363e+03 
       1.022798246162e-03       3.300919141161e+03 
       1.034641691671e-03       3.329160676916e+03 
       1.046622277815e-03       3.357571048391e+03 
       1.058741592608e-03       3.386157407037e+03 
       1.071001242453e-03       3.414923547465e+03 
       1.083402852352e-03       3.443869970824e+03 
       1.095948066126e-03       3.473002052141e+03 
       1.108638546629e-03       3.502324353415e+03 
       1.121475975970e-03       3.531841850867e+03 
       1.134462055738e-03       3.561556088923e+03 
       1.147598507222e-03       3.591473698244e+03 
       1.160887071645e-03       3.621595303532e+03 
       1.174329510392e-03       3.651930700383e+03 
       1.187927605243e-03       3.682480205842e+03 
       1.201683158612e-03       3.713250424450e+03 
       1.215597993782e-03       3.744244421938e+03 
       1.229673955150e-03       3.775468357802e+03 
       1.243912908468e-03       3.806924679611e+03 
       1.258316741095e-03       3.838620907158e+03 
       1.272887362243e-03       3.870558486681e+03 
       1.287626703232e-03       3.902744590061e+03 
       1.302536717746e-03       3.935181880780e+03 
       1.317619382091e-03       3.967875834421e+03 
       1.332876695458e-03       4.000831884257e+03 
       1.348310680187e-03       4.034056243552e+03 
       1.363923382036e-03       4.067547358452e+03 
       1.379716870453e-03       4.101316183643e+03 
       1.395693238846e-03       4.135365023692e+03 
       1.411854604866e-03       4.169697505185e+03 
       1.428203110684e-03       4.204322821831e+03 
       1.444740923278e-03       4.239240674998e+03 
       1.461470234717e-03       4.274458384113e+03 
       1.478393262452e-03       4.309977847557e+03 
       1.495512249613e-03       4.345804862554e+03 
       1.512829465302e-03       4.381945310601e+03 
       1.530347204899e-03       4.418403688858e+03 
       1.548067790360e-03       4.455178501324e+03 
       1.565993570529e-03       4.492279647707e+03 
       1.584126921451e-03       4.529711044340e+03 
       1.602470246679e-03       4.567475503891e+03 
       1.621025977604e-03       4.605578692028e+03 
       1.639796573765e-03       4.644025434376e+03 
       1.658784523187e-03       4.682818130922e+03 
       1.677992342700e-03       4.721962297157e+03 
       1.697422578281e-03       4.761461284320e+03 
       1.717077805386e-03       4.801318686436e+03 
       1.736960629294e-03       4.841538711691e+03 
       1.757073685452e-03       4.882125791134e+03 
       1.777419639824e-03       4.923082939021e+03 
       1.798001189244e-03       4.964413636855e+03 
       1.818821061774e-03       5.006122287388e+03 
       1.839882017066e-03       5.048211014059e+03 
       1.861186846726e-03       5.090683503745e+03 
       1.882738374687e-03       5.133544281801e+03 
       1.904539457580e-03       5.176795505279e+03 
       1.926592985115e-03       5.220442179118e+03 
       1.948901880464e-03       5.264485723174e+03 
       1.971469100646e-03       5.308928298774e+03 
       1.994297636921e-03       5.353775731185e+03 
       2.017390515189e-03       5.399027266390e+03 
       2.040750796384e-03       5.444688228749e+03 
       2.064381576886e-03       5.490760571650e+03 
       2.088285988931e-03       5.537247105195e+03 
       2.112467201021e-03       5.584149694266e+03 
       2.136928418351e-03       5.631471967271e+03 
       2.161672883228e-03       5.679215119908e+03 
       2.186703875504e-03       5.727381936476e+03 
       2.212024713010e-03       5.775974120428e+03 
       2.237638751997e-03       5.824993461350e+03 
       2.263549387575e-03       5.874443232742e+03 
       2.289760054174e-03       5.924323004947e+03 
       2.316274225987e-03       5.974636693955e+03 
       2.343095417441e-03       6.025385855764e+03 
       2.370227183653e-03       6.076570930328e+03 
       2.397673120912e-03       6.128193801600e+03 
       2.425436867146e-03       6.180255827585e+03 
       2.453522102409e-03       6.232757775055e+03 
       2.481932549370e-03       6.285701967712e+03 
       2.510671973801e-03       6.339088387534e+03 
       2.539744185084e-03       6.392918507308e+03 
       2.569153036707e-03       6.447192965741e+03 
       2.598902426782e-03       6.501912448712e+03 
       2.628996298559e-03       6.557077359434e+03 
       2.659438640947e-03       6.612688700283e+03 
       2.690233489047e-03       6.668746632295e+03 
       2.721384924682e-03       6.725251396257e+03 
       2.752897076941e-03       6.782202932354e+03 
       2.784774122726e-03       6.839601532732e+03 
       2.817020287304e-03       6.897447054933e+03 
       2.849639844870e-03       6.955739175931e+03 
       2.882637119111e-03       7.014477618897e+03 
       2.916016483779e-03       7.073661956441e+03 
       2.949782363274e-03       7.133291607483e+03 
       2.983939233227e-03       7.193365807745e+03 
       3.018491621092e-03       7.253883740280e+03 
       3.053444106752e-03       7.314844290730e+03 
       3.088801323122e-03       7.376246545319e+03 
       3.124567956761e-03       7.438089224031e+03 
       3.160748748498e-03       7.500370872590e+03 
       3.197348494058e-03       7.563089827612e+03 
       3.234372044698e-03       7.626244494107e+03 
       3.271824307849e-03       7.689833155992e+03 
       3.309710247768e-03       7.753853830787e+03 
       3.348034886196e-03       7.818304191827e+03 
       3.386803303021e-03       7.883182233286e+03 
       3.426020636956e-03       7.948485260867e+03 
       3.465692086215e-03       8.014210745091e+03 
       3.505822909206e-03       8.080356210382e+03 
       3.546418425227e-03       8.146918074271e+03 
       3.587484015168e-03       8.213894187507e+03 
       3.629025122230e-03       8.281280855319e+03 
       3.671047252641e-03       8.349074406242e+03 
       3.713555976388e-03       8.417271677175e+03 
       3.756556927959e-03       8.485868589372e+03 
       3.800055807081e-03       8.554861442134e+03 
       3.844058379484e-03       8.624246077312e+03 
       3.888570477661e-03       8.694018951605e+03 
       3.933598001644e-03       8.764173516952e+03 
       3.979146919781e-03       8.834707120328e+03 
       4.025223269532e-03       8.905613636428e+03 
       4.071833158267e-03       8.976889221452e+03 
       4.118982764077e-03       9.048528080531e+03 
       4.166678336591e-03       9.120524911077e+03 
       4.214926197805e-03       9.192873990834e+03 
       4.263732742922e-03       9.265568749978e+03 
       4.313104441195e-03       9.338604929379e+03 
       4.363047836790e-03       9.411974615314e+03 
       4.413569549650e-03       9.485672467665e+03 
       4.464676276373e-03       9.559690172740e+03 
       4.516374791100e-03       9.634024596960e+03 
       4.568671946414e-03       9.708665122502e+03 
       4.621574674246e-03       9.783605246679e+03 
       4.675089986795e-03       9.858837377391e+03 
       4.729224977458e-03       9.934355247544e+03 
       4.783986821770e-03       1.001014964904e+04 
       4.839382778352e-03       1.008621144269e+04 
       4.895420189880e-03       1.016253430062e+04 
       4.952106484052e-03       1.023910913255e+04 
       5.009449174574e-03       1.031592475767e+04 
       5.067455862159e-03       1.039297279535e+04 
       5.126134235529e-03       1.047024260893e+04 
       5.185492072439e-03       1.054772451900e+04 
       5.245537240707e-03       1.062540540602e+04 
       5.306277699254e-03       1.070329940638e+04 
       5.367721499163e-03       1.078137159645e+04 
       5.429876784742e-03       1.085961314657e+04 
       5.492751794608e-03       1.093801855253e+04 
       5.556354862775e-03       1.101658162787e+04 
       5.620694419760e-03       1.109526884839e+04 
       5.685778993703e-03       1.117411266899e+04 
       5.751617211492e-03       1.125308979005e+04 
       5.818217799913e-03       1.133207503908e+04 
       5.885589586801e-03       1.141119599425e+04 
       5.953741502214e-03       1.149039689011e+04 
       6.022682579614e-03       1.156967852685e+04 
       6.092421957067e-03       1.164898857394e+04 
       6.162968878451e-03       1.172834316689e+04 
       6.234332694684e-03       1.180772634162e+04 
       6.306522864963e-03       1.188711087874e+04 
       6.379548958017e-03       1.196649096273e+04 
       6.453420653375e-03       1.204585425419e+04 
       6.528147742651e-03       1.212517753762e+04 
       6.603740130839e-03       1.220444912811e+04 
       6.680207837628e-03       1.228365025813e+04 
       6.757560998730e-03       1.236277170418e+04 
       6.835809867224e-03       1.244179324088e+04 
       6.914964814910e-03       1.252066288539e+04 
       6.995036333693e-03       1.259944345742e+04 
       7.076035036966e-03       1.267805533176e+04 
       7.157971661018e-03       1.275648889924e+04 
       7.240857066460e-03       1.283474568728e+04 
       7.324702239664e-03       1.291278404653e+04 
       7.409518294215e-03       1.299062539835e+04 
       7.495316472391e-03       1.306819656301e+04 
       7.582108146647e-03       1.314551006734e+04 
       7.669904821124e-03       1.322254722509e+04 
       7.758718133178e-03       1.329926309469e+04 
       7.848559854917e-03       1.337566493152e+04 
       7.939441894763e-03       1.345171545175e+04 
       8.031376299032e-03       1.352739496084e+04 
       8.124375253531e-03       1.360269322637e+04 
       8.218451085170e-03       1.367757792129e+04 
       8.313616263598e-03       1.375202764752e+04 
       8.409883402856e-03       1.382602590095e+04 
       8.507265263051e-03       1.389955548993e+04 
       8.605774752041e-03       1.397256682806e+04 
       8.705424927153e-03       1.404507347127e+04 
       8.806228996910e-03       1.411702119702e+04 
       8.908200322782e-03       1.418839364368e+04 
       9.011352420958e-03       1.425916634205e+04 
       9.115698964136e-03       1.432931035499e+04 
       9.221253783338e-03       1.439882416424e+04 
       9.328030869741e-03       1.446765313057e+04 
       9.436044376533e-03       1.453580326849e+04 
       9.545308620785e-03       1.460320140438e+04 
       9.655838085356e-03       1.466986840944e+04 
       9.767647420806e-03       1.473573318204e+04 
       9.880751447342e-03       1.480078940211e+04 
       9.995165156780e-03       1.486506227110e+04 
       1.011090371453e-02       1.492842919364e+04 
       1.022798246162e-02       1.499092219758e+04 
       1.034641691671e-02       1.505250969445e+04 
       1.046622277815e-02       1.511311105833e+04 
       1.058741592608e-02       1.517276724028e+04 
       1.071001242453e-02       1.523141214832e+04 
       1.083402852352e-02       1.528902521523e+04 
       1.095948066126e-02       1.534558478104e+04 
       1.108638546629e-02       1.540102435785e+04 
       1.121475975970e-02       1.545535787459e+04 
       1.134462055738e-02       1.550852724471e+04 
       1.147598507222e-02       1.556051908055e+04 
       1.160887071645e-02       1.561129050220e+04 
       1.174329510392e-02       1.566081670782e+04 
       1.187927605243e-02       1.570904070215e+04 
       1.201683158612e-02       1.575596540446e+04 
       1.215597993782e-02       1.580158453260e+04 
       1.229673955150e-02       1.584575159625e+04 
       1.243912908468e-02       1.588858450814e+04 
       1.258316741095e-02       1.592995371962e+04 
       1.272887362243e-02       1.596985711121e+04 
       1.287626703232e-02       1.600825025966e+04 
       1.302536717746e-02       1.604511446928e+04 
       1.317619382091e-02       1.608040451840e+04 
       1.332876695458e-02       1.611411295969e+04 
       1.348310680187e-02       1.614614918008e+04 
       1.363923382037e-02       1.617655837019e+04 
       1.379716870453e-02       1.620525488873e+04 
       1.395693238846e-02       1.623222817950e+04 
       1.411854604867e-02       1.625745728811e+04 
       1.428203110686e-02       1.628088237151e+04 
       1.444740923281e-02       1.630245402977e+04 
       1.461470234720e-02       1.632221680781e+04 
       1.478393262457e-02       1.634007050232e+04 
       1.495512249621e-02       1.635602138620e+04 
       1.512829465314e-02       1.637002355816e+04 
       1.530347204917e-02       1.638200973898e+04 
       1.548067790388e-02       1.639203670771e+04 
       1.565993570572e-02       1.640000310900e+04 
       1.584126921516e-02       1.640592236367e+04 
       1.602470246777e-02       1.640972851351e+04 
       1.621025977749e-02       1.641144879750e+04 
       1.639796573981e-02       1.641094277897e+04 
       1.658784523505e-02       1.640837408833e+04 
       1.677992343167e-02       1.640354301565e+04 
       1.697422578963e-02       1.639651063221e+04 
       1.717077806378e-02       1.638718346377e+04 
       1.736960630730e-02       1.637568771928e+04 
       1.757073687519e-02       1.636181035046e+04 
       1.777419642786e-02       1.634566544850e+04 
       1.798001193468e-02       1.632715875844e+04 
       1.818821067768e-02       1.630636175334e+04 
       1.839882025533e-02       1.628318268145e+04 
       1.861186858631e-02       1.625759807707e+04 
       1.882738391348e-02       1.622961240510e+04 
       1.904539480793e-02       1.619923296496e+04 
       1.926593017311e-02       1.616642454457e+04 
       1.948901924919e-02       1.613118469702e+04 
       1.971469161759e-02       1.609350638681e+04 
       1.994297720568e-02       1.605338167988e+04 
       2.017390629184e-02       1.601079388189e+04 
       2.040750951075e-02       1.596579011017e+04 
       2.064381785915e-02       1.591831789725e+04 
       2.088286270204e-02       1.586839891400e+04 
       2.112467577942e-02       1.581597379698e+04 
       2.136928921378e-02       1.576117453427e+04 
       2.161673551836e-02       1.570390215018e+04 
       2.186704760638e-02       1.564415667773e+04 
       2.212025880149e-02       1.558211151299e+04 
       2.237640284956e-02       1.551755387198e+04 
       2.263551393213e-02       1.545066519167e+04 
       2.289762668178e-02       1.538130841924e+04 
       2.316277619977e-02       1.530981157699e+04 
       2.343099807634e-02       1.523583657006e+04 
       2.370232841405e-02       1.515951824155e+04 
       2.397680385473e-02       1.508097729461e+04 
       2.425446161053e-02       1.500012985423e+04 
       2.453533949964e-02       1.491735242190e+04 
       2.481947598746e-02       1.483235183717e+04 
       2.510691023388e-02       1.474521826852e+04 
       2.539768214746e-02       1.465601549174e+04 
       2.569183244749e-02       1.456468700000e+04 
       2.598940273480e-02       1.447132237665e+04 
       2.629043557233e-02       1.437616766485e+04 
       2.659497457663e-02       1.427909575008e+04 
       2.690306452140e-02       1.418019151783e+04 
       2.721475145430e-02       1.407963985437e+04 
       2.753008282835e-02       1.397718489294e+04 
       2.784910764918e-02       1.387347172412e+04 
       2.817187663966e-02       1.376787816642e+04 
       2.849844242317e-02       1.366082958483e+04 
       2.882885972712e-02       1.355253990439e+04 
       2.916318560823e-02       1.344271580918e+04 
       2.950147970090e-02       1.333151416746e+04 
       2.984380449050e-02       1.321936742205e+04 
       3.019022561294e-02       1.310643308077e+04 
       3.054081218208e-02       1.299211240235e+04 
       3.089563714677e-02       1.287700981366e+04 
       3.125477767881e-02       1.276080409191e+04 
       3.161831559372e-02       1.264393258355e+04 
       3.198633780578e-02       1.252654820784e+04 
       3.235893681910e-02       1.240813007420e+04 
       3.273621125636e-02       1.228957804140e+04 
       3.311826642718e-02       1.217058846467e+04 
       3.350521493782e-02       1.205121562675e+04 
       3.389717734443e-02       1.193143037675e+04 
       3.429428285189e-02       1.181167240358e+04 
       3.469667006081e-02       1.169181047417e+04 
       3.510448776513e-02       1.157211670264e+04 
       3.551789580350e-02       1.145247789212e+04 
       3.593706596755e-02       1.133279721109e+04 
       3.636218297090e-02       1.121353461064e+04 
       3.679344548301e-02       1.109472805978e+04 
       3.723106723268e-02       1.097612276099e+04 
       3.767527818637e-02       1.085818029965e+04 
       3.812632580766e-02       1.074070557170e+04 
       3.858447640425e-02       1.062374853555e+04 
       3.905001657039e-02       1.050776592882e+04 
       3.952325473320e-02       1.039269800826e+04 
       4.000452281226e-02       1.027833970996e+04 
       4.049417800334e-02       1.016488983725e+04 
       4.099260469784e-02       1.005254839573e+04 
       4.150021655100e-02       9.941032210789e+03 
       4.201745871347e-02       9.830966530852e+03 
       4.254481024170e-02       9.721706587140e+03 
       4.308278670472e-02       9.613696275332e+03 
       4.363194300607e-02       9.507146020790e+03 
       4.419287644122e-02       9.401514054296e+03 
       4.476623001269e-02       9.297651582884e+03 
       4.535269602648e-02       9.194998733809e+03 
       4.595301999500e-02       9.093357310239e+03 
       4.656800487313e-02       8.993489770282e+03 
       4.719851565532e-02       8.894784714234e+03 
       4.784548436239e-02       8.797515002667e+03 
       4.850991544712e-02       8.701578237796e+03 
       4.919289164759e-02       8.606686409090e+03 
       4.989558031590e-02       8.513154957079e+03 
       5.061924024752e-02       8.420791220257e+03 
       5.136522903256e-02       8.329533340582e+03 
       5.213501094392e-02       8.238998654746e+03 
       5.293016536875e-02       8.149185286670e+03 
       5.375239577680e-02       8.059877060252e+03 
       5.460353920315e-02       7.970770198644e+03 
       5.548557620050e-02       7.881668069460e+03 
       5.640064118787e-02       7.791710520419e+03 
       5.735103308658e-02       7.701478271165e+03 
       5.833922608900e-02       7.609393955081e+03 
       5.936788035037e-02       7.515261710938e+03 
       6.043985232740e-02       7.418420166964e+03 
       6.155820440885e-02       7.318120386739e+03 
       6.272621339357e-02       7.213040839556e+03 
       6.394737727202e-02       7.102584633856e+03 
       6.522541966157e-02       6.985278057059e+03 
       6.656429114051e-02       6.860386173224e+03 
       6.796816663086e-02       6.726579866017e+03 
       6.944143790892e-02       6.582667799656e+03 
       7.098870029541e-02       6.427749072306e+03 
       7.261473261560e-02       6.260709192834e+03 
       7.432446965233e-02       6.081516252137e+03 
       7.612296656616e-02       5.889630218982e+03 
       7.801535515133e-02       5.685693302158e+03 
       8.000679234334e-02       5.470994454689e+03 
       8.210240208608e-02       5.247559577839e+03 
       8.430721246650e-02       5.018102730643e+03 
       8.662609086286e-02       4.786430177924e+03 
       8.906368062391e-02       4.556721835639e+03 
       9.162434337287e-02       4.333673500626e+03 
       9.431211127614e-02       4.122246663813e+03 
       9.713065342336e-02       3.926376400029e+03 
       1.000832597767e-01       3.749314121623e+03 
       1.031728449894e-01       3.592709030517e+03 
       1.064019728830e-01       3.456429095477e+03 
       1.097729007061e-01       3.337853040844e+03 
       1.132876407018e-01       3.232262876663e+03 
       1.169480352159e-01       3.133429108791e+03 
       1.207558407495e-01       3.033548612114e+03 
       1.247128160574e-01       2.925483210505e+03 
       1.288208096151e-01       2.803617945643e+03 
       1.330818423901e-01       2.665855996184e+03 
       1.374981827251e-01       2.514134243927e+03 
       1.420724110901e-01       2.354660018663e+03 
       1.468074733589e-01       2.195812023905e+03 
       1.517067220022e-01       2.047177085455e+03 
       1.567739451135e-01       1.916200552703e+03 
       1.620133834832e-01       1.807143487490e+03 
       1.674297360138e-01       1.719081934475e+03 
       1.730281536810e-01       1.646783514888e+03 
       1.788142220054e-01       1.581846856052e+03 
       1.847939316762e-01       1.515548267599e+03 
       1.909736365836e-01       1.441149158898e+03 
       1.973599981213e-01       1.356574871748e+03 
       2.039599142427e-01       1.265776868578e+03 
       2.107804314417e-01       1.176785129154e+03 
       2.178286376229e-01       1.097131219564e+03 
       2.251115337802e-01       1.030334281363e+03 
       2.326358825864e-01       9.754189928373e+02 
       2.404080324829e-01       9.278201342421e+02 
       2.484337167256e-01       8.810609082328e+02 
       2.567178281816e-01       8.306804210964e+02 
       2.652641725246e-01       7.769550024583e+02 
       2.740752048769e-01       7.238434205374e+02 
       2.831517578325e-01       6.758715447571e+02 
       2.924927720067e-01       6.352331679448e+02 
       3.020950435051e-01       5.999831568460e+02 
       3.119530055543e-01       5.664202039874e+02 
       3.220585634229e-01       5.324292478505e+02 
       3.324010020734e-01       4.983325778233e+02 
       3.429669841674e-01       4.663645034932e+02 
       3.537406517473e-01       4.380124056979e+02 
       3.647038381744e-01       4.128608966954e+02 
       3.758363882152e-01       3.894504953913e+02 
       3.871165745411e-01       3.666983315691e+02 
       3.985215896944e-01       3.450096682727e+02 
       4.100280852192e-01       3.249628787104e+02 
       4.216127253776e-01       3.068485528380e+02 
       4.332527223405e-01       2.902620423146e+02 
       4.449263229414e-01       2.748074467458e+02 
       4.566132233222e-01       2.602581635735e+02 
       4.682948959148e-01       2.466505332554e+02 
       4.799548218592e-01       2.341162472549e+02 
       4.915786299427e-01       2.226101962495e+02 
       5.031541495827e-01       2.119850780896e+02 
       5.146713898174e-01       2.020245690026e+02 
       5.261224586728e-01       1.927167618592e+02 
       5.375014378858e-01       1.840383200437e+02 
       5.488042272069e-01       1.760002698263e+02 
       5.600283708474e-01       1.685057061852e+02 
       5.711728764983e-01       1.615010697628e+02 
       5.822380350850e-01       1.549271729392e+02 
       5.932252472613e-01       1.487574074608e+02 
       6.041368607418e-01       1.429697355590e+02 
       6.149760209853e-01       1.375218810595e+02 
       6.257465364942e-01       1.324097637894e+02 
       6.364527590503e-01       1.275848793634e+02 
       6.470994785452e-01       1.230202164712e+02 
       6.576918316088e-01       1.187066917131e+02 
       6.682352229739e-01       1.146138095682e+02 
       6.787352583704e-01       1.107398451692e+02 
       6.891976876981e-01       1.070541665724e+02 
       6.996283572462e-01       1.035537929322e+02 
       7.100331697911e-01       1.002170009410e+02 
       7.204180514907e-01       9.703233844042e+01 
       7.307889245953e-01       9.399529589916e+01 
       7.411516850994e-01       9.108757901485e+01 
       7.515121845633e-01       8.830810708675e+01 
       7.618762154313e-01       8.564351334107e+01 
       7.722494992653e-01       8.308744720506e+01 
       7.826376773949e-01       8.063794906600e+01 
       7.930463035585e-01       7.827757403990e+01 
       8.034808381788e-01       7.600986275232e+01 
       8.139466439700e-01       7.382458933756e+01 
       8.244489826268e-01       7.172006890289e+01 
       8.349930123881e-01       6.969077631459e+01 
       8.455837863062e-01       6.773032629114e+01 
       8.562262510841e-01       6.583991210184e+01 
       8.669252463717e-01       6.400991165260e+01 
       8.776855044339e-01       6.224229257816e+01 
       8.885116501254e-01       6.053091582451e+01 
       8.994082011211e-01       5.887437066024e+01 
       9.103795683668e-01       5.727012031524e+01 
       9.214300567254e-01       5.571378099802e+01 
       9.325638658017e-01       5.420703699678e+01 
       9.437850909401e-01       5.274320283568e+01 
       9.550977243892e-01       5.132438582853e+01 
       9.665056566368e-01       4.994581680465e+01 
       9.780126779180e-01       4.860774900433e+01 
       9.896224799022e-01       4.730771140476e+01 
       1.001338657566e+00       4.604400965122e+01 
       1.013164711254e+00       4.481635836530e+01 
       1.025104048942e+00       4.362176022775e+01 
       1.037159988685e+00       4.246104612485e+01 
       1.049335761284e+00       4.133077512474e+01 
       1.061634513130e+00       4.023244653734e+01 
       1.074059309256e+00       3.916237944661e+01 
       1.086613136569e+00       3.812267421636e+01 
       1.099298907255e+00       3.710904581513e+01 
       1.112119462355e+00       3.612293966231e+01 
       1.125077575483e+00       3.516241609639e+01 
       1.138175956671e+00       3.422887952998e+01 
       1.151417256328e+00       3.331842733224e+01 
       1.164804069287e+00       3.243269720567e+01 
       1.178338938910e+00       3.156948673464e+01 
       1.192024361243e+00       3.072918504468e+01 
       1.205862789182e+00       2.991072468385e+01 
       1.219856636631e+00       2.911365391724e+01 
       1.234008282634e+00       2.833753415784e+01 
       1.248320075448e+00       2.758111568774e+01 
       1.262794336546e+00       2.684499553786e+01 
       1.277433364522e+00       2.612726743730e+01 
       1.292239438885e+00       2.542879776959e+01 
       1.307214823727e+00       2.474805812486e+01 
       1.322361771244e+00       2.408437367954e+01 
       1.337682525114e+00       2.343890494809e+01 
       1.353179323700e+00       2.280977470289e+01 
       1.368854403099e+00       2.219783336751e+01 
       1.384710000014e+00       2.160125747776e+01 
       1.400748354446e+00       2.102016513024e+01 
       1.416971712224e+00       2.045459654757e+01 
       1.433382327356e+00       1.990343839829e+01 
       1.449982464214e+00       1.936680085473e+01 
       1.466774399559e+00       1.884439173869e+01 
       1.483760424405e+00       1.833528557725e+01 
       1.500942845738e+00       1.783970756693e+01 
       1.518323988096e+00       1.735728218330e+01 
       1.535906195011e+00       1.688719617298e+01 
       1.553691830337e+00       1.642945422649e+01 
       1.571683279453e+00       1.598395068292e+01 
       1.589882950379e+00       1.555006677420e+01 
       1.608293274779e+00       1.512747717945e+01 
       1.626916708894e+00       1.471633590223e+01 
       1.645755734390e+00       1.431596149271e+01 
       1.664812859137e+00       1.392607927577e+01 
       1.684090617936e+00       1.354645928443e+01 
       1.703591573186e+00       1.317649388385e+01 
       1.723318315505e+00       1.281699921545e+01 
       1.743273464314e+00       1.246704832617e+01 
       1.763459668388e+00       1.212622393266e+01 
       1.783879606372e+00       1.179425413080e+01 
       1.804535987284e+00       1.147106924214e+01 
       1.825431550982e+00       1.115696383018e+01 
       1.846569068632e+00       1.085091119178e+01 
       1.867951343150e+00       1.055305425518e+01 
       1.889581209640e+00       1.026315214048e+01 
       1.911461535820e+00       9.980999314309e+00 
       1.933595222449e+00       9.706574612095e+00 
       1.955985203741e+00       9.439370976936e+00 
       1.978634447784e+00       9.179335488242e+00 
       2.001545956957e+00       8.926255053351e+00 
       2.024722768340e+00       8.679971633001e+00 
       2.048167954134e+00       8.440280686434e+00 
       2.071884622077e+00       8.207050552716e+00 
       2.095875915868e+00       7.980095617006e+00 
       2.120145015584e+00       7.759261835399e+00 
       2.144695138111e+00       7.544395027152e+00 
       2.169529537574e+00       7.335325059246e+00 
       2.194651505767e+00       7.131650447982e+00 
       2.220064372598e+00       6.933749365314e+00 
       2.245771506527e+00       6.741194280293e+00 
       2.271776315016e+00       6.553898321781e+00 
       2.298082244979e+00       6.371696990313e+00 
       2.324692783244e+00       6.194478688894e+00 
       2.351611457012e+00       6.021995874578e+00 
       2.378841834327e+00       5.854212105744e+00 
       2.406387524547e+00       5.691006318892e+00 
       2.434252178824e+00       5.532078098997e+00 
       2.462439490589e+00       5.377729981854e+00 
       2.490953196040e+00       5.227463617150e+00 
       2.519797074639e+00       5.081260347114e+00 
       2.548974949610e+00       4.939154956556e+00 
       2.578490688449e+00       4.800722250582e+00 
       2.608348203436e+00       4.666464679034e+00 
       2.638551452152e+00       4.535504214475e+00 
       2.669104438005e+00       4.408270201936e+00 
       2.700011210759e+00       4.284538197885e+00 
       2.731275867076e+00       4.164213904760e+00 
       2.762902551050e+00       4.047298560820e+00 
       2.794895454764e+00       3.933475247674e+00 
       2.827258818844e+00       3.822791621853e+00 
       2.859996933018e+00       3.715175943428e+00 
       2.893114136687e+00       3.610451400631e+00 
       2.926614819501e+00       3.508661705455e+00 
       2.960503421940e+00       3.409706860535e+00 
       2.994784435901e+00       3.313467088768e+00 
       3.029462405294e+00       3.219881073891e+00 
       3.064541926649e+00       3.128907325016e+00 
       3.100027649716e+00       3.040424305971e+00 
       3.135924278090e+00       2.954413196901e+00 
       3.172236569831e+00       2.870777383441e+00 
       3.208969338093e+00       2.789454566876e+00 
       3.246127451765e+00       2.710405869931e+00 
       3.283715836114e+00       2.633439912066e+00 
       3.321739473441e+00       2.558801538948e+00 
       3.360203403737e+00       2.486181662290e+00 
       3.399112725354e+00       2.415609278741e+00 
       3.438472595682e+00       2.346945377533e+00 
       3.478288231827e+00       2.280181919277e+00 
       3.518564911311e+00       2.215299082506e+00 
       3.559307972762e+00       2.152216334232e+00 
       3.600522816629e+00       2.090915291100e+00 
       3.642214905896e+00       2.031334357514e+00 
       3.684389766804e+00       1.973393573043e+00 
       3.727052989584e+00       1.917079990697e+00 
       3.770210229201e+00       1.862338867302e+00 
       3.813867206100e+00       1.809155853948e+00 
       3.858029706967e+00       1.757447703065e+00 
       3.902703585492e+00       1.707171736978e+00 
       3.947894763150e+00       1.658325639973e+00 
       3.993609229983e+00       1.610851422531e+00 
       4.039853045393e+00       1.564713057090e+00 
       4.086632338949e+00       1.519876797929e+00 
       4.133953311195e+00       1.476299445414e+00 
       4.181822234474e+00       1.433966436836e+00 
       4.230245453762e+00       1.392792560104e+00 
       4.279229387502e+00       1.352797856394e+00 
       4.328780528462e+00       1.313933254461e+00 
       4.378905444592e+00       1.276139009730e+00 
       4.429610779896e+00       1.239464658111e+00 
       4.480903255311e+00       1.203788706386e+00 
       4.532789669599e+00       1.169140465883e+00 
       4.585276900248e+00       1.135466729476e+00 
       4.638371904383e+00       1.102744718707e+00 
       4.692081719691e+00       1.070949394059e+00 
       4.746413465347e+00       1.040045757504e+00 
       4.801374342968e+00       1.010036907192e+00 
       4.856971637557e+00       9.808712845303e-01 
       4.913212718476e+00       9.525246157728e-01 
       4.970105040419e+00       9.250062986432e-01 
       5.027656144401e+00       8.982556755584e-01 
       5.085873658760e+00       8.722443480613e-01 
       5.144765300163e+00       8.470225991663e-01 
       5.204338874634e+00       8.224931194634e-01 
       5.264602278586e+00       7.986553403465e-01 
       5.325563499867e+00       7.755080458349e-01 
       5.387230618822e+00       7.530238470068e-01 
       5.449611809360e+00       7.311856560674e-01 
       5.512715340041e+00       7.099554123926e-01 
       5.576549575169e+00       6.893334643183e-01 
       5.641122975903e+00       6.693069711876e-01 
       5.706444101376e+00       6.498547638646e-01 
       5.772521609835e+00       6.309571366688e-01 
       5.839364259780e+00       6.126052227278e-01 
       5.906980911133e+00       5.947710719009e-01 
       5.975380526408e+00       5.774564669661e-01 
       6.044572171899e+00       5.606309526518e-01 
       6.114565018884e+00       5.442893314999e-01 
       6.185368344840e+00       5.284259718262e-01 
       6.256991534669e+00       5.130059730711e-01 
       6.329444081949e+00       4.980390835284e-01 
       6.402735590187e+00       4.834981866131e-01 
       6.476875774092e+00       4.693810798186e-01 
       6.551874460865e+00       4.556628809007e-01 
       6.627741591501e+00       4.423406233568e-01 
       6.704487222106e+00       4.293993887694e-01 
       6.782121525231e+00       4.168456673919e-01 
       6.860654791217e+00       4.046434103485e-01 
       6.940097429565e+00       3.927947200794e-01 
       7.020459970310e+00       3.812890295872e-01 
       7.101753065420e+00       3.701122785760e-01 
       7.183987490206e+00       3.592603133850e-01 
       7.267174144752e+00       3.487163381589e-01 
       7.351324055360e+00       3.384975173333e-01 
       7.436448376009e+00       3.285386391308e-01 
       7.522558389835e+00       3.189226265848e-01 
       7.609665510628e+00       3.095421697934e-01 
       7.697781284341e+00       3.004428857432e-01 
       7.786917390626e+00       2.916127508117e-01 
       7.877085644376e+00       2.830328081545e-01 
       7.968297997296e+00       2.747069061421e-01 
       8.060566539485e+00       2.666188420438e-01 
       8.153903501038e+00       2.587505884516e-01 
       8.248321253668e+00       2.511277220865e-01 
       8.343832312346e+00       2.437262403619e-01 
       8.440449336959e+00       2.365405863441e-01 
       8.538185133989e+00       2.295760074284e-01 
       8.637052658211e+00       2.228055204033e-01 
       8.737065014407e+00       2.162252876871e-01 
       8.838235459107e+00       2.098383274380e-01 
       8.940577402344e+00       2.036447353490e-01 
       9.044104409431e+00       1.976286991196e-01 
       9.148830202762e+00       1.917860869185e-01 
       9.254768663627e+00       1.861071125127e-01 
       9.361933834053e+00       1.806073489679e-01 
       9.470339918669e+00       1.752617884995e-01 
       9.580001286583e+00       1.700662700704e-01 
       9.690932473290e+00       1.650367600183e-01 
       9.803148182601e+00       1.601470502159e-01 
       9.916663288584e+00       1.554007990230e-01 
       1.003149283755e+01       1.507929597015e-01 
       1.014765205002e+01       1.463199156440e-01 
       1.026515632277e+01       1.419783620688e-01 
       1.038402123088e+01       1.377644998560e-01 
       1.050426252976e+01       1.336740782184e-01 
       1.062589615726e+01       1.297036420907e-01 
       1.074893823578e+01       1.258498020049e-01 
       1.087340507443e+01       1.221103589254e-01 
       1.099931317113e+01       1.184784795283e-01 
       1.112667921489e+01       1.149546758387e-01 
       1.125552008792e+01       1.115341026499e-01 
       1.138585286795e+01       1.082141441617e-01 
       1.151769483045e+01       1.049924414035e-01 
       1.165106345092e+01       1.018652356501e-01 
       1.178597640723e+01       9.882784520663e-02 
       1.192245158194e+01       9.588282030925e-02 
       1.206050706470e+01       9.302392573003e-02 
       1.220016115461e+01       9.025077048733e-02 
       1.234143236266e+01       8.755767237777e-02 
       1.248433941420e+01       8.494498759465e-02 
       1.262890125142e+01       8.240830053111e-02 
       1.277513703581e+01       7.994720982206e-02 
       1.292306615078e+01       7.755878795657e-02 
       1.307270820417e+01       7.524086955871e-02 
       1.322408303087e+01       7.299142846183e-02 
       1.337721069546e+01       7.080830727187e-02 
       1.353211149483e+01       6.868972452054e-02 
       1.368880596093e+01       6.663430263033e-02 
       1.384731486342e+01       6.463958554792e-02 
       1.400765921251e+01       6.270424990473e-02 
       1.416986026165e+01       6.082567438662e-02 
       1.433393951042e+01       5.900189049508e-02 
       1.449991870734e+01       5.723389911690e-02 
       1.466781985278e+01       5.551799220919e-02 
       1.483766520186e+01       5.385387600336e-02 
       1.500947726739e+01       5.223641196981e-02 
       1.518327882287e+01       5.066982206493e-02 
       1.535909290552e+01       4.914893323045e-02 
       1.553694281929e+01       4.767290988745e-02 
       1.571685213801e+01       4.624016995230e-02 
       1.589884470845e+01       4.485169430865e-02 
       1.608294465353e+01       4.350237310217e-02 
       1.626917637551e+01       4.219512375170e-02 
       1.645756455920e+01       4.092549858200e-02 
       1.664813417524e+01       3.969444519874e-02 
       1.684091048344e+01       3.849933150093e-02 
       1.703591903608e+01       3.734110359668e-02 
       1.723318568133e+01       3.621589230892e-02 
       1.743273656668e+01       3.512555648641e-02 
       1.763459814238e+01       3.406720822589e-02 
       1.783879716496e+01       3.303947848686e-02 
       1.804536070078e+01       3.204369173716e-02 
       1.825431612962e+01       3.107789499046e-02 
       1.846569114829e+01       3.014031109401e-02 
       1.867951377432e+01       2.923079576331e-02 
       1.889581234967e+01       2.834830237218e-02 
       1.911461554447e+01       2.749218391861e-02 
       1.933595236086e+01       2.666211952613e-02 
       1.955985213680e+01       2.585666397873e-02 
       1.978634454995e+01       2.507493460735e-02 
       2.001545962163e+01       2.431686001285e-02 
       2.024722772081e+01       2.358132258900e-02 
       2.048167956810e+01       2.286872407982e-02 
       2.071884623982e+01       2.217625146296e-02 
       2.095875917217e+01       2.150517552524e-02 
       2.120145016535e+01       2.085440435469e-02 
       2.144695138778e+01       2.022259090891e-02 
       2.169529538039e+01       1.961022752283e-02 
       2.194651506091e+01       1.901614446955e-02 
       2.220064372822e+01       1.843966594486e-02 
       2.245771506681e+01       1.788071032061e-02 
       2.271776315121e+01       1.733843442810e-02 
       2.298082245050e+01       1.681236171125e-02 
       2.324692783292e+01       1.630241673570e-02 
       2.351611457045e+01       1.580722282978e-02 
       2.378841834349e+01       1.532760134621e-02 
       2.406387524561e+01       1.486206282640e-02 
       2.434252178833e+01       1.441062475103e-02 
       2.462439490595e+01       1.397267246251e-02 
       2.490953196044e+01       1.354815250625e-02 
       2.519797074642e+01       1.313618219712e-02 
       2.548974949612e+01       1.273682121899e-02 
       2.578490688450e+01       1.234937094072e-02 
       2.608348203437e+01       1.197350656258e-02 
       2.638551452152e+01       1.160903986826e-02 
       2.669104438005e+01       1.125575832176e-02 
       2.700011210760e+01       1.091299580218e-02 
       2.731275867076e+01       1.058037475535e-02 
       2.762902551050e+01       1.025794970873e-02 
       2.794895454764e+01       9.945497650729e-03 
       2.827258818844e+01       9.642459874475e-03 
       2.859996933018e+01       9.348105412745e-03 
       2.893114136687e+01       9.062995459906e-03 
       2.926614819501e+01       8.786675196644e-03 
       2.960503421940e+01       8.518297823738e-03 
       2.994784435901e+01       8.258247598709e-03 
       3.029462405294e+01       8.006247706923e-03 
