# Matter power spectrum P(k) at redshift z=1
# for k=1.0834e-05 to 30.2946 h/Mpc,
# number of wavenumbers equal to 1158
#    1:k (h/Mpc)              2:P (Mpc/h)^3        
       1.083402852352e-05       1.452101547432e+01 
       1.095948066126e-05       1.468360190711e+01 
       1.108638546629e-05       1.484800823873e+01 
       1.121475975970e-05       1.501425605597e+01 
       1.134462055738e-05       1.518236616676e+01 
       1.147598507222e-05       1.535235800782e+01 
       1.160887071645e-05       1.552425529398e+01 
       1.174329510392e-05       1.569807717274e+01 
       1.187927605243e-05       1.587384587863e+01 
       1.201683158612e-05       1.605158352237e+01 
       1.215597993782e-05       1.623131157276e+01 
       1.229673955150e-05       1.641305280614e+01 
       1.243912908468e-05       1.659682927504e+01 
       1.258316741095e-05       1.678266446902e+01 
       1.272887362243e-05       1.697058113742e+01 
       1.287626703232e-05       1.716060262882e+01 
       1.302536717746e-05       1.735275265091e+01 
       1.317619382091e-05       1.754705512848e+01 
       1.332876695458e-05       1.774353333856e+01 
       1.348310680187e-05       1.794221345474e+01 
       1.363923382036e-05       1.814311891776e+01 
       1.379716870453e-05       1.834627311949e+01 
       1.395693238846e-05       1.855170606956e+01 
       1.411854604866e-05       1.875943855064e+01 
       1.428203110684e-05       1.896949668026e+01 
       1.444740923278e-05       1.918191240747e+01 
       1.461470234717e-05       1.939670229101e+01 
       1.478393262452e-05       1.961390244152e+01 
       1.495512249613e-05       1.983353616954e+01 
       1.512829465302e-05       2.005562689815e+01 
       1.530347204899e-05       2.028020996383e+01 
       1.548067790360e-05       2.050730705231e+01 
       1.565993570529e-05       2.073694847766e+01 
       1.584126921450e-05       2.096916257661e+01 
       1.602470246679e-05       2.120397868984e+01 
       1.621025977604e-05       2.144142577227e+01 
       1.639796573765e-05       2.168153332935e+01 
       1.658784523187e-05       2.192433130104e+01 
       1.677992342700e-05       2.216984986657e+01 
       1.697422578281e-05       2.241811950208e+01 
       1.717077805386e-05       2.266917110919e+01 
       1.736960629294e-05       2.292303585464e+01 
       1.757073685452e-05       2.317974480742e+01 
       1.777419639824e-05       2.343933175846e+01 
       1.798001189244e-05       2.370182700541e+01 
       1.818821061774e-05       2.396726259130e+01 
       1.839882017066e-05       2.423567335801e+01 
       1.861186846726e-05       2.450709421002e+01 
       1.882738374687e-05       2.478155575914e+01 
       1.904539457580e-05       2.505909404660e+01 
       1.926592985115e-05       2.533974309145e+01 
       1.948901880464e-05       2.562353737102e+01 
       1.971469100646e-05       2.591051268026e+01 
       1.994297636921e-05       2.620070457055e+01 
       2.017390515189e-05       2.649415100449e+01 
       2.040750796384e-05       2.679088461383e+01 
       2.064381576886e-05       2.709094577412e+01 
       2.088285988931e-05       2.739437015245e+01 
       2.112467201021e-05       2.770119716926e+01 
       2.136928418351e-05       2.801146234918e+01 
       2.161672883228e-05       2.832520716838e+01 
       2.186703875504e-05       2.864246954026e+01 
       2.212024713010e-05       2.896328861716e+01 
       2.237638751996e-05       2.928770582855e+01 
       2.263549387575e-05       2.961576020352e+01 
       2.289760054174e-05       2.994749358791e+01 
       2.316274225987e-05       3.028294691607e+01 
       2.343095417441e-05       3.062216108864e+01 
       2.370227183653e-05       3.096518063999e+01 
       2.397673120912e-05       3.131204674074e+01 
       2.425436867146e-05       3.166280309497e+01 
       2.453522102409e-05       3.201749371013e+01 
       2.481932549370e-05       3.237616379297e+01 
       2.510671973801e-05       3.273885614580e+01 
       2.539744185084e-05       3.310561646950e+01 
       2.569153036707e-05       3.347649248163e+01 
       2.598902426782e-05       3.385152825549e+01 
       2.628996298559e-05       3.423077209394e+01 
       2.659438640947e-05       3.461427163119e+01 
       2.690233489047e-05       3.500207147673e+01 
       2.721384924682e-05       3.539422501176e+01 
       2.752897076941e-05       3.579077805429e+01 
       2.784774122726e-05       3.619178156881e+01 
       2.817020287304e-05       3.659728610744e+01 
       2.849639844870e-05       3.700734134078e+01 
       2.882637119111e-05       3.742199901347e+01 
       2.916016483779e-05       3.784131107231e+01 
       2.949782363274e-05       3.826533005164e+01 
       2.983939233227e-05       3.869410908307e+01 
       3.018491621092e-05       3.912770190333e+01 
       3.053444106752e-05       3.956616286637e+01 
       3.088801323122e-05       4.000954695668e+01 
       3.124567956761e-05       4.045790978575e+01 
       3.160748748498e-05       4.091130759912e+01 
       3.197348494058e-05       4.136979728063e+01 
       3.234372044698e-05       4.183343640314e+01 
       3.271824307849e-05       4.230228352134e+01 
       3.309710247768e-05       4.277639618804e+01 
       3.348034886196e-05       4.325583609250e+01 
       3.386803303021e-05       4.374066184960e+01 
       3.426020636956e-05       4.423093515352e+01 
       3.465692086215e-05       4.472671721071e+01 
       3.505822909206e-05       4.522807091879e+01 
       3.546418425226e-05       4.573505924435e+01 
       3.587484015168e-05       4.624774630008e+01 
       3.629025122230e-05       4.676619473081e+01 
       3.671047252640e-05       4.729047286591e+01 
       3.713555976388e-05       4.782064394053e+01 
       3.756556927958e-05       4.835677762181e+01 
       3.800055807080e-05       4.889893866032e+01 
       3.844058379484e-05       4.944719688212e+01 
       3.888570477661e-05       5.000162167541e+01 
       3.933598001644e-05       5.056228295412e+01 
       3.979146919781e-05       5.112925277754e+01 
       4.025223269532e-05       5.170259997411e+01 
       4.071833158267e-05       5.228239808979e+01 
       4.118982764077e-05       5.286872084835e+01 
       4.166678336591e-05       5.346164312908e+01 
       4.214926197805e-05       5.406123927311e+01 
       4.263732742922e-05       5.466758455859e+01 
       4.313104441195e-05       5.528075762148e+01 
       4.363047836790e-05       5.590083293085e+01 
       4.413569549650e-05       5.652789211894e+01 
       4.464676276373e-05       5.716201718638e+01 
       4.516374791100e-05       5.780328224035e+01 
       4.568671946414e-05       5.845177082524e+01 
       4.621574674246e-05       5.910756826472e+01 
       4.675089986795e-05       5.977075649587e+01 
       4.729224977458e-05       6.044141917408e+01 
       4.783986821770e-05       6.111964168422e+01 
       4.839382778352e-05       6.180551165337e+01 
       4.895420189880e-05       6.249911633602e+01 
       4.952106484052e-05       6.320054235057e+01 
       5.009449174574e-05       6.390988134398e+01 
       5.067455862159e-05       6.462722233896e+01 
       5.126134235528e-05       6.535265842068e+01 
       5.185492072439e-05       6.608628164486e+01 
       5.245537240707e-05       6.682818591239e+01 
       5.306277699254e-05       6.757846638320e+01 
       5.367721499163e-05       6.833721911097e+01 
       5.429876784742e-05       6.910454143434e+01 
       5.492751794608e-05       6.988053159642e+01 
       5.556354862775e-05       7.066528965053e+01 
       5.620694419760e-05       7.145891608028e+01 
       5.685778993703e-05       7.226151357608e+01 
       5.751617211492e-05       7.307318458097e+01 
       5.818217799913e-05       7.389403536180e+01 
       5.885589586801e-05       7.472416910927e+01 
       5.953741502214e-05       7.556369565767e+01 
       6.022682579614e-05       7.641272129872e+01 
       6.092421957067e-05       7.727135799713e+01 
       6.162968878451e-05       7.813971466902e+01 
       6.234332694684e-05       7.901790499315e+01 
       6.306522864963e-05       7.990604237508e+01 
       6.379548958017e-05       8.080424233479e+01 
       6.453420653375e-05       8.171262149059e+01 
       6.528147742650e-05       8.263129771630e+01 
       6.603740130838e-05       8.356039060912e+01 
       6.680207837628e-05       8.450002212304e+01 
       6.757560998730e-05       8.545031320628e+01 
       6.835809867223e-05       8.641138873973e+01 
       6.914964814910e-05       8.738337348357e+01 
       6.995036333693e-05       8.836639656472e+01 
       7.076035036966e-05       8.936058303594e+01 
       7.157971661018e-05       9.036606922998e+01 
       7.240857066460e-05       9.138298106637e+01 
       7.324702239664e-05       9.241145449073e+01 
       7.409518294215e-05       9.345162708574e+01 
       7.495316472391e-05       9.450363201067e+01 
       7.582108146646e-05       9.556761109665e+01 
       7.669904821124e-05       9.664370236478e+01 
       7.758718133178e-05       9.773204832661e+01 
       7.848559854917e-05       9.883279471960e+01 
       7.939441894763e-05       9.994608727698e+01 
       8.031376299032e-05       1.010720715524e+02 
       8.124375253531e-05       1.022109011476e+02 
       8.218451085169e-05       1.033627227737e+02 
       8.313616263597e-05       1.045276936759e+02 
       8.409883402856e-05       1.057059653973e+02 
       8.507265263050e-05       1.068977007275e+02 
       8.605774752041e-05       1.081030547083e+02 
       8.705424927153e-05       1.093221903664e+02 
       8.806228996910e-05       1.105552716554e+02 
       8.908200322782e-05       1.118024634012e+02 
       9.011352420958e-05       1.130639319938e+02 
       9.115698964136e-05       1.143398518099e+02 
       9.221253783338e-05       1.156303944970e+02 
       9.328030869741e-05       1.169357296535e+02 
       9.436044376532e-05       1.182560393087e+02 
       9.545308620785e-05       1.195914999359e+02 
       9.655838085356e-05       1.209422930845e+02 
       9.767647420806e-05       1.223086029169e+02 
       9.880751447342e-05       1.236906159638e+02 
       9.995165156780e-05       1.250885208095e+02 
       1.011090371453e-04       1.265025082343e+02 
       1.022798246162e-04       1.279327726263e+02 
       1.034641691671e-04       1.293795095669e+02 
       1.046622277815e-04       1.308429186723e+02 
       1.058741592608e-04       1.323232008187e+02 
       1.071001242453e-04       1.338205605498e+02 
       1.083402852352e-04       1.353352047613e+02 
       1.095948066126e-04       1.368673432588e+02 
       1.108638546629e-04       1.384171882773e+02 
       1.121475975970e-04       1.399849554849e+02 
       1.134462055738e-04       1.415708628973e+02 
       1.147598507222e-04       1.431751317785e+02 
       1.160887071645e-04       1.447979863758e+02 
       1.174329510392e-04       1.464396534465e+02 
       1.187927605243e-04       1.481003635357e+02 
       1.201683158612e-04       1.497803500578e+02 
       1.215597993782e-04       1.514798492783e+02 
       1.229673955150e-04       1.531991006684e+02 
       1.243912908468e-04       1.549383476323e+02 
       1.258316741095e-04       1.566978359817e+02 
       1.272887362243e-04       1.584778154741e+02 
       1.287626703232e-04       1.602785390268e+02 
       1.302536717746e-04       1.621002623897e+02 
       1.317619382091e-04       1.639432469565e+02 
       1.332876695458e-04       1.658077539791e+02 
       1.348310680187e-04       1.676940516303e+02 
       1.363923382036e-04       1.696024102699e+02 
       1.379716870453e-04       1.715331036729e+02 
       1.395693238846e-04       1.734864103136e+02 
       1.411854604866e-04       1.754626115946e+02 
       1.428203110684e-04       1.774619928946e+02 
       1.444740923278e-04       1.794848438889e+02 
       1.461470234717e-04       1.815314576608e+02 
       1.478393262452e-04       1.836021315852e+02 
       1.495512249613e-04       1.856918446213e+02 
       1.512829465302e-04       1.878114231573e+02 
       1.530347204899e-04       1.899559750108e+02 
       1.548067790360e-04       1.921258134221e+02 
       1.565993570529e-04       1.943212564314e+02 
       1.584126921451e-04       1.965426252401e+02 
       1.602470246679e-04       1.987902465494e+02 
       1.621025977604e-04       2.010644508994e+02 
       1.639796573765e-04       2.033655732606e+02 
       1.658784523187e-04       2.056939530705e+02 
       1.677992342700e-04       2.080499338775e+02 
       1.697422578281e-04       2.104338642957e+02 
       1.717077805386e-04       2.128460970445e+02 
       1.736960629294e-04       2.152869896556e+02 
       1.757073685452e-04       2.177569048985e+02 
       1.777419639824e-04       2.202562075405e+02 
       1.798001189244e-04       2.227852712870e+02 
       1.818821061774e-04       2.253444716084e+02 
       1.839882017066e-04       2.279341902990e+02 
       1.861186846726e-04       2.305548110619e+02 
       1.882738374687e-04       2.332067271780e+02 
       1.904539457580e-04       2.358903310214e+02 
       1.926592985115e-04       2.386060261625e+02 
       1.948901880464e-04       2.413542159080e+02 
       1.971469100646e-04       2.441353091276e+02 
       1.994297636921e-04       2.469497246824e+02 
       2.017390515189e-04       2.497978793213e+02 
       2.040750796384e-04       2.526801986910e+02 
       2.064381576886e-04       2.555971142883e+02 
       2.088285988931e-04       2.585490582668e+02 
       2.112467201021e-04       2.615364716769e+02 
       2.136928418351e-04       2.645597994398e+02 
       2.161672883228e-04       2.676194907953e+02 
       2.186703875504e-04       2.707159996718e+02 
       2.212024713010e-04       2.738497854007e+02 
       2.237638751997e-04       2.770213138871e+02 
       2.263549387575e-04       2.802310517456e+02 
       2.289760054174e-04       2.834794753178e+02 
       2.316274225987e-04       2.867670600563e+02 
       2.343095417441e-04       2.900942908840e+02 
       2.370227183653e-04       2.934616560111e+02 
       2.397673120912e-04       2.968696461024e+02 
       2.425436867146e-04       3.003187596121e+02 
       2.453522102409e-04       3.038094960168e+02 
       2.481932549370e-04       3.073423624426e+02 
       2.510671973801e-04       3.109178681627e+02 
       2.539744185084e-04       3.145365268406e+02 
       2.569153036707e-04       3.181988564706e+02 
       2.598902426782e-04       3.219053791782e+02 
       2.628996298559e-04       3.256566197759e+02 
       2.659438640947e-04       3.294531082204e+02 
       2.690233489047e-04       3.332953768531e+02 
       2.721384924682e-04       3.371839617490e+02 
       2.752897076941e-04       3.411194022276e+02 
       2.784774122726e-04       3.451022407699e+02 
       2.817020287304e-04       3.491330226502e+02 
       2.849639844870e-04       3.532122950741e+02 
       2.882637119111e-04       3.573406087539e+02 
       2.916016483779e-04       3.615185161910e+02 
       2.949782363274e-04       3.657465717918e+02 
       2.983939233227e-04       3.700253319797e+02 
       3.018491621092e-04       3.743553542943e+02 
       3.053444106752e-04       3.787371982027e+02 
       3.088801323122e-04       3.831714247458e+02 
       3.124567956761e-04       3.876585933543e+02 
       3.160748748498e-04       3.921992670233e+02 
       3.197348494058e-04       3.967940068061e+02 
       3.234372044698e-04       4.014433750717e+02 
       3.271824307849e-04       4.061479322766e+02 
       3.309710247768e-04       4.109082392546e+02 
       3.348034886196e-04       4.157248560733e+02 
       3.386803303021e-04       4.205983397907e+02 
       3.426020636956e-04       4.255292492438e+02 
       3.465692086215e-04       4.305181361938e+02 
       3.505822909206e-04       4.355655543342e+02 
       3.546418425226e-04       4.406720517226e+02 
       3.587484015168e-04       4.458381758353e+02 
       3.629025122230e-04       4.510644679159e+02 
       3.671047252640e-04       4.563514675340e+02 
       3.713555976388e-04       4.616997084249e+02 
       3.756556927959e-04       4.671097202036e+02 
       3.800055807081e-04       4.725820272252e+02 
       3.844058379484e-04       4.781171482829e+02 
       3.888570477661e-04       4.837155964804e+02 
       3.933598001644e-04       4.893778793550e+02 
       3.979146919781e-04       4.951044957231e+02 
       4.025223269532e-04       5.008959386832e+02 
       4.071833158267e-04       5.067526942056e+02 
       4.118982764077e-04       5.126752393796e+02 
       4.166678336591e-04       5.186640424254e+02 
       4.214926197805e-04       5.247195641337e+02 
       4.263732742922e-04       5.308422566948e+02 
       4.313104441195e-04       5.370325602187e+02 
       4.363047836790e-04       5.432909071350e+02 
       4.413569549650e-04       5.496177203818e+02 
       4.464676276373e-04       5.560134095559e+02 
       4.516374791100e-04       5.624783757192e+02 
       4.568671946414e-04       5.690130078845e+02 
       4.621574674246e-04       5.756176843310e+02 
       4.675089986795e-04       5.822927702629e+02 
       4.729224977458e-04       5.890386194920e+02 
       4.783986821770e-04       5.958555750118e+02 
       4.839382778352e-04       6.027439634937e+02 
       4.895420189880e-04       6.097041023120e+02 
       4.952106484052e-04       6.167362966614e+02 
       5.009449174574e-04       6.238408352741e+02 
       5.067455862159e-04       6.310179972926e+02 
       5.126134235529e-04       6.382680450126e+02 
       5.185492072439e-04       6.455912313186e+02 
       5.245537240707e-04       6.529877927070e+02 
       5.306277699254e-04       6.604579540236e+02 
       5.367721499163e-04       6.680019276643e+02 
       5.429876784742e-04       6.756199094945e+02 
       5.492751794608e-04       6.833120849802e+02 
       5.556354862775e-04       6.910786269813e+02 
       5.620694419760e-04       6.989196959284e+02 
       5.685778993703e-04       7.068354357878e+02 
       5.751617211492e-04       7.148259836579e+02 
       5.818217799913e-04       7.228914613951e+02 
       5.885589586801e-04       7.310319795036e+02 
       5.953741502214e-04       7.392476387294e+02 
       6.022682579614e-04       7.475385281955e+02 
       6.092421957067e-04       7.559047252335e+02 
       6.162968878451e-04       7.643463020940e+02 
       6.234332694684e-04       7.728633153480e+02 
       6.306522864963e-04       7.814558178394e+02 
       6.379548958017e-04       7.901238534840e+02 
       6.453420653375e-04       7.988674561468e+02 
       6.528147742651e-04       8.076866565851e+02 
       6.603740130838e-04       8.165814792257e+02 
       6.680207837628e-04       8.255519396988e+02 
       6.757560998730e-04       8.345980532776e+02 
       6.835809867223e-04       8.437198313418e+02 
       6.914964814910e-04       8.529172809714e+02 
       6.995036333693e-04       8.621904094210e+02 
       7.076035036966e-04       8.715392227831e+02 
       7.157971661018e-04       8.809637266455e+02 
       7.240857066460e-04       8.904639302520e+02 
       7.324702239664e-04       9.000398415017e+02 
       7.409518294215e-04       9.096914760098e+02 
       7.495316472391e-04       9.194188494620e+02 
       7.582108146646e-04       9.292219861098e+02 
       7.669904821124e-04       9.391009205282e+02 
       7.758718133178e-04       9.490556857196e+02 
       7.848559854917e-04       9.590863317933e+02 
       7.939441894763e-04       9.691929154241e+02 
       8.031376299032e-04       9.793755042990e+02 
       8.124375253531e-04       9.896341819023e+02 
       8.218451085170e-04       9.999690386564e+02 
       8.313616263597e-04       1.010380186597e+03 
       8.409883402856e-04       1.020867749234e+03 
       8.507265263051e-04       1.031431866303e+03 
       8.605774752041e-04       1.042072702284e+03 
       8.705424927153e-04       1.052790432190e+03 
       8.806228996910e-04       1.063585252848e+03 
       8.908200322782e-04       1.074457387119e+03 
       9.011352420958e-04       1.085407074585e+03 
       9.115698964136e-04       1.096434577769e+03 
       9.221253783338e-04       1.107540189142e+03 
       9.328030869741e-04       1.118724219126e+03 
       9.436044376532e-04       1.129987003225e+03 
       9.545308620785e-04       1.141328912220e+03 
       9.655838085356e-04       1.152750332774e+03 
       9.767647420806e-04       1.164251690067e+03 
       9.880751447342e-04       1.175833427705e+03 
       9.995165156780e-04       1.187496017349e+03 
       1.011090371453e-03       1.199239979135e+03 
       1.022798246162e-03       1.211065840317e+03 
       1.034641691671e-03       1.222974172489e+03 
       1.046622277815e-03       1.234965571456e+03 
       1.058741592608e-03       1.247040663902e+03 
       1.071001242453e-03       1.259200113855e+03 
       1.083402852352e-03       1.271444610448e+03 
       1.095948066126e-03       1.283774876215e+03 
       1.108638546629e-03       1.296191665755e+03 
       1.121475975970e-03       1.308695769803e+03 
       1.134462055738e-03       1.321287999848e+03 
       1.147598507222e-03       1.333969206968e+03 
       1.160887071645e-03       1.346740268454e+03 
       1.174329510392e-03       1.359602090809e+03 
       1.187927605243e-03       1.372555618955e+03 
       1.201683158612e-03       1.385601821677e+03 
       1.215597993782e-03       1.398741701937e+03 
       1.229673955150e-03       1.411976272519e+03 
       1.243912908468e-03       1.425306602633e+03 
       1.258316741095e-03       1.438733761898e+03 
       1.272887362243e-03       1.452258865416e+03 
       1.287626703232e-03       1.465883047722e+03 
       1.302536717746e-03       1.479607457746e+03 
       1.317619382091e-03       1.493433283739e+03 
       1.332876695458e-03       1.507361735755e+03 
       1.348310680187e-03       1.521394027611e+03 
       1.363923382036e-03       1.535531400401e+03 
       1.379716870453e-03       1.549775125219e+03 
       1.395693238846e-03       1.564126496536e+03 
       1.411854604866e-03       1.578586794621e+03 
       1.428203110684e-03       1.593157336841e+03 
       1.444740923278e-03       1.607839452640e+03 
       1.461470234717e-03       1.622634497995e+03 
       1.478393262452e-03       1.637543799380e+03 
       1.495512249613e-03       1.652568739173e+03 
       1.512829465302e-03       1.667710681700e+03 
       1.530347204899e-03       1.682970920088e+03 
       1.548067790360e-03       1.698349427025e+03 
       1.565993570529e-03       1.713849065834e+03 
       1.584126921451e-03       1.729471220049e+03 
       1.602470246679e-03       1.745217272366e+03 
       1.621025977604e-03       1.761088640490e+03 
       1.639796573765e-03       1.777086705339e+03 
       1.658784523187e-03       1.793212845360e+03 
       1.677992342700e-03       1.809468448334e+03 
       1.697422578281e-03       1.825854901952e+03 
       1.717077805386e-03       1.842373571429e+03 
       1.736960629294e-03       1.859025819923e+03 
       1.757073685452e-03       1.875813009317e+03 
       1.777419639824e-03       1.892736463494e+03 
       1.798001189244e-03       1.909797534719e+03 
       1.818821061774e-03       1.926997535576e+03 
       1.839882017066e-03       1.944337762948e+03 
       1.861186846726e-03       1.961819511566e+03 
       1.882738374687e-03       1.979444051100e+03 
       1.904539457580e-03       1.997212629705e+03 
       1.926592985115e-03       2.015126488574e+03 
       1.948901880464e-03       2.033186833550e+03 
       1.971469100646e-03       2.051394859547e+03 
       1.994297636921e-03       2.069751741847e+03 
       2.017390515189e-03       2.088258616032e+03 
       2.040750796384e-03       2.106916609522e+03 
       2.064381576886e-03       2.125726797384e+03 
       2.088285988931e-03       2.144690296227e+03 
       2.112467201021e-03       2.163808111878e+03 
       2.136928418351e-03       2.183081277350e+03 
       2.161672883228e-03       2.202510709450e+03 
       2.186703875504e-03       2.222097443056e+03 
       2.212024713010e-03       2.241842359569e+03 
       2.237638751997e-03       2.261746331424e+03 
       2.263549387575e-03       2.281810244304e+03 
       2.289760054174e-03       2.302034920927e+03 
       2.316274225987e-03       2.322421145369e+03 
       2.343095417441e-03       2.342969644469e+03 
       2.370227183653e-03       2.363681155317e+03 
       2.397673120912e-03       2.384556320800e+03 
       2.425436867146e-03       2.405595799750e+03 
       2.453522102409e-03       2.426800187281e+03 
       2.481932549370e-03       2.448170038043e+03 
       2.510671973801e-03       2.469705935965e+03 
       2.539744185084e-03       2.491408198612e+03 
       2.569153036707e-03       2.513277380592e+03 
       2.598902426782e-03       2.535313825753e+03 
       2.628996298559e-03       2.557517921072e+03 
       2.659438640947e-03       2.579889931943e+03 
       2.690233489047e-03       2.602430160357e+03 
       2.721384924682e-03       2.625138784250e+03 
       2.752897076941e-03       2.648015948657e+03 
       2.784774122726e-03       2.671061810584e+03 
       2.817020287304e-03       2.694276424083e+03 
       2.849639844870e-03       2.717659801205e+03 
       2.882637119111e-03       2.741211908249e+03 
       2.916016483779e-03       2.764932693089e+03 
       2.949782363274e-03       2.788822073364e+03 
       2.983939233227e-03       2.812879754877e+03 
       3.018491621092e-03       2.837105560275e+03 
       3.053444106752e-03       2.861499151727e+03 
       3.088801323122e-03       2.886060303029e+03 
       3.124567956761e-03       2.910788561468e+03 
       3.160748748498e-03       2.935683466196e+03 
       3.197348494058e-03       2.960744478469e+03 
       3.234372044698e-03       2.985971011288e+03 
       3.271824307849e-03       3.011362491509e+03 
       3.309710247768e-03       3.036918229168e+03 
       3.348034886196e-03       3.062637434491e+03 
       3.386803303021e-03       3.088519373054e+03 
       3.426020636956e-03       3.114563105483e+03 
       3.465692086215e-03       3.140767654994e+03 
       3.505822909206e-03       3.167132082904e+03 
       3.546418425227e-03       3.193655154613e+03 
       3.587484015168e-03       3.220336074273e+03 
       3.629025122230e-03       3.247173449126e+03 
       3.671047252641e-03       3.274165887784e+03 
       3.713555976388e-03       3.301312225756e+03 
       3.756556927959e-03       3.328610930352e+03 
       3.800055807081e-03       3.356060623676e+03 
       3.844058379484e-03       3.383659678682e+03 
       3.888570477661e-03       3.411406852552e+03 
       3.933598001644e-03       3.439299479278e+03 
       3.979146919781e-03       3.467336694699e+03 
       4.025223269532e-03       3.495516144793e+03 
       4.071833158267e-03       3.523836330098e+03 
       4.118982764077e-03       3.552295023163e+03 
       4.166678336591e-03       3.580890238811e+03 
       4.214926197805e-03       3.609619731574e+03 
       4.263732742922e-03       3.638480975283e+03 
       4.313104441195e-03       3.667472333628e+03 
       4.363047836790e-03       3.696590752250e+03 
       4.413569549650e-03       3.725834127644e+03 
       4.464676276373e-03       3.755199269205e+03 
       4.516374791100e-03       3.784684965369e+03 
       4.568671946414e-03       3.814287085486e+03 
       4.621574674246e-03       3.844003127538e+03 
       4.675089986795e-03       3.873830088211e+03 
       4.729224977458e-03       3.903765576519e+03 
       4.783986821770e-03       3.933805947878e+03 
       4.839382778352e-03       3.963947673053e+03 
       4.895420189880e-03       3.994188274787e+03 
       4.952106484052e-03       4.024523991330e+03 
       5.009449174574e-03       4.054951145156e+03 
       5.067455862159e-03       4.085466692549e+03 
       5.126134235529e-03       4.116066052853e+03 
       5.185492072439e-03       4.146746352085e+03 
       5.245537240707e-03       4.177502735388e+03 
       5.306277699254e-03       4.208332085163e+03 
       5.367721499163e-03       4.239230151831e+03 
       5.429876784742e-03       4.270192300013e+03 
       5.492751794608e-03       4.301214044184e+03 
       5.556354862775e-03       4.332291858557e+03 
       5.620694419760e-03       4.363420552649e+03 
       5.685778993703e-03       4.394596087875e+03 
       5.751617211492e-03       4.425813710988e+03 
       5.818217799913e-03       4.457067352714e+03 
       5.885589586801e-03       4.488353070278e+03 
       5.953741502214e-03       4.519665408002e+03 
       6.022682579614e-03       4.550999840330e+03 
       6.092421957067e-03       4.582351051266e+03 
       6.162968878451e-03       4.613712561965e+03 
       6.234332694684e-03       4.645080403276e+03 
       6.306522864963e-03       4.676446819503e+03 
       6.379548958017e-03       4.707807862597e+03 
       6.453420653375e-03       4.739157192281e+03 
       6.528147742651e-03       4.770496803928e+03 
       6.603740130839e-03       4.801802462113e+03 
       6.680207837628e-03       4.833078596789e+03 
       6.757560998730e-03       4.864313382054e+03 
       6.835809867224e-03       4.895507937575e+03 
       6.914964814910e-03       4.926653900178e+03 
       6.995036333693e-03       4.957744759632e+03 
       7.076035036966e-03       4.988758788054e+03 
       7.157971661018e-03       5.019708357308e+03 
       7.240857066460e-03       5.050582908841e+03 
       7.324702239664e-03       5.081371204219e+03 
       7.409518294215e-03       5.112076499769e+03 
       7.495316472391e-03       5.142682240726e+03 
       7.582108146647e-03       5.173180611091e+03 
       7.669904821124e-03       5.203563091046e+03 
       7.758718133178e-03       5.233821647705e+03 
       7.848559854917e-03       5.263948007187e+03 
       7.939441894763e-03       5.293948392094e+03 
       8.031376299032e-03       5.323784499036e+03 
       8.124375253531e-03       5.353466433480e+03 
       8.218451085170e-03       5.382980139582e+03 
       8.313616263598e-03       5.412319342690e+03 
       8.409883402856e-03       5.441479613794e+03 
       8.507265263051e-03       5.470447259939e+03 
       8.605774752041e-03       5.499213936074e+03 
       8.705424927153e-03       5.527771390036e+03 
       8.806228996910e-03       5.556108565334e+03 
       8.908200322782e-03       5.584216706861e+03 
       9.011352420958e-03       5.612085366620e+03 
       9.115698964136e-03       5.639706611392e+03 
       9.221253783338e-03       5.667069030352e+03 
       9.328030869741e-03       5.694164587883e+03 
       9.436044376533e-03       5.720980426427e+03 
       9.545308620785e-03       5.747506909098e+03 
       9.655838085356e-03       5.773735201447e+03 
       9.767647420806e-03       5.799651683037e+03 
       9.880751447342e-03       5.825248636528e+03 
       9.995165156780e-03       5.850513419753e+03 
       1.011090371453e-02       5.875435580313e+03 
       1.022798246162e-02       5.900005657488e+03 
       1.034641691671e-02       5.924209912440e+03 
       1.046622277815e-02       5.948038592333e+03 
       1.058741592608e-02       5.971479182671e+03 
       1.071001242453e-02       5.994521721649e+03 
       1.083402852352e-02       6.017152685504e+03 
       1.095948066126e-02       6.039361218591e+03 
       1.108638546629e-02       6.061136836926e+03 
       1.121475975970e-02       6.082465800859e+03 
       1.134462055738e-02       6.103337241482e+03 
       1.147598507222e-02       6.123738496059e+03 
       1.160887071645e-02       6.143656547847e+03 
       1.174329510392e-02       6.163079188268e+03 
       1.187927605243e-02       6.181995417841e+03 
       1.201683158612e-02       6.200392504624e+03 
       1.215597993782e-02       6.218257633970e+03 
       1.229673955150e-02       6.235575867805e+03 
       1.243912908468e-02       6.252340291296e+03 
       1.258316741095e-02       6.268536445729e+03 
       1.272887362243e-02       6.284146954000e+03 
       1.287626703232e-02       6.299166897284e+03 
       1.302536717746e-02       6.313576107562e+03 
       1.317619382091e-02       6.327370830334e+03 
       1.332876695458e-02       6.340531846761e+03 
       1.348310680187e-02       6.353041305949e+03 
       1.363923382037e-02       6.364897593472e+03 
       1.379716870453e-02       6.376080987472e+03 
       1.395693238846e-02       6.386582423032e+03 
       1.411854604867e-02       6.396389681661e+03 
       1.428203110686e-02       6.405489331816e+03 
       1.444740923281e-02       6.413864971229e+03 
       1.461470234720e-02       6.421511798918e+03 
       1.478393262457e-02       6.428407123358e+03 
       1.495512249621e-02       6.434554753361e+03 
       1.512829465314e-02       6.439927835946e+03 
       1.530347204917e-02       6.444519169828e+03 
       1.548067790388e-02       6.448328725754e+03 
       1.565993570572e-02       6.451322801170e+03 
       1.584126921516e-02       6.453507250945e+03 
       1.602470246777e-02       6.454868964800e+03 
       1.621025977749e-02       6.455388493541e+03 
       1.639796573981e-02       6.455068257844e+03 
       1.658784523505e-02       6.453886240213e+03 
       1.677992343167e-02       6.451841580563e+03 
       1.697422578963e-02       6.448918412250e+03 
       1.717077806378e-02       6.445111678500e+03 
       1.736960630730e-02       6.440412108748e+03 
       1.757073687519e-02       6.434803181080e+03 
       1.777419642786e-02       6.428291705282e+03 
       1.798001193468e-02       6.420861633441e+03 
       1.818821067768e-02       6.412503381800e+03 
       1.839882025533e-02       6.403219513524e+03 
       1.861186858631e-02       6.392988475182e+03 
       1.882738391348e-02       6.381823228664e+03 
       1.904539480793e-02       6.369702772357e+03 
       1.926593017311e-02       6.356633974167e+03 
       1.948901924919e-02       6.342609719225e+03 
       1.971469161759e-02       6.327619684468e+03 
       1.994297720568e-02       6.311667140246e+03 
       2.017390629184e-02       6.294756321157e+03 
       2.040750951075e-02       6.276885324473e+03 
       2.064381785915e-02       6.258046571516e+03 
       2.088286270204e-02       6.238243060458e+03 
       2.112467577942e-02       6.217485756234e+03 
       2.136928921378e-02       6.195743761419e+03 
       2.161673551836e-02       6.173061121552e+03 
       2.186704760638e-02       6.149417698854e+03 
       2.212025880149e-02       6.124841508207e+03 
       2.237640284956e-02       6.099308596655e+03 
       2.263551393213e-02       6.072843766048e+03 
       2.289762668178e-02       6.045437728426e+03 
       2.316277619977e-02       6.017136147934e+03 
       2.343099807634e-02       5.987911264681e+03 
       2.370232841405e-02       5.957791540966e+03 
       2.397680385473e-02       5.926772865633e+03 
       2.425446161053e-02       5.894894402266e+03 
       2.453533949964e-02       5.862157070611e+03 
       2.481947598746e-02       5.828574383256e+03 
       2.510691023388e-02       5.794143366256e+03 
       2.539768214746e-02       5.758928176292e+03 
       2.569183244749e-02       5.722930759948e+03 
       2.598940273480e-02       5.686111255358e+03 
       2.629043557233e-02       5.648593648239e+03 
       2.659497457663e-02       5.610316156500e+03 
       2.690306452140e-02       5.571321738956e+03 
       2.721475145430e-02       5.531715237661e+03 
       2.753008282835e-02       5.491334504199e+03 
       2.784910764918e-02       5.450438650660e+03 
       2.817187663966e-02       5.408881992299e+03 
       2.849844242317e-02       5.366750741574e+03 
       2.882885972712e-02       5.324009786889e+03 
       2.916318560823e-02       5.280842328875e+03 
       2.950147970090e-02       5.237137633047e+03 
       2.984380449050e-02       5.192977159178e+03 
       3.019022561294e-02       5.148426117998e+03 
       3.054081218208e-02       5.103419862219e+03 
       3.089563714677e-02       5.058106241165e+03 
       3.125477767881e-02       5.012432528802e+03 
       3.161831559372e-02       4.966512614814e+03 
       3.198633780578e-02       4.920289369608e+03 
       3.235893681910e-02       4.873840080317e+03 
       3.273621125636e-02       4.827212311207e+03 
       3.311826642718e-02       4.780394828207e+03 
       3.350521493782e-02       4.733495986373e+03 
       3.389717734443e-02       4.686523084915e+03 
       3.429428285189e-02       4.639462514186e+03 
       3.469667006081e-02       4.592388755474e+03 
       3.510448776513e-02       4.545327250331e+03 
       3.551789580350e-02       4.498326461270e+03 
       3.593706596755e-02       4.451381433312e+03 
       3.636218297090e-02       4.404557698096e+03 
       3.679344548301e-02       4.357944700779e+03 
       3.723106723268e-02       4.311407343297e+03 
       3.767527818637e-02       4.265123284265e+03 
       3.812632580766e-02       4.219076916667e+03 
       3.858447640425e-02       4.173259493173e+03 
       3.905001657039e-02       4.127814254108e+03 
       3.952325473320e-02       4.082629360147e+03 
       4.000452281226e-02       4.037803160772e+03 
       4.049417800334e-02       3.993313999981e+03 
       4.099260469784e-02       3.949269031398e+03 
       4.150021655100e-02       3.905642993760e+03 
       4.201745871347e-02       3.862421443267e+03 
       4.254481024170e-02       3.819676689844e+03 
       4.308278670472e-02       3.777380435853e+03 
       4.363194300607e-02       3.735600662641e+03 
       4.419287644122e-02       3.694322776406e+03 
       4.476623001269e-02       3.653557820626e+03 
       4.535269602648e-02       3.613323675934e+03 
       4.595301999500e-02       3.573620412873e+03 
       4.656800487313e-02       3.534445124735e+03 
       4.719851565532e-02       3.495811387880e+03 
       4.784548436239e-02       3.457708914933e+03 
       4.850991544712e-02       3.420115769524e+03 
       4.919289164759e-02       3.383015410653e+03 
       4.989558031590e-02       3.346399617571e+03 
       5.061924024752e-02       3.310218051136e+03 
       5.136522903256e-02       3.274485964634e+03 
       5.213501094392e-02       3.239069263482e+03 
       5.293016536875e-02       3.203923487831e+03 
       5.375239577680e-02       3.168972894018e+03 
       5.460353920315e-02       3.134110637063e+03 
       5.548557620050e-02       3.099212002151e+03 
       5.640064118787e-02       3.064122039327e+03 
       5.735103308658e-02       3.028676544371e+03 
       5.833922608900e-02       2.992657328687e+03 
       5.936788035037e-02       2.955835020154e+03 
       6.043985232740e-02       2.917923985053e+03 
       6.155820440885e-02       2.878607700612e+03 
       6.272621339357e-02       2.837541311724e+03 
       6.394737727202e-02       2.794333454671e+03 
       6.522541966157e-02       2.748576006522e+03 
       6.656429114051e-02       2.699804795078e+03 
       6.796816663086e-02       2.647602300647e+03 
       6.944143790892e-02       2.591511031940e+03 
       7.098870029541e-02       2.531163952392e+03 
       7.261473261560e-02       2.466235666562e+03 
       7.432446965233e-02       2.396544335015e+03 
       7.612296656616e-02       2.322069004398e+03 
       7.801535515133e-02       2.243016892536e+03 
       8.000679234334e-02       2.159863838367e+03 
       8.210240208608e-02       2.073395877631e+03 
       8.430721246650e-02       1.984690079627e+03 
       8.662609086286e-02       1.895236274014e+03 
       8.906368062391e-02       1.806600956784e+03 
       9.162434337287e-02       1.720633146496e+03 
       9.431211127614e-02       1.639089830345e+03 
       9.713065342336e-02       1.563579119409e+03 
       1.000832597767e-01       1.495303711557e+03 
       1.031728449894e-01       1.434880883724e+03 
       1.064019728830e-01       1.382172173803e+03 
       1.097729007061e-01       1.336217962703e+03 
       1.132876407018e-01       1.295201644916e+03 
       1.169480352159e-01       1.256702019376e+03 
       1.207558407495e-01       1.217830347693e+03 
       1.247128160574e-01       1.175859673760e+03 
       1.288208096151e-01       1.128756906254e+03 
       1.330818423901e-01       1.075730141953e+03 
       1.374981827251e-01       1.017554466981e+03 
       1.420724110901e-01       9.565000793403e+02 
       1.468074733589e-01       8.958655212813e+02 
       1.517067220022e-01       8.391221435695e+02 
       1.567739451135e-01       7.891027377553e+02 
       1.620133834832e-01       7.472592066189e+02 
       1.674297360138e-01       7.132965382859e+02 
       1.730281536810e-01       6.852162118456e+02 
       1.788142220054e-01       6.598634411949e+02 
       1.847939316762e-01       6.340575676933e+02 
       1.909736365836e-01       6.053058808120e+02 
       1.973599981213e-01       5.728664961938e+02 
       2.039599142427e-01       5.382334950750e+02 
       2.107804314417e-01       5.043324343568e+02 
       2.178286376229e-01       4.739313719694e+02 
       2.251115337802e-01       4.482785181151e+02 
       2.326358825864e-01       4.269952579958e+02 
       2.404080324829e-01       4.083947502799e+02 
       2.484337167256e-01       3.901457991352e+02 
       2.567178281816e-01       3.706248103612e+02 
       2.652641725246e-01       3.499629344966e+02 
       2.740752048769e-01       3.295848105307e+02 
       2.831517578325e-01       3.111100672625e+02 
       2.924927720067e-01       2.953061898690e+02 
       3.020950435051e-01       2.814594567443e+02 
       3.119530055543e-01       2.682564421522e+02 
       3.220585634229e-01       2.549603068986e+02 
       3.324010020734e-01       2.416695030694e+02 
       3.429669841674e-01       2.291903049333e+02 
       3.537406517473e-01       2.180277352352e+02 
       3.647038381744e-01       2.080379704715e+02 
       3.758363882152e-01       1.986977438102e+02 
       3.871165745411e-01       1.896418027937e+02 
       3.985215896944e-01       1.810010938176e+02 
       4.100280852192e-01       1.729807101211e+02 
       4.216127253776e-01       1.656758439225e+02 
       4.332527223405e-01       1.589420322121e+02 
       4.449263229414e-01       1.526444578619e+02 
       4.566132233222e-01       1.466996670303e+02 
       4.682948959148e-01       1.411227371823e+02 
       4.799548218592e-01       1.359516230629e+02 
       4.915786299427e-01       1.311703260054e+02 
       5.031541495827e-01       1.267263117578e+02 
       5.146713898174e-01       1.225446825370e+02 
       5.261224586728e-01       1.186170718055e+02 
       5.375014378858e-01       1.149358600912e+02 
       5.488042272069e-01       1.115015419761e+02 
       5.600283708474e-01       1.082794754614e+02 
       5.711728764983e-01       1.052490246411e+02 
       5.822380350850e-01       1.023906226277e+02 
       5.932252472613e-01       9.968912491087e+01 
       6.041368607418e-01       9.713978278524e+01 
       6.149760209853e-01       9.472683078145e+01 
       6.257465364942e-01       9.244504113186e+01 
       6.364527590503e-01       9.027664754661e+01 
       6.470994785452e-01       8.821472071785e+01 
       6.576918316088e-01       8.625099467440e+01 
       6.682352229739e-01       8.437717730920e+01 
       6.787352583704e-01       8.259038933938e+01 
       6.891976876981e-01       8.088000720235e+01 
       6.996283572462e-01       7.924356591417e+01 
       7.100331697911e-01       7.767340800986e+01 
       7.204180514907e-01       7.616489383724e+01 
       7.307889245953e-01       7.471564604015e+01 
       7.411516850994e-01       7.331911362353e+01 
       7.515121845633e-01       7.197452324934e+01 
       7.618762154313e-01       7.067622726458e+01 
       7.722494992653e-01       6.942191440130e+01 
       7.826376773949e-01       6.820952825447e+01 
       7.930463035585e-01       6.703468709631e+01 
       8.034808381788e-01       6.589735351635e+01 
       8.139466439700e-01       6.479333261619e+01 
       8.244489826268e-01       6.372184009605e+01 
       8.349930123881e-01       6.268089160503e+01 
       8.455837863062e-01       6.166789684385e+01 
       8.562262510841e-01       6.068284034374e+01 
       8.669252463717e-01       5.972252785773e+01 
       8.776855044339e-01       5.878717682361e+01 
       8.885116501254e-01       5.787457914346e+01 
       8.994082011211e-01       5.698384415156e+01 
       9.103795683668e-01       5.611431291522e+01 
       9.214300567254e-01       5.526407506569e+01 
       9.325638658017e-01       5.443344766774e+01 
       9.437850909401e-01       5.362026340364e+01 
       9.550977243892e-01       5.282492782784e+01 
       9.665056566368e-01       5.204576047234e+01 
       9.780126779180e-01       5.128267143825e+01 
       9.896224799022e-01       5.053476885160e+01 
       1.001338657566e+00       4.980139126853e+01 
       1.013164711254e+00       4.908228617984e+01 
       1.025104048942e+00       4.837645692136e+01 
       1.037159988685e+00       4.768400498734e+01 
       1.049335761284e+00       4.700379600126e+01 
       1.061634513130e+00       4.633613902512e+01 
       1.074059309256e+00       4.567988751090e+01 
       1.086613136569e+00       4.503541011538e+01 
       1.099298907255e+00       4.440163125899e+01 
       1.112119462355e+00       4.377891931551e+01 
       1.125077575483e+00       4.316629936132e+01 
       1.138175956671e+00       4.256410397171e+01 
       1.151417256328e+00       4.197148094082e+01 
       1.164804069287e+00       4.138866465013e+01 
       1.178338938910e+00       4.081496933727e+01 
       1.192024361243e+00       4.025050120682e+01 
       1.205862789182e+00       3.969479519877e+01 
       1.219856636631e+00       3.914773148669e+01 
       1.234008282634e+00       3.860913747302e+01 
       1.248320075448e+00       3.807863010768e+01 
       1.262794336546e+00       3.755631683443e+01 
       1.277433364522e+00       3.704165094966e+01 
       1.292239438885e+00       3.653481247898e+01 
       1.307214823727e+00       3.603536191613e+01 
       1.322361771244e+00       3.554326669060e+01 
       1.337682525114e+00       3.505841699251e+01 
       1.353179323700e+00       3.458046911506e+01 
       1.368854403099e+00       3.410953023550e+01 
       1.384710000014e+00       3.364526934965e+01 
       1.400748354446e+00       3.318759647675e+01 
       1.416971712224e+00       3.273648620585e+01 
       1.433382327356e+00       3.229162969663e+01 
       1.449982464214e+00       3.185302107211e+01 
       1.466774399559e+00       3.142055491944e+01 
       1.483760424405e+00       3.099398729589e+01 
       1.500942845738e+00       3.057331012077e+01 
       1.518323988096e+00       3.015842320276e+01 
       1.535906195011e+00       2.974911721290e+01 
       1.553691830337e+00       2.934534989746e+01 
       1.571683279453e+00       2.894706632870e+01 
       1.589882950379e+00       2.855409387624e+01 
       1.608293274779e+00       2.816632970035e+01 
       1.626916708894e+00       2.778374863780e+01 
       1.645755734390e+00       2.740623878905e+01 
       1.664812859137e+00       2.703366350172e+01 
       1.684090617936e+00       2.666595232270e+01 
       1.703591573186e+00       2.630305436625e+01 
       1.723318315505e+00       2.594487287268e+01 
       1.743273464314e+00       2.559130018081e+01 
       1.763459668388e+00       2.524225565655e+01 
       1.783879606372e+00       2.489768694166e+01 
       1.804535987284e+00       2.455752554184e+01 
       1.825431550982e+00       2.422165940257e+01 
       1.846569068632e+00       2.389000314005e+01 
       1.867951343150e+00       2.356259092275e+01 
       1.889581209640e+00       2.323929248564e+01 
       1.911461535820e+00       2.292004136121e+01 
       1.933595222449e+00       2.260486618634e+01 
       1.955985203741e+00       2.229352431969e+01 
       1.978634447784e+00       2.198604203658e+01 
       2.001545956957e+00       2.168235453362e+01 
       2.024722768340e+00       2.138240794215e+01 
       2.048167954134e+00       2.108614043479e+01 
       2.071884622077e+00       2.079350403309e+01 
       2.095875915868e+00       2.050444152011e+01 
       2.120145015584e+00       2.021890191782e+01 
       2.144695138111e+00       1.993683472762e+01 
       2.169529537574e+00       1.965818728845e+01 
       2.194651505767e+00       1.938291234684e+01 
       2.220064372598e+00       1.911096221956e+01 
       2.245771506527e+00       1.884228744317e+01 
       2.271776315016e+00       1.857684582246e+01 
       2.298082244979e+00       1.831459313535e+01 
       2.324692783244e+00       1.805548295366e+01 
       2.351611457012e+00       1.779947483152e+01 
       2.378841834327e+00       1.754652745671e+01 
       2.406387524547e+00       1.729660015100e+01 
       2.434252178824e+00       1.704965313594e+01 
       2.462439490589e+00       1.680564788736e+01 
       2.490953196040e+00       1.656454710554e+01 
       2.519797074639e+00       1.632631540895e+01 
       2.548974949610e+00       1.609091803392e+01 
       2.578490688449e+00       1.585831962247e+01 
       2.608348203436e+00       1.562848293688e+01 
       2.638551452152e+00       1.540137392881e+01 
       2.669104438005e+00       1.517696106722e+01 
       2.700011210759e+00       1.495521484484e+01 
       2.731275867076e+00       1.473610346235e+01 
       2.762902551050e+00       1.451959393143e+01 
       2.794895454764e+00       1.430565534150e+01 
       2.827258818844e+00       1.409426134351e+01 
       2.859996933018e+00       1.388538438847e+01 
       2.893114136687e+00       1.367897185113e+01 
       2.926614819501e+00       1.347503832472e+01 
       2.960503421940e+00       1.327353952304e+01 
       2.994784435901e+00       1.307444430203e+01 
       3.029462405294e+00       1.287772804342e+01 
       3.064541926649e+00       1.268336824169e+01 
       3.100027649716e+00       1.249133490166e+01 
       3.135924278090e+00       1.230160822991e+01 
       3.172236569831e+00       1.211416133032e+01 
       3.208969338093e+00       1.192897086640e+01 
       3.246127451765e+00       1.174601574586e+01 
       3.283715836114e+00       1.156528146574e+01 
       3.321739473441e+00       1.138672546649e+01 
       3.360203403737e+00       1.121033531148e+01 
       3.399112725354e+00       1.103609127894e+01 
       3.438472595682e+00       1.086397037003e+01 
       3.478288231827e+00       1.069395338043e+01 
       3.518564911311e+00       1.052601894526e+01 
       3.559307972762e+00       1.036014636757e+01 
       3.600522816629e+00       1.019631698837e+01 
       3.642214905896e+00       1.003451002513e+01 
       3.684389766804e+00       9.874706733579e+00 
       3.727052989584e+00       9.716888592839e+00 
       3.770210229201e+00       9.561035688247e+00 
       3.813867206100e+00       9.407130211861e+00 
       3.858029706967e+00       9.255154226045e+00 
       3.902703585492e+00       9.105089438109e+00 
       3.947894763150e+00       8.956916283814e+00 
       3.993609229983e+00       8.810620566814e+00 
       4.039853045393e+00       8.666183506849e+00 
       4.086632338949e+00       8.523588139516e+00 
       4.133953311195e+00       8.382817259837e+00 
       4.181822234474e+00       8.243855239689e+00 
       4.230245453762e+00       8.106683662041e+00 
       4.279229387502e+00       7.971287288240e+00 
       4.328780528462e+00       7.837649992205e+00 
       4.378905444592e+00       7.705755818394e+00 
       4.429610779896e+00       7.575588941802e+00 
       4.480903255311e+00       7.447133289873e+00 
       4.532789669599e+00       7.320374392088e+00 
       4.585276900248e+00       7.195296456221e+00 
       4.638371904383e+00       7.071884236616e+00 
       4.692081719691e+00       6.950122770117e+00 
       4.746413465347e+00       6.829997182237e+00 
       4.801374342968e+00       6.711492526958e+00 
       4.856971637557e+00       6.594594391354e+00 
       4.913212718476e+00       6.479288055376e+00 
       4.970105040419e+00       6.365559566803e+00 
       5.027656144401e+00       6.253394360482e+00 
       5.085873658760e+00       6.142778002501e+00 
       5.144765300163e+00       6.033696629210e+00 
       5.204338874634e+00       5.926136279348e+00 
       5.264602278586e+00       5.820082825534e+00 
       5.325563499867e+00       5.715523112805e+00 
       5.387230618822e+00       5.612443077367e+00 
       5.449611809360e+00       5.510829390281e+00 
       5.512715340041e+00       5.410667861149e+00 
       5.576549575169e+00       5.311945748688e+00 
       5.641122975903e+00       5.214649474786e+00 
       5.706444101376e+00       5.118765695305e+00 
       5.772521609835e+00       5.024281224743e+00 
       5.839364259780e+00       4.931182996850e+00 
       5.906980911133e+00       4.839457719124e+00 
       5.975380526408e+00       4.749092584029e+00 
       6.044572171899e+00       4.660074627805e+00 
       6.114565018884e+00       4.572390829543e+00 
       6.185368344840e+00       4.486028500464e+00 
       6.256991534669e+00       4.400974605502e+00 
       6.329444081949e+00       4.317216647437e+00 
       6.402735590187e+00       4.234741706193e+00 
       6.476875774092e+00       4.153537241199e+00 
       6.551874460865e+00       4.073590595839e+00 
       6.627741591501e+00       3.994889161025e+00 
       6.704487222106e+00       3.917420447568e+00 
       6.782121525231e+00       3.841171864580e+00 
       6.860654791217e+00       3.766130959810e+00 
       6.940097429565e+00       3.692285276585e+00 
       7.020459970310e+00       3.619622388652e+00 
       7.101753065420e+00       3.548129895956e+00 
       7.183987490206e+00       3.477795419628e+00 
       7.267174144752e+00       3.408606611036e+00 
       7.351324055360e+00       3.340551145713e+00 
       7.436448376009e+00       3.273616715096e+00 
       7.522558389835e+00       3.207791035389e+00 
       7.609665510628e+00       3.143061843641e+00 
       7.697781284341e+00       3.079416896325e+00 
       7.786917390626e+00       3.016843970411e+00 
       7.877085644376e+00       2.955330861574e+00 
       7.968297997296e+00       2.894865386547e+00 
       8.060566539485e+00       2.835435381323e+00 
       8.153903501038e+00       2.777028702597e+00 
       8.248321253668e+00       2.719633227708e+00 
       8.343832312346e+00       2.663236855975e+00 
       8.440449336959e+00       2.607827509267e+00 
       8.538185133989e+00       2.553393132757e+00 
       8.637052658211e+00       2.499921696868e+00 
       8.737065014407e+00       2.447401197271e+00 
       8.838235459107e+00       2.395819657652e+00 
       8.940577402344e+00       2.345165130699e+00 
       9.044104409431e+00       2.295425699853e+00 
       9.148830202762e+00       2.246589481080e+00 
       9.254768663627e+00       2.198644625005e+00 
       9.361933834053e+00       2.151579318658e+00 
       9.470339918669e+00       2.105381787749e+00 
       9.580001286583e+00       2.060040298825e+00 
       9.690932473290e+00       2.015543161423e+00 
       9.803148182601e+00       1.971878730438e+00 
       9.916663288584e+00       1.929035408449e+00 
       1.003149283755e+01       1.887001648058e+00 
       1.014765205002e+01       1.845765954324e+00 
       1.026515632277e+01       1.805316887160e+00 
       1.038402123088e+01       1.765643063750e+00 
       1.050426252976e+01       1.726733160957e+00 
       1.062589615726e+01       1.688575917750e+00 
       1.074893823578e+01       1.651160137576e+00 
       1.087340507443e+01       1.614474690728e+00 
       1.099931317113e+01       1.578508516648e+00 
       1.112667921489e+01       1.543250626282e+00 
       1.125552008792e+01       1.508690104224e+00 
       1.138585286795e+01       1.474816110995e+00 
       1.151769483045e+01       1.441617885137e+00 
       1.165106345092e+01       1.409084745308e+00 
       1.178597640723e+01       1.377206092285e+00 
       1.192245158194e+01       1.345971410920e+00 
       1.206050706470e+01       1.315370272015e+00 
       1.220016115461e+01       1.285392334134e+00 
       1.234143236266e+01       1.256027345330e+00 
       1.248433941420e+01       1.227265144813e+00 
       1.262890125142e+01       1.199095664517e+00 
       1.277513703581e+01       1.171508930622e+00 
       1.292306615078e+01       1.144495064971e+00 
       1.307270820417e+01       1.118044286417e+00 
       1.322408303087e+01       1.092146912100e+00 
       1.337721069546e+01       1.066793358637e+00 
       1.353211149483e+01       1.041974143234e+00 
       1.368880596093e+01       1.017679884726e+00 
       1.384731486342e+01       9.939013045345e-01 
       1.400765921251e+01       9.706292275546e-01 
       1.416986026165e+01       9.478545829630e-01 
       1.433393951042e+01       9.255684049537e-01 
       1.449991870734e+01       9.037618334001e-01 
       1.466781985278e+01       8.824261144454e-01 
       1.483766520186e+01       8.615526010227e-01 
       1.500947726739e+01       8.411327533057e-01 
       1.518327882287e+01       8.211581390905e-01 
       1.535909290552e+01       8.016204341129e-01 
       1.553694281929e+01       7.825114222982e-01 
       1.571685213801e+01       7.638229959494e-01 
       1.589884470845e+01       7.455471558715e-01 
       1.608294465353e+01       7.276760114367e-01 
       1.626917637551e+01       7.102017805897e-01 
       1.645756455920e+01       6.931167897957e-01 
       1.664813417524e+01       6.764134739321e-01 
       1.684091048344e+01       6.600843761285e-01 
       1.703591903608e+01       6.441221475483e-01 
       1.723318568133e+01       6.285195471271e-01 
       1.743273656668e+01       6.132694412552e-01 
       1.763459814238e+01       5.983648034160e-01 
       1.783879716496e+01       5.837987137773e-01 
       1.804536070078e+01       5.695643587383e-01 
       1.825431612962e+01       5.556550304336e-01 
       1.846569114829e+01       5.420641261971e-01 
       1.867951377432e+01       5.287851479852e-01 
       1.889581234967e+01       5.158117017631e-01 
       1.911461554447e+01       5.031374968545e-01 
       1.933595236086e+01       4.907563452568e-01 
       1.955985213680e+01       4.786621609229e-01 
       1.978634454995e+01       4.668489590122e-01 
       2.001545962163e+01       4.553108551109e-01 
       2.024722772081e+01       4.440420644247e-01 
       2.048167956810e+01       4.330369009432e-01 
       2.071884623982e+01       4.222897765808e-01 
       2.095875917217e+01       4.117952002916e-01 
       2.120145016535e+01       4.015477771628e-01 
       2.144695138778e+01       3.915422074870e-01 
       2.169529538039e+01       3.817732858138e-01 
       2.194651506091e+01       3.722358999835e-01 
       2.220064372822e+01       3.629250301439e-01 
       2.245771506681e+01       3.538357477498e-01 
       2.271776315121e+01       3.449632145497e-01 
       2.298082245050e+01       3.363026815574e-01 
       2.324692783292e+01       3.278494880122e-01 
       2.351611457045e+01       3.195990603274e-01 
       2.378841834349e+01       3.115469110295e-01 
       2.406387524561e+01       3.036886376878e-01 
       2.434252178833e+01       2.960199218364e-01 
       2.462439490595e+01       2.885365278890e-01 
       2.490953196044e+01       2.812343020484e-01 
       2.519797074642e+01       2.741091712111e-01 
       2.548974949612e+01       2.671571418668e-01 
       2.578490688450e+01       2.603742989965e-01 
       2.608348203437e+01       2.537568049670e-01 
       2.638551452152e+01       2.473008984247e-01 
       2.669104438005e+01       2.410028931889e-01 
       2.700011210760e+01       2.348591771446e-01 
       2.731275867076e+01       2.288662111371e-01 
       2.762902551050e+01       2.230205278679e-01 
       2.794895454764e+01       2.173187307926e-01 
       2.827258818844e+01       2.117574930223e-01 
       2.859996933018e+01       2.063335562281e-01 
       2.893114136687e+01       2.010437295509e-01 
       2.926614819501e+01       1.958848885142e-01 
       2.960503421940e+01       1.908539739440e-01 
       2.994784435901e+01       1.859479908934e-01 
       3.029462405294e+01       1.811640075742e-01 
