# Matter power spectrum P(k) at redshift z=1
# for k=1.06363e-05 to 30.0862 h/Mpc,
# number of wavenumbers equal to 1159
#    1:k (h/Mpc)              2:P (Mpc/h)^3        
       1.063633807040e-05       1.587675248874e+01 
       1.075950106057e-05       1.605449299574e+01 
       1.088409021096e-05       1.623423019251e+01 
       1.101012203572e-05       1.641597056621e+01 
       1.113761324023e-05       1.659975098132e+01 
       1.126658072331e-05       1.678558669828e+01 
       1.139704157946e-05       1.697350335042e+01 
       1.152901310113e-05       1.716352128890e+01 
       1.166251278100e-05       1.735567050128e+01 
       1.179755831430e-05       1.754996985376e+01 
       1.193416760118e-05       1.774644498865e+01 
       1.207235874905e-05       1.794512109159e+01 
       1.221215007499e-05       1.814601839630e+01 
       1.235356010820e-05       1.834916524836e+01 
       1.249660759242e-05       1.855458762276e+01 
       1.264131148844e-05       1.876230464710e+01 
       1.278769097660e-05       1.897235559867e+01 
       1.293576545936e-05       1.918475308143e+01 
       1.308555456381e-05       1.939952197675e+01 
       1.323707814435e-05       1.961670335059e+01 
       1.339035628525e-05       1.983631836530e+01 
       1.354540930338e-05       2.005838789758e+01 
       1.370225775084e-05       2.028294448627e+01 
       1.386092241773e-05       2.051001433988e+01 
       1.402142433486e-05       2.073961850395e+01 
       1.418378477661e-05       2.097180631209e+01 
       1.434802526366e-05       2.120658861804e+01 
       1.451416756592e-05       2.144399823268e+01 
       1.468223370537e-05       2.168406346649e+01 
       1.485224595900e-05       2.192681325137e+01 
       1.502422686173e-05       2.217229123090e+01 
       1.519819920947e-05       2.242050847561e+01 
       1.537418606205e-05       2.267151227385e+01 
       1.555221074634e-05       2.292531878240e+01 
       1.573229685931e-05       2.318197162188e+01 
       1.591446827120e-05       2.344149044972e+01 
       1.609874912862e-05       2.370392405096e+01 
       1.628516385779e-05       2.396928974441e+01 
       1.647373716780e-05       2.423762803111e+01 
       1.666449405382e-05       2.450896914420e+01 
       1.685745980048e-05       2.478334693393e+01 
       1.705265998518e-05       2.506079334446e+01 
       1.725012048149e-05       2.534135362146e+01 
       1.744986746258e-05       2.562505146372e+01 
       1.765192740471e-05       2.591192489591e+01 
       1.785632709069e-05       2.620200371673e+01 
       1.806309361349e-05       2.649533561558e+01 
       1.827225437978e-05       2.679195639265e+01 
       1.848383711359e-05       2.709188856253e+01 
       1.869786986000e-05       2.739518729594e+01 
       1.891438098880e-05       2.770187175525e+01 
       1.913339919831e-05       2.801200058245e+01 
       1.935495351916e-05       2.832558967376e+01 
       1.957907331814e-05       2.864269815007e+01 
       1.980578830208e-05       2.896334783632e+01 
       2.003512852181e-05       2.928759427450e+01 
       2.026712437612e-05       2.961546722550e+01 
       2.050180661581e-05       2.994701312509e+01 
       2.073920634776e-05       3.028226954704e+01 
       2.097935503905e-05       3.062127721235e+01 
       2.122228452113e-05       3.096407910148e+01 
       2.146802699403e-05       3.131072287237e+01 
       2.171661503066e-05       3.166124449262e+01 
       2.196808158109e-05       3.201568960474e+01 
       2.222245997693e-05       3.237410287478e+01 
       2.247978393578e-05       3.273652861028e+01 
       2.274008756564e-05       3.310300866661e+01 
       2.300340536947e-05       3.347359246486e+01 
       2.326977224977e-05       3.384832729402e+01 
       2.353922351317e-05       3.422725552734e+01 
       2.381179487515e-05       3.461042343764e+01 
       2.408752246476e-05       3.499788738189e+01 
       2.436644282937e-05       3.538967961206e+01 
       2.464859293959e-05       3.578586447585e+01 
       2.493401019411e-05       3.618648184578e+01 
       2.522273242466e-05       3.659158469360e+01 
       2.551479790109e-05       3.700122141313e+01 
       2.581024533633e-05       3.741544087743e+01 
       2.610911389164e-05       3.783430238104e+01 
       2.641144318172e-05       3.825785332835e+01 
       2.671727327998e-05       3.868614224138e+01 
       2.702664472387e-05       3.911922454289e+01 
       2.733959852025e-05       3.955715342466e+01 
       2.765617615080e-05       3.999999102050e+01 
       2.797641957754e-05       4.044777842643e+01 
       2.830037124839e-05       4.090058251149e+01 
       2.862807410280e-05       4.135845389990e+01 
       2.895957157743e-05       4.182145087788e+01 
       2.929490761189e-05       4.228963031415e+01 
       2.963412665463e-05       4.276305063966e+01 
       2.997727366876e-05       4.324177013770e+01 
       3.032439413805e-05       4.372584945518e+01 
       3.067553407293e-05       4.421534611255e+01 
       3.103074001662e-05       4.471032198078e+01 
       3.139005905129e-05       4.521083837588e+01 
       3.175353880429e-05       4.571695698756e+01 
       3.212122745447e-05       4.622874074707e+01 
       3.249317373855e-05       4.674625339199e+01 
       3.286942695761e-05       4.726955907231e+01 
       3.325003698362e-05       4.779872216741e+01 
       3.363505426601e-05       4.833380968112e+01 
       3.402452983841e-05       4.887488364781e+01 
       3.441851532539e-05       4.942201536321e+01 
       3.481706294930e-05       4.997527214949e+01 
       3.522022553718e-05       5.053471992945e+01 
       3.562805652781e-05       5.110043050012e+01 
       3.604060997874e-05       5.167247301916e+01 
       3.645794057349e-05       5.225091818128e+01 
       3.688010362877e-05       5.283583807336e+01 
       3.730715510184e-05       5.342730465965e+01 
       3.773915159791e-05       5.402539175235e+01 
       3.817615037765e-05       5.463017272039e+01 
       3.861820936476e-05       5.524172304871e+01 
       3.906538715370e-05       5.586011810563e+01 
       3.951774301739e-05       5.648543404671e+01 
       3.997533691512e-05       5.711774982863e+01 
       4.043822950045e-05       5.775714106526e+01 
       4.090648212930e-05       5.840369005294e+01 
       4.138015686805e-05       5.905747515281e+01 
       4.185931650177e-05       5.971857683207e+01 
       4.234402454256e-05       6.038707818295e+01 
       4.283434523793e-05       6.106306283935e+01 
       4.333034357936e-05       6.174661217861e+01 
       4.383208531091e-05       6.243781073391e+01 
       4.433963693788e-05       6.313674580986e+01 
       4.485306573570e-05       6.384350449053e+01 
       4.537243975880e-05       6.455817194929e+01 
       4.589782784965e-05       6.528083760038e+01 
       4.642929964787e-05       6.601159075474e+01 
       4.696692559946e-05       6.675052303517e+01 
       4.751077696616e-05       6.749772410536e+01 
       4.806092583490e-05       6.825328738002e+01 
       4.861744512729e-05       6.901730645450e+01 
       4.918040860937e-05       6.978987566849e+01 
       4.974989090135e-05       7.057109065940e+01 
       5.032596748748e-05       7.136104849974e+01 
       5.090871472608e-05       7.215984615293e+01 
       5.149820985968e-05       7.296758328918e+01 
       5.209453102522e-05       7.378436004270e+01 
       5.269775726442e-05       7.461027628919e+01 
       5.330796853426e-05       7.544543471697e+01 
       5.392524571759e-05       7.628993913017e+01 
       5.454967063383e-05       7.714389315294e+01 
       5.518132604983e-05       7.800740228833e+01 
       5.582029569082e-05       7.888057525849e+01 
       5.646666425155e-05       7.976351872013e+01 
       5.712051740746e-05       8.065634069695e+01 
       5.778194182608e-05       8.155915579321e+01 
       5.845102517850e-05       8.247207067244e+01 
       5.912785615100e-05       8.339520107728e+01 
       5.981252445679e-05       8.432865944738e+01 
       6.050512084791e-05       8.527256210172e+01 
       6.120573712725e-05       8.622702791540e+01 
       6.191446616076e-05       8.719217253686e+01 
       6.263140188970e-05       8.816811498539e+01 
       6.335663934311e-05       8.915497714770e+01 
       6.409027465045e-05       9.015287916365e+01 
       6.483240505426e-05       9.116194848629e+01 
       6.558312892315e-05       9.218230566761e+01 
       6.634254576474e-05       9.321407676585e+01 
       6.711075623890e-05       9.425739202271e+01 
       6.788786217112e-05       9.531238027807e+01 
       6.867396656593e-05       9.637917013397e+01 
       6.946917362063e-05       9.745789367858e+01 
       7.027358873904e-05       9.854868776631e+01 
       7.108731854552e-05       9.965167932917e+01 
       7.191047089908e-05       1.007670122810e+02 
       7.274315490767e-05       1.018948206712e+02 
       7.358548094264e-05       1.030352477148e+02 
       7.443756065341e-05       1.041884279534e+02 
       7.529950698221e-05       1.053545091100e+02 
       7.617143417910e-05       1.065336325279e+02 
       7.705345781709e-05       1.077259443990e+02 
       7.794569480745e-05       1.089315925634e+02 
       7.884826341523e-05       1.101507254455e+02 
       7.976128327492e-05       1.113834934324e+02 
       8.068487540631e-05       1.126300484100e+02 
       8.161916223055e-05       1.138905457453e+02 
       8.256426758633e-05       1.151651401238e+02 
       8.352031674634e-05       1.164539879047e+02 
       8.448743643388e-05       1.177572490744e+02 
       8.546575483960e-05       1.190750855355e+02 
       8.645540163856e-05       1.204076574073e+02 
       8.745650800735e-05       1.217551325317e+02 
       8.846920664155e-05       1.231176724368e+02 
       8.949363177327e-05       1.244954486863e+02 
       9.052991918894e-05       1.258886326066e+02 
       9.157820624734e-05       1.272973918396e+02 
       9.263863189778e-05       1.287219016263e+02 
       9.371133669854e-05       1.301623387171e+02 
       9.479646283548e-05       1.316188790683e+02 
       9.589415414088e-05       1.330917038980e+02 
       9.700455611255e-05       1.345809935980e+02 
       9.812781593306e-05       1.360869317271e+02 
       9.926408248928e-05       1.376097040818e+02 
       1.004135063921e-04       1.391494983204e+02 
       1.015762399965e-04       1.407065042142e+02 
       1.027524374214e-04       1.422809132983e+02 
       1.039422545706e-04       1.438729191055e+02 
       1.051458491531e-04       1.454827185788e+02 
       1.063633807040e-04       1.471105089806e+02 
       1.075950106057e-04       1.487564911882e+02 
       1.088409021096e-04       1.504208673206e+02 
       1.101012203572e-04       1.521038427692e+02 
       1.113761324023e-04       1.538056242205e+02 
       1.126658072331e-04       1.555264210382e+02 
       1.139704157946e-04       1.572664451352e+02 
       1.152901310113e-04       1.590259094648e+02 
       1.166251278100e-04       1.608050320398e+02 
       1.179755831430e-04       1.626040298881e+02 
       1.193416760118e-04       1.644231246442e+02 
       1.207235874905e-04       1.662625396026e+02 
       1.221215007499e-04       1.681225017412e+02 
       1.235356010820e-04       1.700032382350e+02 
       1.249660759242e-04       1.719049806472e+02 
       1.264131148844e-04       1.738279631676e+02 
       1.278769097660e-04       1.757724200632e+02 
       1.293576545936e-04       1.777385911729e+02 
       1.308555456381e-04       1.797267165495e+02 
       1.323707814435e-04       1.817370419291e+02 
       1.339035628525e-04       1.837698123868e+02 
       1.354540930338e-04       1.858252771529e+02 
       1.370225775084e-04       1.879036885077e+02 
       1.386092241773e-04       1.900053012135e+02 
       1.402142433486e-04       1.921303727415e+02 
       1.418378477661e-04       1.942791626130e+02 
       1.434802526366e-04       1.964519347595e+02 
       1.451416756592e-04       1.986489545699e+02 
       1.468223370537e-04       2.008704910511e+02 
       1.485224595900e-04       2.031168163835e+02 
       1.502422686173e-04       2.053882044042e+02 
       1.519819920947e-04       2.076849329283e+02 
       1.537418606205e-04       2.100072827476e+02 
       1.555221074634e-04       2.123555383625e+02 
       1.573229685932e-04       2.147299856080e+02 
       1.591446827120e-04       2.171309147044e+02 
       1.609874912862e-04       2.195586186101e+02 
       1.628516385779e-04       2.220133938968e+02 
       1.647373716780e-04       2.244955390384e+02 
       1.666449405382e-04       2.270053568840e+02 
       1.685745980049e-04       2.295431545260e+02 
       1.705265998518e-04       2.321092394474e+02 
       1.725012048149e-04       2.347039249359e+02 
       1.744986746258e-04       2.373275267995e+02 
       1.765192740471e-04       2.399803639120e+02 
       1.785632709069e-04       2.426627589292e+02 
       1.806309361349e-04       2.453750388482e+02 
       1.827225437978e-04       2.481175317326e+02 
       1.848383711359e-04       2.508905720767e+02 
       1.869786986000e-04       2.536944953425e+02 
       1.891438098880e-04       2.565296421280e+02 
       1.913339919831e-04       2.593963577152e+02 
       1.935495351917e-04       2.622949867447e+02 
       1.957907331814e-04       2.652258835899e+02 
       1.980578830208e-04       2.681894011627e+02 
       2.003512852181e-04       2.711858979986e+02 
       2.026712437612e-04       2.742157382088e+02 
       2.050180661581e-04       2.772792867935e+02 
       2.073920634776e-04       2.803769139699e+02 
       2.097935503905e-04       2.835089943595e+02 
       2.122228452113e-04       2.866759061771e+02 
       2.146802699403e-04       2.898780309485e+02 
       2.171661503066e-04       2.931157543889e+02 
       2.196808158109e-04       2.963894666161e+02 
       2.222245997693e-04       2.996995629808e+02 
       2.247978393578e-04       3.030464402014e+02 
       2.274008756564e-04       3.064305019223e+02 
       2.300340536947e-04       3.098521538723e+02 
       2.326977224977e-04       3.133118071390e+02 
       2.353922351317e-04       3.168098770897e+02 
       2.381179487515e-04       3.203467829978e+02 
       2.408752246476e-04       3.239229483910e+02 
       2.436644282937e-04       3.275388018493e+02 
       2.464859293959e-04       3.311947757869e+02 
       2.493401019411e-04       3.348913070173e+02 
       2.522273242466e-04       3.386288373498e+02 
       2.551479790109e-04       3.424078122437e+02 
       2.581024533633e-04       3.462286826602e+02 
       2.610911389164e-04       3.500919038268e+02 
       2.641144318172e-04       3.539979354128e+02 
       2.671727327998e-04       3.579472418805e+02 
       2.702664472387e-04       3.619402923334e+02 
       2.733959852025e-04       3.659775612415e+02 
       2.765617615080e-04       3.700595269753e+02 
       2.797641957754e-04       3.741866729312e+02 
       2.830037124839e-04       3.783594881855e+02 
       2.862807410280e-04       3.825784656004e+02 
       2.895957157743e-04       3.868441032827e+02 
       2.929490761189e-04       3.911569049051e+02 
       2.963412665463e-04       3.955173785245e+02 
       2.997727366876e-04       3.999260376602e+02 
       3.032439413805e-04       4.043834003963e+02 
       3.067553407293e-04       4.088899905730e+02 
       3.103074001662e-04       4.134463366941e+02 
       3.139005905130e-04       4.180529727640e+02 
       3.175353880429e-04       4.227104377329e+02 
       3.212122745447e-04       4.274192761883e+02 
       3.249317373855e-04       4.321800375320e+02 
       3.286942695761e-04       4.369932769824e+02 
       3.325003698362e-04       4.418595549374e+02 
       3.363505426601e-04       4.467794370244e+02 
       3.402452983841e-04       4.517534944986e+02 
       3.441851532539e-04       4.567823042052e+02 
       3.481706294930e-04       4.618664485797e+02 
       3.522022553718e-04       4.670065148985e+02 
       3.562805652781e-04       4.722030968190e+02 
       3.604060997875e-04       4.774567931857e+02 
       3.645794057349e-04       4.827682086434e+02 
       3.688010362877e-04       4.881379536228e+02 
       3.730715510184e-04       4.935666436707e+02 
       3.773915159791e-04       4.990549008869e+02 
       3.817615037765e-04       5.046033525801e+02 
       3.861820936476e-04       5.102126319393e+02 
       3.906538715370e-04       5.158833786498e+02 
       3.951774301739e-04       5.216162362786e+02 
       3.997533691512e-04       5.274118576478e+02 
       4.043822950045e-04       5.332708984158e+02 
       4.090648212930e-04       5.391940212031e+02 
       4.138015686805e-04       5.451818948183e+02 
       4.185931650177e-04       5.512351939410e+02 
       4.234402454256e-04       5.573545991065e+02 
       4.283434523793e-04       5.635407974413e+02 
       4.333034357936e-04       5.697944815335e+02 
       4.383208531091e-04       5.761163502489e+02 
       4.433963693788e-04       5.825071085238e+02 
       4.485306573570e-04       5.889674676125e+02 
       4.537243975881e-04       5.954981448847e+02 
       4.589782784965e-04       6.020998638434e+02 
       4.642929964787e-04       6.087733539619e+02 
       4.696692559946e-04       6.155193513573e+02 
       4.751077696616e-04       6.223385980051e+02 
       4.806092583490e-04       6.292318424988e+02 
       4.861744512729e-04       6.361998394189e+02 
       4.918040860937e-04       6.432433490693e+02 
       4.974989090135e-04       6.503631401631e+02 
       5.032596748748e-04       6.575599856709e+02 
       5.090871472608e-04       6.648346651650e+02 
       5.149820985968e-04       6.721879644938e+02 
       5.209453102522e-04       6.796206776008e+02 
       5.269775726442e-04       6.871336020335e+02 
       5.330796853426e-04       6.947275441368e+02 
       5.392524571759e-04       7.024033152747e+02 
       5.454967063383e-04       7.101617335024e+02 
       5.518132604983e-04       7.180036232161e+02 
       5.582029569082e-04       7.259298156079e+02 
       5.646666425155e-04       7.339411477262e+02 
       5.712051740746e-04       7.420384633923e+02 
       5.778194182608e-04       7.502226128797e+02 
       5.845102517850e-04       7.584944518430e+02 
       5.912785615100e-04       7.668548447065e+02 
       5.981252445679e-04       7.753046593524e+02 
       6.050512084791e-04       7.838447722546e+02 
       6.120573712725e-04       7.924760650700e+02 
       6.191446616076e-04       8.011994270114e+02 
       6.263140188970e-04       8.100157529174e+02 
       6.335663934311e-04       8.189259427644e+02 
       6.409027465045e-04       8.279309053600e+02 
       6.483240505427e-04       8.370315548051e+02 
       6.558312892315e-04       8.462288103820e+02 
       6.634254576474e-04       8.555235983336e+02 
       6.711075623891e-04       8.649168555689e+02 
       6.788786217112e-04       8.744095165571e+02 
       6.867396656593e-04       8.840025287714e+02 
       6.946917362063e-04       8.936968435047e+02 
       7.027358873904e-04       9.034934192193e+02 
       7.108731854553e-04       9.133932201378e+02 
       7.191047089908e-04       9.233972166914e+02 
       7.274315490767e-04       9.335063845551e+02 
       7.358548094264e-04       9.437217059074e+02 
       7.443756065341e-04       9.540441725584e+02 
       7.529950698221e-04       9.644747757378e+02 
       7.617143417911e-04       9.750145184045e+02 
       7.705345781709e-04       9.856644060246e+02 
       7.794569480745e-04       9.964254530280e+02 
       7.884826341523e-04       1.007298675561e+03 
       7.976128327492e-04       1.018285099239e+03 
       8.068487540631e-04       1.029385753771e+03 
       8.161916223055e-04       1.040601675862e+03 
       8.256426758633e-04       1.051933906606e+03 
       8.352031674635e-04       1.063383492367e+03 
       8.448743643388e-04       1.074951487775e+03 
       8.546575483960e-04       1.086638949632e+03 
       8.645540163856e-04       1.098446941343e+03 
       8.745650800735e-04       1.110376532914e+03 
       8.846920664155e-04       1.122428795955e+03 
       8.949363177327e-04       1.134604812914e+03 
       9.052991918894e-04       1.146905665188e+03 
       9.157820624734e-04       1.159332442688e+03 
       9.263863189779e-04       1.171886240792e+03 
       9.371133669855e-04       1.184568157656e+03 
       9.479646283548e-04       1.197379296913e+03 
       9.589415414088e-04       1.210320766830e+03 
       9.700455611255e-04       1.223393676850e+03 
       9.812781593306e-04       1.236599147293e+03 
       9.926408248928e-04       1.249938295645e+03 
       1.004135063921e-03       1.263412248093e+03 
       1.015762399965e-03       1.277022133661e+03 
       1.027524374214e-03       1.290769078304e+03 
       1.039422545706e-03       1.304654226312e+03 
       1.051458491531e-03       1.318678709785e+03 
       1.063633807040e-03       1.332843673818e+03 
       1.075950106057e-03       1.347150257607e+03 
       1.088409021097e-03       1.361599614626e+03 
       1.101012203572e-03       1.376192888531e+03 
       1.113761324023e-03       1.390931235197e+03 
       1.126658072331e-03       1.405815805203e+03 
       1.139704157946e-03       1.420847755180e+03 
       1.152901310113e-03       1.436028240637e+03 
       1.166251278100e-03       1.451358420535e+03 
       1.179755831430e-03       1.466839448457e+03 
       1.193416760118e-03       1.482472490861e+03 
       1.207235874905e-03       1.498258703086e+03 
       1.221215007499e-03       1.514199242098e+03 
       1.235356010820e-03       1.530295271363e+03 
       1.249660759242e-03       1.546547942394e+03 
       1.264131148844e-03       1.562958423604e+03 
       1.278769097660e-03       1.579527857149e+03 
       1.293576545936e-03       1.596257400939e+03 
       1.308555456381e-03       1.613148213247e+03 
       1.323707814435e-03       1.630201436833e+03 
       1.339035628526e-03       1.647418218508e+03 
       1.354540930338e-03       1.664799699859e+03 
       1.370225775084e-03       1.682347019374e+03 
       1.386092241773e-03       1.700061318089e+03 
       1.402142433486e-03       1.717943721380e+03 
       1.418378477661e-03       1.735995352619e+03 
       1.434802526366e-03       1.754217334647e+03 
       1.451416756592e-03       1.772610775529e+03 
       1.468223370537e-03       1.791176800954e+03 
       1.485224595900e-03       1.809916484588e+03 
       1.502422686173e-03       1.828830942765e+03 
       1.519819920947e-03       1.847921246484e+03 
       1.537418606205e-03       1.867187710686e+03 
       1.555221074634e-03       1.886631199395e+03 
       1.573229685932e-03       1.906253693461e+03 
       1.591446827120e-03       1.926056284203e+03 
       1.609874912862e-03       1.946039983832e+03 
       1.628516385779e-03       1.966205837629e+03 
       1.647373716780e-03       1.986554863749e+03 
       1.666449405382e-03       2.007088051735e+03 
       1.685745980049e-03       2.027806417836e+03 
       1.705265998518e-03       2.048710931318e+03 
       1.725012048149e-03       2.069802565797e+03 
       1.744986746258e-03       2.091082281876e+03 
       1.765192740471e-03       2.112551022622e+03 
       1.785632709069e-03       2.134209709010e+03 
       1.806309361349e-03       2.156059258729e+03 
       1.827225437978e-03       2.178100568352e+03 
       1.848383711359e-03       2.200334511322e+03 
       1.869786986000e-03       2.222761978395e+03 
       1.891438098880e-03       2.245383809282e+03 
       1.913339919831e-03       2.268200815618e+03 
       1.935495351917e-03       2.291213823817e+03 
       1.957907331814e-03       2.314423635190e+03 
       1.980578830208e-03       2.337831010374e+03 
       2.003512852181e-03       2.361436706944e+03 
       2.026712437612e-03       2.385241447233e+03 
       2.050180661581e-03       2.409245942338e+03 
       2.073920634776e-03       2.433450883205e+03 
       2.097935503905e-03       2.457856934795e+03 
       2.122228452113e-03       2.482464721964e+03 
       2.146802699403e-03       2.507274874686e+03 
       2.171661503066e-03       2.532287964100e+03 
       2.196808158109e-03       2.557504554931e+03 
       2.222245997693e-03       2.582925174827e+03 
       2.247978393578e-03       2.608550296871e+03 
       2.274008756564e-03       2.634380447719e+03 
       2.300340536947e-03       2.660416074182e+03 
       2.326977224977e-03       2.686657552417e+03 
       2.353922351317e-03       2.713105253200e+03 
       2.381179487515e-03       2.739759520546e+03 
       2.408752246476e-03       2.766620691774e+03 
       2.436644282937e-03       2.793688990022e+03 
       2.464859293959e-03       2.820964705822e+03 
       2.493401019411e-03       2.848448054191e+03 
       2.522273242466e-03       2.876139098569e+03 
       2.551479790109e-03       2.904037980053e+03 
       2.581024533633e-03       2.932144874447e+03 
       2.610911389164e-03       2.960459741265e+03 
       2.641144318172e-03       2.988982634729e+03 
       2.671727327998e-03       3.017713492463e+03 
       2.702664472387e-03       3.046652212461e+03 
       2.733959852025e-03       3.075798686369e+03 
       2.765617615080e-03       3.105152688664e+03 
       2.797641957754e-03       3.134714070930e+03 
       2.830037124839e-03       3.164482420968e+03 
       2.862807410280e-03       3.194457593322e+03 
       2.895957157743e-03       3.224639044619e+03 
       2.929490761189e-03       3.255026523248e+03 
       2.963412665463e-03       3.285619467551e+03 
       2.997727366876e-03       3.316417307030e+03 
       3.032439413805e-03       3.347419373148e+03 
       3.067553407293e-03       3.378625329718e+03 
       3.103074001662e-03       3.410034281930e+03 
       3.139005905130e-03       3.441645485385e+03 
       3.175353880430e-03       3.473458085068e+03 
       3.212122745447e-03       3.505471240745e+03 
       3.249317373855e-03       3.537683955699e+03 
       3.286942695762e-03       3.570095239068e+03 
       3.325003698362e-03       3.602704078025e+03 
       3.363505426601e-03       3.635509561096e+03 
       3.402452983841e-03       3.668509672468e+03 
       3.441851532539e-03       3.701703899224e+03 
       3.481706294930e-03       3.735090621324e+03 
       3.522022553718e-03       3.768668257632e+03 
       3.562805652781e-03       3.802435704839e+03 
       3.604060997875e-03       3.836391188366e+03 
       3.645794057349e-03       3.870533015572e+03 
       3.688010362877e-03       3.904859500864e+03 
       3.730715510184e-03       3.939368619925e+03 
       3.773915159791e-03       3.974058836538e+03 
       3.817615037765e-03       4.008927881955e+03 
       3.861820936477e-03       4.043973922916e+03 
       3.906538715370e-03       4.079195141786e+03 
       3.951774301740e-03       4.114588445304e+03 
       3.997533691512e-03       4.150152280641e+03 
       4.043822950045e-03       4.185883710057e+03 
       4.090648212930e-03       4.221780787242e+03 
       4.138015686805e-03       4.257840773174e+03 
       4.185931650177e-03       4.294061027329e+03 
       4.234402454256e-03       4.330438682481e+03 
       4.283434523793e-03       4.366970458030e+03 
       4.333034357936e-03       4.403654601511e+03 
       4.383208531091e-03       4.440487032132e+03 
       4.433963693788e-03       4.477465533206e+03 
       4.485306573570e-03       4.514585204767e+03 
       4.537243975881e-03       4.551844274605e+03 
       4.589782784965e-03       4.589238762504e+03 
       4.642929964787e-03       4.626764778708e+03 
       4.696692559946e-03       4.664419711575e+03 
       4.751077696617e-03       4.702198849571e+03 
       4.806092583490e-03       4.740098628354e+03 
       4.861744512729e-03       4.778114841165e+03 
       4.918040860938e-03       4.816243711270e+03 
       4.974989090135e-03       4.854480767184e+03 
       5.032596748748e-03       4.892821993795e+03 
       5.090871472608e-03       4.931263058861e+03 
       5.149820985969e-03       4.969798331809e+03 
       5.209453102522e-03       5.008424595048e+03 
       5.269775726442e-03       5.047135428581e+03 
       5.330796853426e-03       5.085927064599e+03 
       5.392524571759e-03       5.124794249470e+03 
       5.454967063383e-03       5.163731480582e+03 
       5.518132604983e-03       5.202733387226e+03 
       5.582029569082e-03       5.241794919742e+03 
       5.646666425155e-03       5.280910567163e+03 
       5.712051740746e-03       5.320072626807e+03 
       5.778194182608e-03       5.359280755565e+03 
       5.845102517851e-03       5.398522208820e+03 
       5.912785615100e-03       5.437795733148e+03 
       5.981252445679e-03       5.477090845138e+03 
       6.050512084791e-03       5.516405437651e+03 
       6.120573712725e-03       5.555736812450e+03 
       6.191446616076e-03       5.595068810797e+03 
       6.263140188970e-03       5.634397657847e+03 
       6.335663934311e-03       5.673716925619e+03 
       6.409027465045e-03       5.713142728010e+03 
       6.483240505427e-03       5.752454820163e+03 
       6.558312892315e-03       5.791710301274e+03 
       6.634254576474e-03       5.830927654141e+03 
       6.711075623891e-03       5.870072342870e+03 
       6.788786217112e-03       5.909175903706e+03 
       6.867396656593e-03       5.948222138049e+03 
       6.946917362063e-03       5.987198133224e+03 
       7.027358873904e-03       6.026092375806e+03 
       7.108731854553e-03       6.064899800432e+03 
       7.191047089908e-03       6.103611780304e+03 
       7.274315490767e-03       6.142218296736e+03 
       7.358548094264e-03       6.180705549696e+03 
       7.443756065341e-03       6.219073619962e+03 
       7.529950698221e-03       6.257312613376e+03 
       7.617143417911e-03       6.295413635359e+03 
       7.705345781709e-03       6.333364127510e+03 
       7.794569480746e-03       6.371156072377e+03 
       7.884826341523e-03       6.408776870245e+03 
       7.976128327492e-03       6.446218521371e+03 
       8.068487540632e-03       6.483470490928e+03 
       8.161916223055e-03       6.520522513594e+03 
       8.256426758633e-03       6.557364607119e+03 
       8.352031674635e-03       6.593978566037e+03 
       8.448743643388e-03       6.630364286190e+03 
       8.546575483961e-03       6.666506735946e+03 
       8.645540163856e-03       6.702396226215e+03 
       8.745650800735e-03       6.738019779366e+03 
       8.846920664155e-03       6.773365226779e+03 
       8.949363177327e-03       6.808421930460e+03 
       9.052991918894e-03       6.843180351911e+03 
       9.157820624734e-03       6.877623985962e+03 
       9.263863189779e-03       6.911742612233e+03 
       9.371133669855e-03       6.945523370727e+03 
       9.479646283548e-03       6.978953923008e+03 
       9.589415414088e-03       7.012021721357e+03 
       9.700455611255e-03       7.044712554896e+03 
       9.812781593306e-03       7.077015235688e+03 
       9.926408248928e-03       7.108917398588e+03 
       1.004135063921e-02       7.140403208432e+03 
       1.015762399965e-02       7.171461041910e+03 
       1.027524374214e-02       7.202077732802e+03 
       1.039422545706e-02       7.232237604549e+03 
       1.051458491531e-02       7.261928325036e+03 
       1.063633807040e-02       7.291136167682e+03 
       1.075950106057e-02       7.319845619972e+03 
       1.088409021097e-02       7.348044542662e+03 
       1.101012203572e-02       7.375716139189e+03 
       1.113761324023e-02       7.402846913515e+03 
       1.126658072331e-02       7.429423837497e+03 
       1.139704157946e-02       7.455427218092e+03 
       1.152901310113e-02       7.480850238358e+03 
       1.166251278100e-02       7.505670475296e+03 
       1.179755831430e-02       7.529873744715e+03 
       1.193416760118e-02       7.553450155777e+03 
       1.207235874905e-02       7.576379952385e+03 
       1.221215007499e-02       7.598649673950e+03 
       1.235356010820e-02       7.620245125425e+03 
       1.249660759242e-02       7.641160462030e+03 
       1.264131148844e-02       7.661340522023e+03 
       1.278769097660e-02       7.680812944767e+03 
       1.293576545936e-02       7.699550088956e+03 
       1.308555456381e-02       7.717533207132e+03 
       1.323707814435e-02       7.734749021329e+03 
       1.339035628526e-02       7.751182169820e+03 
       1.354540930339e-02       7.766812992767e+03 
       1.370225775085e-02       7.781629524634e+03 
       1.386092241773e-02       7.795613327802e+03 
       1.402142433487e-02       7.808753083284e+03 
       1.418378477662e-02       7.821033049088e+03 
       1.434802526368e-02       7.832433657723e+03 
       1.451416756595e-02       7.842939380044e+03 
       1.468223370541e-02       7.852546185679e+03 
       1.485224595906e-02       7.861231153450e+03 
       1.502422686183e-02       7.868973121460e+03 
       1.519819920962e-02       7.875765705292e+03 
       1.537418606227e-02       7.881599085618e+03 
       1.555221074667e-02       7.886446080676e+03 
       1.573229685982e-02       7.890305103116e+03 
       1.591446827197e-02       7.893159091300e+03 
       1.609874912976e-02       7.894989450770e+03 
       1.628516385950e-02       7.895786716383e+03 
       1.647373717032e-02       7.895537002864e+03 
       1.666449405754e-02       7.894239099088e+03 
       1.685745980593e-02       7.891858513674e+03 
       1.705265999312e-02       7.888405886502e+03 
       1.725012049301e-02       7.883853851371e+03 
       1.744986747922e-02       7.878194214757e+03 
       1.765192742861e-02       7.871437790527e+03 
       1.785632712486e-02       7.863535354946e+03 
       1.806309366212e-02       7.854520943410e+03 
       1.827225444867e-02       7.844352881801e+03 
       1.848383721073e-02       7.833044152294e+03 
       1.869786999632e-02       7.820571817529e+03 
       1.891438117925e-02       7.806933277127e+03 
       1.913339946317e-02       7.792126671625e+03 
       1.935495388586e-02       7.776148801363e+03 
       1.957907382357e-02       7.758989287991e+03 
       1.980578899567e-02       7.740655983192e+03 
       2.003512946948e-02       7.721133181293e+03 
       2.026712566540e-02       7.700417141103e+03 
       2.050180836238e-02       7.678522176549e+03 
       2.073920870386e-02       7.655433946584e+03 
       2.097935820418e-02       7.631147906393e+03 
       2.122228875557e-02       7.605695294250e+03 
       2.146803263596e-02       7.579049716003e+03 
       2.171662251762e-02       7.551228775568e+03 
       2.196809147683e-02       7.522234694879e+03 
       2.222247300484e-02       7.492045881070e+03 
       2.247980102032e-02       7.460742004881e+03 
       2.274010988352e-02       7.428255354891e+03 
       2.300343441251e-02       7.394632041309e+03 
       2.326980990185e-02       7.359880316197e+03 
       2.353927214406e-02       7.324033700020e+03 
       2.381185745432e-02       7.287009591088e+03 
       2.408760269904e-02       7.248940083481e+03 
       2.436654532866e-02       7.209816037021e+03 
       2.464872341550e-02       7.169624695928e+03 
       2.493417569732e-02       7.128424245193e+03 
       2.522294162720e-02       7.086213429426e+03 
       2.551506143083e-02       7.042970120269e+03 
       2.581057617196e-02       6.998754631831e+03 
       2.610952782696e-02       6.953610251570e+03 
       2.641195936968e-02       6.907509040453e+03 
       2.671791486765e-02       6.860538994898e+03 
       2.702743959077e-02       6.812702274577e+03 
       2.734058013382e-02       6.764032477087e+03 
       2.765738455407e-02       6.714544955510e+03 
       2.797790252537e-02       6.664287294104e+03 
       2.830218551000e-02       6.613281508992e+03 
       2.863028694999e-02       6.561583401180e+03 
       2.896226247915e-02       6.509206971505e+03 
       2.929817015742e-02       6.456198693043e+03 
       2.963807072908e-02       6.402593807302e+03 
       2.998202790641e-02       6.348423096571e+03 
       3.033010868022e-02       6.293747712571e+03 
       3.068238365900e-02       6.238580461589e+03 
       3.103892743814e-02       6.182966732216e+03 
       3.139981900090e-02       6.126985944719e+03 
       3.176514215272e-02       6.070625604115e+03 
       3.213498599054e-02       6.013954020593e+03 
       3.250944540874e-02       5.957000337887e+03 
       3.288862164361e-02       5.899830468782e+03 
       3.327262285808e-02       5.842476939431e+03 
       3.366156476858e-02       5.784960105789e+03 
       3.405557131641e-02       5.727350756225e+03 
       3.445477538554e-02       5.669664035268e+03 
       3.485931956962e-02       5.611993363553e+03 
       3.526935699079e-02       5.554315585803e+03 
       3.568505217345e-02       5.496704604641e+03 
       3.610658197648e-02       5.439193083145e+03 
       3.653413658774e-02       5.381851584609e+03 
       3.696792058525e-02       5.324670077710e+03 
       3.740815407004e-02       5.267715894253e+03 
       3.785507387635e-02       5.211006330371e+03 
       3.830893486526e-02       5.154623592061e+03 
       3.877001130914e-02       5.098542263716e+03 
       3.923859837462e-02       5.042819245264e+03 
       3.971501371322e-02       4.987496618509e+03 
       4.019959916946e-02       4.932608923682e+03 
       4.069272261748e-02       4.878176036436e+03 
       4.119477993869e-02       4.824218184399e+03 
       4.170619715366e-02       4.770804239777e+03 
       4.222743272353e-02       4.717919265713e+03 
       4.275898003708e-02       4.665581056292e+03 
       4.330137010151e-02       4.613840535085e+03 
       4.385517445638e-02       4.562712496272e+03 
       4.442100833171e-02       4.512180781718e+03 
       4.499953407313e-02       4.462303755983e+03 
       4.559146485822e-02       4.413068432772e+03 
       4.619756872991e-02       4.364492599894e+03 
       4.681867297407e-02       4.316561044741e+03 
       4.745566886958e-02       4.269298956299e+03 
       4.810951683972e-02       4.222654806690e+03 
       4.878125203410e-02       4.176640673771e+03 
       4.947199036965e-02       4.131253803523e+03 
       5.018293505738e-02       4.086431337577e+03 
       5.091538363904e-02       4.042133825492e+03 
       5.167073555252e-02       3.998284426294e+03 
       5.245050023793e-02       3.954824126644e+03 
       5.325630578613e-02       3.911676086234e+03 
       5.408990811741e-02       3.868749852950e+03 
       5.495320065940e-02       3.825868670482e+03 
       5.584822446915e-02       3.782856550774e+03 
       5.677717871244e-02       3.739529558989e+03 
       5.774243137435e-02       3.695656833164e+03 
       5.874653002571e-02       3.650971437963e+03 
       5.979221241019e-02       3.605145595997e+03 
       6.088241654589e-02       3.557821765054e+03 
       6.202028995167e-02       3.508584481817e+03 
       6.320919751502e-02       3.456978337787e+03 
       6.445272741526e-02       3.402499993630e+03 
       6.575469440974e-02       3.344614548780e+03 
       6.711913968778e-02       3.282751668242e+03 
       6.855032641026e-02       3.216361240691e+03 
       7.005272999621e-02       3.144906861903e+03 
       7.163102221460e-02       3.067921870696e+03 
       7.329004821207e-02       2.985066352767e+03 
       7.503479578466e-02       2.896165031900e+03 
       7.687035650817e-02       2.801282058333e+03 
       7.880187879710e-02       2.700786404303e+03 
       8.083451356990e-02       2.595438004404e+03 
       8.297335393981e-02       2.486339093920e+03 
       8.522337117663e-02       2.375042133482e+03 
       8.758935000976e-02       2.263453685623e+03 
       9.007582705276e-02       2.153732922890e+03 
       9.268703658855e-02       2.048175087962e+03 
       9.542686803516e-02       1.948986952559e+03 
       9.829883902203e-02       1.858023740135e+03 
       1.013060871214e-01       1.776571113124e+03 
       1.044513819610e-01       1.705084251608e+03 
       1.077371578451e-01       1.642999458000e+03 
       1.111655653415e-01       1.588672905964e+03 
       1.147385387983e-01       1.539505666778e+03 
       1.184578756241e-01       1.492074751881e+03 
       1.223253225509e-01       1.442718394959e+03 
       1.263426640132e-01       1.388189117142e+03 
       1.305118081711e-01       1.326395713430e+03 
       1.348348668430e-01       1.257050094579e+03 
       1.393142265356e-01       1.181927635657e+03 
       1.439526087023e-01       1.104554294957e+03 
       1.487531182045e-01       1.029387374876e+03 
       1.537192796064e-01       9.607746862344e+02 
       1.588550613654e-01       9.017641303508e+02 
       1.641648881900e-01       8.533867234668e+02 
       1.696536418412e-01       8.143832977234e+02 
       1.753266505001e-01       7.814936447313e+02 
       1.811896665456e-01       7.503619359163e+02 
       1.872488322330e-01       7.171506207948e+02 
       1.935106323724e-01       6.792524378972e+02 
       1.999818327101e-01       6.368699180892e+02 
       2.066694023626e-01       5.929151578152e+02 
       2.135804183752e-01       5.514567016041e+02 
       2.207219503283e-01       5.154491962840e+02 
       2.281009229536e-01       4.856950055455e+02 
       2.357239550169e-01       4.609760004326e+02 
       2.435971733533e-01       4.385622541429e+02 
       2.517260019908e-01       4.154562746869e+02 
       2.601149278327e-01       3.903525296068e+02 
       2.687672464505e-01       3.642779831957e+02 
       2.776847941392e-01       3.394217756772e+02 
       2.868676754335e-01       3.176979379859e+02 
       2.963139985524e-01       2.993500928546e+02 
       3.060196343854e-01       2.828637658607e+02 
       3.159780171701e-01       2.666547153385e+02 
       3.261800063375e-01       2.501506258528e+02 
       3.366138285185e-01       2.339717417781e+02 
       3.472651159121e-01       2.192304360392e+02 
       3.581170519076e-01       2.062371039707e+02 
       3.691506272387e-01       1.945393375015e+02 
       3.803450007386e-01       1.833946516077e+02 
       3.916779491277e-01       1.725842813423e+02 
       4.031263816353e-01       1.624092408627e+02 
       4.146668890121e-01       1.531177382496e+02 
       4.262762936771e-01       1.447104885054e+02 
       4.379321687496e-01       1.369442352600e+02 
       4.496132982538e-01       1.296770115335e+02 
       4.613000579335e-01       1.228294815905e+02 
       4.729747046063e-01       1.164738035576e+02 
       4.846215705034e-01       1.106296544631e+02 
       4.962271664863e-01       1.052652725750e+02 
       5.077802036963e-01       1.002765729268e+02 
       5.192715468031e-01       9.559896957755e+01 
       5.306941136608e-01       9.123230945442e+01 
       5.420427361840e-01       8.717145232682e+01 
       5.533139960860e-01       8.340636532621e+01 
       5.645060472186e-01       7.988820605040e+01 
       5.756184340342e-01       7.659848655678e+01 
       5.866519134417e-01       7.350607635737e+01 
       5.976082852598e-01       7.060538829827e+01 
       6.084902346883e-01       6.788148613772e+01 
       6.193011887720e-01       6.532131450876e+01 
       6.300451877039e-01       6.291413532592e+01 
       6.407267709956e-01       6.063676725444e+01 
       6.513508779639e-01       5.848656174317e+01 
       6.619227616146e-01       5.644786626822e+01 
       6.724479147870e-01       5.451754126905e+01 
       6.829320073277e-01       5.268692350364e+01 
       6.933808330424e-01       5.094534032011e+01 
       7.038002652165e-01       4.929047822173e+01 
       7.141962195667e-01       4.771023785170e+01 
       7.245746235844e-01       4.620393485571e+01 
       7.349413913296e-01       4.476463602343e+01 
       7.453024028458e-01       4.338740570325e+01 
       7.556634874605e-01       4.207045689921e+01 
       7.660304103405e-01       4.080596670295e+01 
       7.764088617508e-01       3.959427721098e+01 
       7.868044485523e-01       3.842944692849e+01 
       7.972226875386e-01       3.730936174359e+01 
       8.076690002798e-01       3.623255950251e+01 
       8.181487091917e-01       3.519392880845e+01 
       8.286670345984e-01       3.419431406137e+01 
       8.392290925986e-01       3.322881055251e+01 
       8.498398935769e-01       3.229715034123e+01 
       8.605043412380e-01       3.139737142545e+01 
       8.712272320607e-01       3.052667186276e+01 
       8.820132550967e-01       2.968570694443e+01 
       8.928669920530e-01       2.887053451014e+01 
       9.037929176144e-01       2.808215499280e+01 
       9.147953999751e-01       2.731767220075e+01 
       9.258787015582e-01       2.657681592278e+01 
       9.370469799107e-01       2.585860572138e+01 
       9.483042887677e-01       2.516113993132e+01 
       9.596545792858e-01       2.448508315826e+01 
       9.711017014465e-01       2.382786383569e+01 
       9.826494056359e-01       2.319032216053e+01 
       9.943013444050e-01       2.256985973288e+01 
       1.006061074418e+00       2.196771225788e+01 
       1.017932058594e+00       2.138180804140e+01 
       1.029917668443e+00       2.081252082609e+01 
       1.042021186603e+00       2.025849295072e+01 
       1.054245809577e+00       1.971976838574e+01 
       1.066594650663e+00       1.919542846573e+01 
       1.079070743078e+00       1.868537597607e+01 
       1.091677043260e+00       1.818890357546e+01 
       1.104416434346e+00       1.770556877692e+01 
       1.117291729806e+00       1.723506156093e+01 
       1.130305677211e+00       1.677703709654e+01 
       1.143460962130e+00       1.633103720591e+01 
       1.156760212126e+00       1.589690125966e+01 
       1.170206000830e+00       1.547394548724e+01 
       1.183800852066e+00       1.506233417486e+01 
       1.197547244017e+00       1.466107689089e+01 
       1.211447613386e+00       1.427075156717e+01 
       1.225504359552e+00       1.389025260306e+01 
       1.239719848676e+00       1.351997139602e+01 
       1.254096417749e+00       1.315896879971e+01 
       1.268636378563e+00       1.280757162437e+01 
       1.283342021565e+00       1.246521507293e+01 
       1.298215619610e+00       1.213170102339e+01 
       1.313259431566e+00       1.180697895414e+01 
       1.328475705782e+00       1.149044954863e+01 
       1.343866683393e+00       1.118240559398e+01 
       1.359434601467e+00       1.088225077561e+01 
       1.375181695978e+00       1.058987843198e+01 
       1.391110204608e+00       1.030531261578e+01 
       1.407222369375e+00       1.002796632912e+01 
       1.423520439089e+00       9.757957926660e+00 
       1.440006671637e+00       9.495090665208e+00 
       1.456683336100e+00       9.238900315691e+00 
       1.473552714718e+00       8.989545684536e+00 
       1.490617104689e+00       8.746731188820e+00 
       1.507878819835e+00       8.510148302702e+00 
       1.525340192124e+00       8.279845325966e+00 
       1.543003573064e+00       8.055630647643e+00 
       1.560871334984e+00       7.837199637825e+00 
       1.578945872194e+00       7.624524450091e+00 
       1.597229602062e+00       7.417570759622e+00 
       1.615724965982e+00       7.215984135188e+00 
       1.634434430272e+00       7.019650356425e+00 
       1.653360487001e+00       6.828580705630e+00 
       1.672505654735e+00       6.642602263594e+00 
       1.691872479247e+00       6.461514947424e+00 
       1.711463534161e+00       6.285177521851e+00 
       1.731281421560e+00       6.113538558996e+00 
       1.751328772554e+00       5.946489908362e+00 
       1.771608247817e+00       5.783874574778e+00 
       1.792122538096e+00       5.625552578693e+00 
       1.812874364702e+00       5.471419421673e+00 
       1.833866479976e+00       5.321411277486e+00 
       1.855101667743e+00       5.175421379095e+00 
       1.876582743757e+00       5.033343042540e+00 
       1.898312556129e+00       4.895055103021e+00 
       1.920293985758e+00       4.760452482738e+00 
       1.942529946748e+00       4.629473834972e+00 
       1.965023386829e+00       4.501951609658e+00 
       1.987777287770e+00       4.377894265885e+00 
       2.010794665794e+00       4.257133483899e+00 
       2.034078571995e+00       4.139634152132e+00 
       2.057632092755e+00       4.025295946370e+00 
       2.081458350160e+00       3.914044039115e+00 
       2.105560502425e+00       3.805782080784e+00 
       2.129941744316e+00       3.700445339235e+00 
       2.154605307578e+00       3.597942881028e+00 
       2.179554461367e+00       3.498215729938e+00 
       2.204792512687e+00       3.401181549193e+00 
       2.230322806830e+00       3.306760167654e+00 
       2.256148727819e+00       3.214904134052e+00 
       2.282273698860e+00       3.125538992422e+00 
       2.308701182795e+00       3.038602368173e+00 
       2.335434682561e+00       2.954016241850e+00 
       2.362477741659e+00       2.871730142112e+00 
       2.389833944618e+00       2.791681562048e+00 
       2.417506917475e+00       2.713820775539e+00 
       2.445500328253e+00       2.638090362040e+00 
       2.473817887449e+00       2.564408728797e+00 
       2.502463348526e+00       2.492744560024e+00 
       2.531440508409e+00       2.423040745493e+00 
       2.560753207989e+00       2.355219138343e+00 
       2.590405332632e+00       2.289268389770e+00 
       2.620400812696e+00       2.225115063453e+00 
       2.650743624050e+00       2.162723040175e+00 
       2.681437788599e+00       2.102058698334e+00 
       2.712487374823e+00       2.043051705058e+00 
       2.743896498310e+00       1.985651593357e+00 
       2.775669322306e+00       1.929832675584e+00 
       2.807810058265e+00       1.875558513515e+00 
       2.840322966405e+00       1.822772068478e+00 
       2.873212356278e+00       1.771428372438e+00 
       2.906482587336e+00       1.721513211822e+00 
       2.940138069514e+00       1.672982769255e+00 
       2.974183263807e+00       1.625764855749e+00 
       3.008622682871e+00       1.579870589604e+00 
       3.043460891613e+00       1.535240341429e+00 
       3.078702507799e+00       1.491844425225e+00 
       3.114352202668e+00       1.449667191053e+00 
       3.150414701548e+00       1.408641212439e+00 
       3.186894784484e+00       1.368755860668e+00 
       3.223797286872e+00       1.329977194992e+00 
       3.261127100099e+00       1.292273594693e+00 
       3.298889172190e+00       1.255622083401e+00 
       3.337088508468e+00       1.219983103199e+00 
       3.375730172213e+00       1.185340134406e+00 
       3.414819285336e+00       1.151659514497e+00 
       3.454361029056e+00       1.118908382871e+00 
       3.494360644589e+00       1.087090246017e+00 
       3.534823433841e+00       1.056141800779e+00 
       3.575754760110e+00       1.026069257838e+00 
       3.617160048799e+00       9.968304202928e-01 
       3.659044788135e+00       9.684110728278e-01 
       3.701414529894e+00       9.407938279858e-01 
       3.744274890140e+00       9.139432703452e-01 
       3.787631549967e+00       8.878439309678e-01 
       3.831490256253e+00       8.624744539720e-01 
       3.875856822422e+00       8.378232037111e-01 
       3.920737129216e+00       8.138545088350e-01 
       3.966137125468e+00       7.905642407386e-01 
       4.012062828901e+00       7.679290275831e-01 
       4.058520326916e+00       7.459306357699e-01 
       4.105515777405e+00       7.245524972762e-01 
       4.153055409563e+00       7.037749145096e-01 
       4.201145524716e+00       6.835794497093e-01 
       4.249792497159e+00       6.639522837789e-01 
       4.299002774994e+00       6.448820376678e-01 
       4.348782880990e+00       6.263467530709e-01 
       4.399139413447e+00       6.083434032233e-01 
       4.450079047068e+00       5.908458791540e-01 
       4.501608533846e+00       5.738368170301e-01 
       4.553734703960e+00       5.573192747013e-01 
       4.606464466676e+00       5.412632840839e-01 
       4.659804811268e+00       5.256625304250e-01 
       4.713762807940e+00       5.105023053762e-01 
       4.768345608766e+00       4.957743401397e-01 
       4.823560448639e+00       4.814612416039e-01 
       4.879414646223e+00       4.675562530110e-01 
       4.935915604934e+00       4.540450447092e-01 
       4.993070813912e+00       4.409196777296e-01 
       5.050887849019e+00       4.281641495210e-01 
       5.109374373838e+00       4.157744019389e-01 
       5.168538140697e+00       4.037381445215e-01 
       5.228386991687e+00       3.920464628061e-01 
       5.288928859711e+00       3.806860811161e-01 
       5.350171769526e+00       3.696491344138e-01 
       5.412123838813e+00       3.589273639663e-01 
       5.474793279254e+00       3.485136041954e-01 
       5.538188397613e+00       3.383950459139e-01 
       5.602317596846e+00       3.285684356502e-01 
       5.667189377208e+00       3.190199910359e-01 
       5.732812337384e+00       3.097466496592e-01 
       5.799195175625e+00       3.007367166095e-01 
       5.866346690906e+00       2.919863879772e-01 
       5.934275784086e+00       2.834856344733e-01 
       6.002991459093e+00       2.752295887348e-01 
       6.072502824116e+00       2.672109662223e-01 
       6.142819092811e+00       2.594224068509e-01 
       6.213949585523e+00       2.518581801738e-01 
       6.285903730522e+00       2.445107523953e-01 
       6.358691065252e+00       2.373728117033e-01 
       6.432321237595e+00       2.304423892549e-01 
       6.506804007151e+00       2.237091179281e-01 
       6.582149246529e+00       2.171728803049e-01 
       6.658366942661e+00       2.108233111096e-01 
       6.735467198120e+00       2.046560540719e-01 
       6.813460232459e+00       1.986674534079e-01 
       6.892356383573e+00       1.928517332323e-01 
       6.972166109059e+00       1.872037479492e-01 
       7.052899987611e+00       1.817188910397e-01 
       7.134568720418e+00       1.763923052797e-01 
       7.217183132580e+00       1.712187366317e-01 
       7.300754174549e+00       1.661959870237e-01 
       7.385292923576e+00       1.613197233997e-01 
       7.470810585180e+00       1.565836942155e-01 
       7.557318494636e+00       1.519852107675e-01 
       7.644828118472e+00       1.475184427118e-01 
       7.733351055995e+00       1.431833701567e-01 
       7.822899040823e+00       1.389728078308e-01 
       7.913483942446e+00       1.348847081512e-01 
       8.005117767794e+00       1.309147628452e-01 
       8.097812662831e+00       1.270606270248e-01 
       8.191580914166e+00       1.233185238085e-01 
       8.286434950678e+00       1.196845936427e-01 
       8.382387345167e+00       1.161566686753e-01 
       8.479450816019e+00       1.127319174783e-01 
       8.577638228892e+00       1.094062714218e-01 
       8.676962598421e+00       1.061779690163e-01 
       8.777437089945e+00       1.030431820911e-01 
       8.879075021247e+00       1.000004579710e-01 
       8.981889864326e+00       9.704613768671e-02 
       9.085895247177e+00       9.417786467675e-02 
       9.191104955602e+00       9.139334387941e-02 
       9.297532935033e+00       8.868982871005e-02 
       9.405193292384e+00       8.606637250437e-02 
       9.514100297919e+00       8.351856752594e-02 
       9.624268387143e+00       8.104546707075e-02 
       9.735712162717e+00       7.864502137616e-02 
       9.848446396393e+00       7.631439686432e-02 
       9.962486030971e+00       7.405255249521e-02 
       1.007784618228e+01       7.185669591230e-02 
       1.019454214119e+01       6.972514828477e-02 
       1.031258937561e+01       6.765603232357e-02 
       1.043200353259e+01       6.564777679439e-02 
       1.055280044033e+01       6.369831062481e-02 
       1.067499611034e+01       6.180595630776e-02 
       1.079860673953e+01       5.996935818923e-02 
       1.092364871234e+01       5.818666522899e-02 
       1.105013860296e+01       5.645631714489e-02 
       1.117809317747e+01       5.477679453307e-02 
       1.130752939614e+01       5.314675875856e-02 
       1.143846441557e+01       5.156470543826e-02 
       1.157091559107e+01       5.002914918411e-02 
       1.170490047891e+01       4.853867400707e-02 
       1.184043683862e+01       4.709235941484e-02 
       1.197754263541e+01       4.568861524337e-02 
       1.211623604250e+01       4.432613701196e-02 
       1.225653544356e+01       4.300391539771e-02 
       1.239845943511e+01       4.172026978935e-02 
       1.254202682903e+01       4.047543851462e-02 
       1.268725665503e+01       3.926689819572e-02 
       1.283416816315e+01       3.809374857507e-02 
       1.298278082636e+01       3.695566175259e-02 
       1.313311434310e+01       3.585108721750e-02 
       1.328518863993e+01       3.477857265165e-02 
       1.343902387412e+01       3.373898716004e-02 
       1.359464043637e+01       3.272939903173e-02 
       1.375205895348e+01       3.175008473126e-02 
       1.391130029111e+01       3.079947467532e-02 
       1.407238555653e+01       2.987694112190e-02 
       1.423533610141e+01       2.898211078372e-02 
       1.440017352467e+01       2.811368236153e-02 
       1.456691967533e+01       2.727093853299e-02 
       1.473559665542e+01       2.645319013652e-02 
       1.490622682288e+01       2.565971139383e-02 
       1.507883279456e+01       2.488978227445e-02 
       1.525343744920e+01       2.414272335654e-02 
       1.543006393045e+01       2.341778001330e-02 
       1.560873564996e+01       2.271464424999e-02 
       1.578947629047e+01       2.203208010213e-02 
       1.597230980897e+01       2.137002302049e-02 
       1.615726043983e+01       2.072768611678e-02 
       1.634435269805e+01       2.010436507381e-02 
       1.653361138253e+01       1.949967385288e-02 
       1.672506157928e+01       1.891292044364e-02 
       1.691872866483e+01       1.834368616395e-02 
       1.711463830954e+01       1.779144587725e-02 
       1.731281648102e+01       1.725563123775e-02 
       1.751328944758e+01       1.673577227307e-02 
       1.771608378168e+01       1.623146000348e-02 
       1.792122636349e+01       1.574211929827e-02 
       1.812874438445e+01       1.526756892118e-02 
       1.833866535084e+01       1.480705239031e-02 
       1.855101708745e+01       1.436039808479e-02 
       1.876582774129e+01       1.392700245716e-02 
       1.898312578527e+01       1.350661397010e-02 
       1.920294002201e+01       1.309872320253e-02 
       1.942529958765e+01       1.270303714173e-02 
       1.965023395571e+01       1.231922639469e-02 
       1.987777294100e+01       1.194691651682e-02 
       2.010794670356e+01       1.158576135887e-02 
       2.034078575267e+01       1.123541424442e-02 
       2.057632095091e+01       1.089554937522e-02 
       2.081458351819e+01       1.056587874623e-02 
       2.105560503598e+01       1.024604844082e-02 
       2.129941745141e+01       9.935841907802e-03 
       2.154605308155e+01       9.634884378287e-03 
       2.179554461769e+01       9.343052489615e-03 
       2.204792512966e+01       9.059992864194e-03 
       2.230322807023e+01       8.785396571701e-03 
       2.256148727951e+01       8.519024510176e-03 
       2.282273698950e+01       8.260685993279e-03 
       2.308701182856e+01       8.010010860384e-03 
       2.335434682602e+01       7.767031266744e-03 
       2.362477741687e+01       7.531272641558e-03 
       2.389833944636e+01       7.302631300912e-03 
       2.417506917487e+01       7.080873681402e-03 
       2.445500328261e+01       6.865743709023e-03 
       2.473817887455e+01       6.657141851985e-03 
       2.502463348530e+01       6.454765863946e-03 
       2.531440508411e+01       6.258522968497e-03 
       2.560753207990e+01       6.068261320762e-03 
       2.590405332633e+01       5.883677262274e-03 
       2.620400812697e+01       5.704636301817e-03 
       2.650743624050e+01       5.531011322045e-03 
       2.681437788599e+01       5.362633054020e-03 
       2.712487374823e+01       5.199311026547e-03 
       2.743896498310e+01       5.040929649373e-03 
       2.775669322307e+01       4.887346143561e-03 
       2.807810058265e+01       4.738410721562e-03 
       2.840322966405e+01       4.593934197427e-03 
       2.873212356278e+01       4.453867222046e-03 
       2.906482587336e+01       4.318016681112e-03 
       2.940138069514e+01       4.186272018700e-03 
       2.974183263807e+01       4.058517171986e-03 
       3.008622682871e+01       3.934626510947e-03 
