Run parameters:
does_de_cluster=True
save_data=True
time_domain=True
number_of_points=50
varied_parameter=w_i
varied_par_values=[-0.5]
init_value=-0.5
final_value=-0.9
n_samples=1

Cosmological parameters:
omega_matter_now=0.3
omega_rad_now=0
hubble_constant_standard_units=67
scale_at_lss=0.0009165902841429881
a_min=1e-10
a_max=1
min_redshift=0
max_redshift=20
spectral_index=0.96
sigma8=0.85

Dark energy eos parameters:
selected_de_eos=de_eos_5
w_i=-0.4
w_f=-1
trans_steepness=-0.5,-1.5,-2.5
trans_z=0.5
w=-1
c_eff_value=0

Precision parameters:
virialization_scale_tol=1.0e-06
turn_around_scale_tol=1.0e-06
a_ini=1.0e-10
nonlinear_perturbations_atol=1.0e-10
nonlinear_perturbations_rtol=1.0e-08
growth_factor_atol=1.0e-10
growth_factor_rtol=1.0e-08
dark_density_evolution_atol=1.0e-10
dark_density_evolution_rtol=1.0e-08
dark_density_evolution_max_step=1.0e-03
friedmann_atol=1.0e-10
friedmann_rtol=1.0e-08
friedmann_max_stepsize=1.0e-03
exact_decimals=5.0e+00
numerical_infty=1.0e+11
normalization_integrand_atol=1.0e-08
normalization_integrand_rtol=1.0e-06
mass_variance_filtered_spectrum_atol=1.0e-06
mass_variance_filtered_spectrum_rtol=1.0e-04
log_der_of_log_sigma_atol=1.0e-06
log_der_of_log_sigma_rtol=1.0e-04

*********************************
2.000000000e-05	-1.686239415e+00
2.050442102e-05	-1.686243875e+00
2.102156407e-05	-1.686244013e+00
2.155175001e-05	-1.686249145e+00
2.209530780e-05	-1.686232514e+00
2.265257468e-05	-1.686235533e+00
2.322389643e-05	-1.686245898e+00
2.380962750e-05	-1.686250531e+00
2.441013133e-05	-1.686257167e+00
2.502578050e-05	-1.686264142e+00
2.565695699e-05	-1.686243413e+00
2.630405241e-05	-1.686241478e+00
2.696746826e-05	-1.686249819e+00
2.764761615e-05	-1.686255117e+00
2.834491809e-05	-1.686255070e+00
2.905980672e-05	-1.686262657e+00
2.979272558e-05	-1.686241563e+00
3.054412944e-05	-1.686244969e+00
3.131448448e-05	-1.686249889e+00
3.210426870e-05	-1.686252207e+00
3.291397210e-05	-1.686257960e+00
3.374409707e-05	-1.686262938e+00
3.459515866e-05	-1.686245496e+00
3.546768492e-05	-1.686251467e+00
3.636221721e-05	-1.686254399e+00
3.727931055e-05	-1.686261614e+00
3.821953395e-05	-1.686266546e+00
3.918347076e-05	-1.686269362e+00
4.017171908e-05	-1.686254395e+00
4.118489205e-05	-1.686258448e+00
4.222361832e-05	-1.686262150e+00
4.328854235e-05	-1.686265513e+00
4.438032489e-05	-1.686270046e+00
4.549964333e-05	-1.686274016e+00
4.664719215e-05	-1.686258590e+00
4.782368337e-05	-1.686263098e+00
4.902984693e-05	-1.686267439e+00
5.026643120e-05	-1.686272322e+00
5.153420343e-05	-1.686276776e+00
5.283395020e-05	-1.686281944e+00
5.416647796e-05	-1.686265297e+00
5.553261346e-05	-1.686270589e+00
5.693320434e-05	-1.686276524e+00
5.836911959e-05	-1.686281698e+00
5.984125014e-05	-1.686285534e+00
6.135050936e-05	-1.686291948e+00
6.289783369e-05	-1.686281785e+00
6.448418316e-05	-1.686281419e+00
6.611054204e-05	-1.686287261e+00
6.777791939e-05	-1.686291739e+00
6.948734976e-05	-1.686298747e+00
7.123989375e-05	-1.686305337e+00
7.303663875e-05	-1.686304772e+00
7.487869954e-05	-1.686297369e+00
7.676721905e-05	-1.686303816e+00
7.870336900e-05	-1.686310951e+00
8.068835068e-05	-1.686317997e+00
8.272339569e-05	-1.686325186e+00
8.480976668e-05	-1.686332421e+00
8.694875813e-05	-1.686318672e+00
8.914169720e-05	-1.686324395e+00
9.138994449e-05	-1.686333930e+00
9.369489495e-05	-1.686342628e+00
9.605797868e-05	-1.686351118e+00
9.848066186e-05	-1.686356894e+00
1.009644477e-04	-1.686347479e+00
1.035108771e-04	-1.686356963e+00
1.061215303e-04	-1.686366299e+00
1.087980268e-04	-1.686376691e+00
1.115420274e-04	-1.686387306e+00
1.143552345e-04	-1.686397032e+00
1.172393938e-04	-1.686388450e+00
1.201962945e-04	-1.686398904e+00
1.232277714e-04	-1.686410548e+00
1.263357053e-04	-1.686422980e+00
1.295220245e-04	-1.686436197e+00
1.327887061e-04	-1.686448723e+00
1.361377769e-04	-1.686440774e+00
1.395713147e-04	-1.686454115e+00
1.430914499e-04	-1.686467527e+00
1.467003667e-04	-1.686482190e+00
1.504003041e-04	-1.685877264e+00
1.541935579e-04	-1.686360787e+00
1.580824815e-04	-1.686350334e+00
1.620694878e-04	-1.686363473e+00
1.661570506e-04	-1.686377407e+00
1.703477061e-04	-1.686390566e+00
1.746440543e-04	-1.686407133e+00
1.790487609e-04	-1.686421169e+00
1.835645588e-04	-1.686413929e+00
1.881942499e-04	-1.686430861e+00
1.929407067e-04	-1.686448256e+00
1.978068741e-04	-1.686466767e+00
2.027957714e-04	-1.686485967e+00
2.079104939e-04	-1.686505210e+00
2.131542151e-04	-1.686503364e+00
2.185301884e-04	-1.686518665e+00
2.240417495e-04	-1.686545557e+00
2.296923179e-04	-1.686566560e+00
2.354853995e-04	-1.686588566e+00
2.414245888e-04	-1.686614243e+00
2.475135707e-04	-1.686628052e+00
2.537561231e-04	-1.686643405e+00
2.601561192e-04	-1.686671535e+00
2.667175300e-04	-1.686699009e+00
2.734444264e-04	-1.686731453e+00
2.803409823e-04	-1.686762532e+00
2.874114765e-04	-1.686789740e+00
2.946602960e-04	-1.686799803e+00
3.020919384e-04	-1.686834371e+00
3.097110146e-04	-1.686871160e+00
3.175222519e-04	-1.686907412e+00
3.255304968e-04	-1.686946805e+00
3.337407181e-04	-1.686985476e+00
3.421580098e-04	-1.686995414e+00
3.507875944e-04	-1.687037515e+00
3.596348262e-04	-1.687080306e+00
3.687051945e-04	-1.687123976e+00
3.780043270e-04	-1.687170031e+00
3.875379935e-04	-1.687216445e+00
3.973121090e-04	-1.687230788e+00
4.073327380e-04	-1.687279248e+00
4.176060977e-04	-1.687328409e+00
4.281385624e-04	-1.687376859e+00
4.389366670e-04	-1.687429045e+00
4.500071111e-04	-1.687479174e+00
4.613567634e-04	-1.687494100e+00
4.729926659e-04	-1.687545209e+00
4.849220380e-04	-1.687600241e+00
4.971522815e-04	-1.687653362e+00
5.096909846e-04	-1.687706564e+00
5.225459269e-04	-1.687760316e+00
5.357250844e-04	-1.687768263e+00
5.492366341e-04	-1.687818843e+00
5.630889593e-04	-1.687871128e+00
5.772906546e-04	-1.687920319e+00
5.918505317e-04	-1.687970921e+00
6.067776242e-04	-1.688019689e+00
6.220811936e-04	-1.688014703e+00
6.377707351e-04	-1.688057926e+00
6.538559834e-04	-1.688100045e+00
6.703469185e-04	-1.688138708e+00
6.872537724e-04	-1.688174581e+00
7.045870349e-04	-1.688208496e+00
7.223574604e-04	-1.688182266e+00
7.405760748e-04	-1.688206299e+00
7.592541818e-04	-1.688228540e+00
7.784033703e-04	-1.688246426e+00
7.980355214e-04	-1.688258347e+00
8.181628160e-04	-1.688269968e+00
8.387977422e-04	-1.688222053e+00
8.599531028e-04	-1.688208871e+00
8.816420239e-04	-1.688202065e+00
9.038779624e-04	-1.688190198e+00
9.266747146e-04	-1.688176879e+00
9.500464249e-04	-1.688156684e+00
9.740075943e-04	-1.688101347e+00
9.985730895e-04	-1.688027395e+00
1.023758152e-03	-1.687992465e+00
1.049578409e-03	-1.687953154e+00
1.076049880e-03	-1.687908214e+00
1.103188989e-03	-1.687862014e+00
1.131012574e-03	-1.687805254e+00
1.159537900e-03	-1.687664638e+00
1.188782665e-03	-1.687604633e+00
1.218765013e-03	-1.687541646e+00
1.249503548e-03	-1.687472921e+00
1.281017340e-03	-1.687401186e+00
1.313325944e-03	-1.687325471e+00
1.346449405e-03	-1.687142680e+00
1.380408274e-03	-1.687056813e+00
1.415223622e-03	-1.686968694e+00
1.450917049e-03	-1.686876826e+00
1.487510702e-03	-1.686778550e+00
1.525027285e-03	-1.686676285e+00
1.563490076e-03	-1.686623807e+00
1.602922939e-03	-1.686704591e+00
1.643350340e-03	-1.686780460e+00
1.684797363e-03	-1.686848026e+00
1.727289723e-03	-1.686912928e+00
1.770853786e-03	-1.686973127e+00
1.815516579e-03	-1.686888242e+00
1.861305816e-03	-1.686934916e+00
1.908249905e-03	-1.686977758e+00
1.956377973e-03	-1.687014805e+00
2.005719882e-03	-1.687051077e+00
2.056306245e-03	-1.687081680e+00
2.108168450e-03	-1.686949789e+00
2.161338674e-03	-1.686973801e+00
2.215849907e-03	-1.686991831e+00
2.271735971e-03	-1.687009244e+00
2.329031539e-03	-1.687021893e+00
2.387772163e-03	-1.687033504e+00
2.447994286e-03	-1.686853869e+00
2.509735275e-03	-1.686857459e+00
2.573033437e-03	-1.686856345e+00
2.637928044e-03	-1.686855369e+00
2.704459362e-03	-1.686850743e+00
2.772668670e-03	-1.686843457e+00
2.842598288e-03	-1.686622393e+00
2.914291604e-03	-1.686596999e+00
2.987793102e-03	-1.686574238e+00
3.063148384e-03	-1.686546112e+00
3.140404206e-03	-1.686517047e+00
3.219608500e-03	-1.686485263e+00
3.300810411e-03	-1.686296627e+00
3.384060319e-03	-1.686169851e+00
3.469409877e-03	-1.686128618e+00
3.556912040e-03	-1.686089738e+00
3.646621100e-03	-1.686041044e+00
3.738592717e-03	-1.685996583e+00
3.832883955e-03	-1.685878535e+00
3.929553317e-03	-1.685617547e+00
4.028660782e-03	-1.685560070e+00
4.130267841e-03	-1.685506451e+00
4.234437537e-03	-1.685446565e+00
4.341234502e-03	-1.685385835e+00
4.450724999e-03	-1.685328511e+00
4.562976961e-03	-1.684941563e+00
4.678060036e-03	-1.684897644e+00
4.796045627e-03	-1.684905733e+00
4.917006939e-03	-1.684963386e+00
5.041019022e-03	-1.684855789e+00
5.168158820e-03	-1.684759455e+00
5.298505217e-03	-1.684312015e+00
5.432139088e-03	-1.684163364e+00
5.569143345e-03	-1.684037297e+00
5.709602993e-03	-1.683903775e+00
5.853605182e-03	-1.683788685e+00
6.001239257e-03	-1.683691356e+00
6.152596819e-03	-1.683150417e+00
6.307771777e-03	-1.683052938e+00
6.466860411e-03	-1.682926087e+00
6.629961427e-03	-1.682812803e+00
6.797176023e-03	-1.682684736e+00
6.968607946e-03	-1.682496861e+00
7.144363563e-03	-1.681976067e+00
7.324551921e-03	-1.681858977e+00
7.509284819e-03	-1.681733818e+00
7.698676875e-03	-1.681562770e+00
7.892845597e-03	-1.681420278e+00
8.091911459e-03	-1.681281583e+00
8.295997971e-03	-1.680651103e+00
8.505231759e-03	-1.680521032e+00
8.719742643e-03	-1.680351417e+00
8.939663717e-03	-1.680127530e+00
9.165131432e-03	-1.680035806e+00
9.396285680e-03	-1.679851197e+00
9.633269881e-03	-1.679238800e+00
9.876231072e-03	-1.678958625e+00
1.012532000e-02	-1.678787240e+00
1.038069121e-02	-1.678675049e+00
1.064250316e-02	-1.678415076e+00
1.091091827e-02	-1.678231596e+00
1.118610310e-02	-1.677531320e+00
1.146822837e-02	-1.677298124e+00
1.175746915e-02	-1.677047607e+00
1.205400488e-02	-1.676949988e+00
1.235801955e-02	-1.676776443e+00
1.266970179e-02	-1.676571703e+00
1.298924499e-02	-1.675994106e+00
1.331684740e-02	-1.675453588e+00
1.365271229e-02	-1.675166836e+00
1.399704804e-02	-1.674924520e+00
1.435006830e-02	-1.674685171e+00
1.471199211e-02	-1.674451288e+00
1.508304401e-02	-1.674023565e+00
1.546345423e-02	-1.673238669e+00
1.585345880e-02	-1.672930908e+00
1.625329970e-02	-1.672608340e+00
1.666322500e-02	-1.672266253e+00
1.708348905e-02	-1.671971688e+00
1.751435259e-02	-1.671442676e+00
1.795608298e-02	-1.670597178e+00
1.840895426e-02	-1.670225415e+00
1.887324744e-02	-1.669796900e+00
1.934925057e-02	-1.669326195e+00
1.983725901e-02	-1.668783524e+00
2.033757553e-02	-1.668589087e+00
2.085051056e-02	-1.667494380e+00
2.137638235e-02	-1.666839372e+00
2.191551718e-02	-1.666323564e+00
2.246824956e-02	-1.665856954e+00
2.303492243e-02	-1.665248793e+00
2.361588738e-02	-1.664588837e+00
2.421150488e-02	-1.663670754e+00
2.482214448e-02	-1.663217320e+00
2.544818506e-02	-1.662057656e+00
2.609001503e-02	-1.661640538e+00
2.674803263e-02	-1.660921111e+00
2.742264613e-02	-1.660270967e+00
2.811427409e-02	-1.659288081e+00
2.882334563e-02	-1.658574490e+00
2.955030070e-02	-1.657762536e+00
3.029559034e-02	-1.656719771e+00
3.105967697e-02	-1.656092252e+00
3.184303467e-02	-1.655028608e+00
3.264614947e-02	-1.654407562e+00
3.346951968e-02	-1.653713315e+00
3.431365614e-02	-1.652879035e+00
3.517908261e-02	-1.651974675e+00
3.606633605e-02	-1.651280478e+00
3.697596695e-02	-1.650196416e+00
3.790853970e-02	-1.649552719e+00
3.886463292e-02	-1.648683164e+00
3.984483981e-02	-1.648128750e+00
4.084976855e-02	-1.647718336e+00
4.188004264e-02	-1.647543453e+00
4.293630134e-02	-1.646754881e+00
4.401919999e-02	-1.646894990e+00
4.512941047e-02	-1.647050067e+00
4.626762164e-02	-1.647428927e+00
4.743453969e-02	-1.647802787e+00
4.863088863e-02	-1.648641854e+00
4.985741076e-02	-1.649595829e+00
5.111486706e-02	-1.648355882e+00
5.240403773e-02	-1.649704726e+00
5.372572264e-02	-1.650758472e+00
5.508074183e-02	-1.650171210e+00
5.646993603e-02	-1.651333570e+00
5.789416717e-02	-1.651172411e+00
5.935431892e-02	-1.651917913e+00
6.085129723e-02	-1.651635677e+00
6.238603090e-02	-1.651064261e+00
6.395947217e-02	-1.649445115e+00
6.557259728e-02	-1.648225341e+00
6.722640710e-02	-1.646017521e+00
6.892192775e-02	-1.643573457e+00
7.066021121e-02	-1.636273015e+00
7.244233600e-02	-1.631194992e+00
7.426940785e-02	-1.624142634e+00
7.614256038e-02	-1.615790239e+00
7.806295578e-02	-1.605348714e+00
8.003178557e-02	-1.594652754e+00
8.205027132e-02	-1.584276798e+00
8.411966540e-02	-1.573798890e+00
8.624125178e-02	-1.565735693e+00
8.841634679e-02	-1.541898764e+00
9.064629999e-02	-1.532171959e+00
9.293249494e-02	-1.527843741e+00
9.527635014e-02	-1.527266095e+00
9.767931983e-02	-1.531450364e+00
1.001428949e-01	-1.540341896e+00
1.026686040e-01	-1.551886022e+00
1.052580141e-01	-1.535161566e+00
1.079127319e-01	-1.555042632e+00
1.106344044e-01	-1.574864773e+00
1.134247203e-01	-1.591910847e+00
1.162854110e-01	-1.603690317e+00
1.192182513e-01	-1.613307864e+00
1.222250609e-01	-1.621902865e+00
1.253077054e-01	-1.623328356e+00
1.284680974e-01	-1.620474156e+00
1.317081979e-01	-1.633310522e+00
1.350300170e-01	-1.622299823e+00
1.384356160e-01	-1.611424987e+00
1.419271077e-01	-1.605151395e+00
1.455066586e-01	-1.579647925e+00
1.491764894e-01	-1.564507337e+00
1.529388773e-01	-1.558803828e+00
1.567961565e-01	-1.558834813e+00
1.607507204e-01	-1.530807733e+00
1.648050225e-01	-1.509020747e+00
1.689615784e-01	-1.516562609e+00
1.732229670e-01	-1.518942450e+00
1.775918323e-01	-1.515766470e+00
1.820708849e-01	-1.523503342e+00
1.866629040e-01	-1.518881546e+00
1.913707386e-01	-1.510508591e+00
1.961973098e-01	-1.516811932e+00
2.011456122e-01	-1.534983141e+00
2.062187159e-01	-1.535011353e+00
2.114197687e-01	-1.534017787e+00
2.167519975e-01	-1.525003404e+00
2.222187106e-01	-1.466417444e+00
2.278233001e-01	-1.482414506e+00
2.335692432e-01	-1.499739621e+00
2.394601050e-01	-1.504756424e+00
2.454995405e-01	-1.502776193e+00
2.516912969e-01	-1.500533829e+00
2.580392160e-01	-1.492654399e+00
2.645472362e-01	-1.491705951e+00
2.712193956e-01	-1.475215119e+00
2.780598338e-01	-1.480179570e+00
2.850727951e-01	-1.490296077e+00
2.922626306e-01	-1.491862932e+00
2.996338013e-01	-1.468728805e+00
3.071908807e-01	-1.480763319e+00
3.149385576e-01	-1.485512562e+00
3.228816390e-01	-1.489022275e+00
3.310250533e-01	-1.499458913e+00
3.393738531e-01	-1.488012350e+00
3.479332183e-01	-1.488782427e+00
3.567084598e-01	-1.493715110e+00
3.657050221e-01	-1.497878561e+00
3.749284871e-01	-1.502294603e+00
3.843845776e-01	-1.514836931e+00
3.940791607e-01	-1.516846385e+00
4.040182513e-01	-1.518431556e+00
4.142080162e-01	-1.522371919e+00
4.246547777e-01	-1.531436152e+00
4.353650176e-01	-1.543567453e+00
4.463453809e-01	-1.552784287e+00
4.576026805e-01	-1.558469659e+00
4.691439011e-01	-1.567469692e+00
4.809762034e-01	-1.577984462e+00
4.931069287e-01	-1.588442621e+00
5.055436038e-01	-1.596730268e+00
5.182939448e-01	-1.607436500e+00
5.313658628e-01	-1.618754248e+00
5.447674684e-01	-1.629220095e+00
5.585070765e-01	-1.644170242e+00
5.725932120e-01	-1.655896111e+00
5.870346146e-01	-1.667479522e+00
6.018402446e-01	-1.681953451e+00
6.170192881e-01	-1.694289157e+00
6.325811631e-01	-1.706025556e+00
6.485355249e-01	-1.720810104e+00
6.648922724e-01	-1.733185609e+00
6.816615544e-01	-1.747318098e+00
6.988537752e-01	-1.761567297e+00
7.164796020e-01	-1.773784432e+00
7.345499706e-01	-1.787497941e+00
7.530760929e-01	-1.800998264e+00
7.720694635e-01	-1.814402140e+00
7.915418668e-01	-1.827393271e+00
8.115053846e-01	-1.839433784e+00
8.319724034e-01	-1.850805213e+00
8.529556218e-01	-1.862737508e+00
8.744680591e-01	-1.874286093e+00
8.965230626e-01	-1.885354013e+00
9.191343166e-01	-1.896939917e+00
9.423158501e-01	-1.906802378e+00
9.660820462e-01	-1.916058332e+00
9.904476508e-01	-1.924787354e+00
1.015427782e+00	-1.932841796e+00
1.041037937e+00	-1.940199734e+00
1.067294008e+00	-1.946851281e+00
1.094212285e+00	-1.952744977e+00
1.121809469e+00	-1.958194358e+00
1.150102683e+00	-1.963241794e+00
1.179109481e+00	-1.966707401e+00
1.208847862e+00	-1.969332159e+00
1.239336275e+00	-1.971088901e+00
1.270593639e+00	-1.971976997e+00
1.302639346e+00	-1.971971485e+00
1.335493279e+00	-1.972195107e+00
1.369175823e+00	-1.970375010e+00
1.403707877e+00	-1.967656704e+00
1.439110865e+00	-1.964031957e+00
1.475406753e+00	-1.959508719e+00
1.512618062e+00	-1.954090052e+00
1.550767880e+00	-1.949094968e+00
1.589879876e+00	-1.941972363e+00
1.629978317e+00	-1.934015233e+00
1.671088083e+00	-1.925255510e+00
1.713234681e+00	-1.915711147e+00
1.756444261e+00	-1.905420460e+00
1.800743631e+00	-1.895915647e+00
1.846160278e+00	-1.884290222e+00
1.892722381e+00	-1.872033706e+00
1.940458828e+00	-1.859185743e+00
1.989399239e+00	-1.845790321e+00
2.039573979e+00	-1.831890552e+00
2.091014179e+00	-1.819294692e+00
2.143751754e+00	-1.804609366e+00
2.197819426e+00	-1.789560395e+00
2.253250742e+00	-1.774191355e+00
2.310080094e+00	-1.758544993e+00
2.368342742e+00	-1.742663062e+00
2.428074835e+00	-1.728465179e+00
2.489313435e+00	-1.712519643e+00
2.552096536e+00	-1.696286093e+00
2.616463093e+00	-1.679974324e+00
2.682453042e+00	-1.663617781e+00
2.750107327e+00	-1.647248134e+00
2.819467925e+00	-1.632144593e+00
2.890577869e+00	-1.617064599e+00
2.963481281e+00	-1.600958206e+00
3.038223394e+00	-1.584952416e+00
3.114850581e+00	-1.569070857e+00
3.193410386e+00	-1.553335861e+00
3.273951553e+00	-1.538151350e+00
3.356524052e+00	-1.525158326e+00
3.441179116e+00	-1.510116574e+00
3.527969271e+00	-1.495300463e+00
3.616948364e+00	-1.480726415e+00
3.708171603e+00	-1.466409847e+00
3.801695588e+00	-1.452365189e+00
3.897578347e+00	-1.441644630e+00
3.995879369e+00	-1.428311854e+00
4.096659647e+00	-1.415288633e+00
4.199981709e+00	-1.402585382e+00
4.305909662e+00	-1.390211621e+00
4.414509229e+00	-1.378175999e+00
4.525847792e+00	-1.369767527e+00
4.639994430e+00	-1.358552377e+00
4.757019966e+00	-1.347695354e+00
4.876997009e+00	-1.337201655e+00
5.000000000e+00	-1.327075736e+00
#################################
2.000000000e-05	-5.000326083e+00
2.050442102e-05	-5.000354210e+00
2.102156407e-05	-5.000379386e+00
2.155175001e-05	-5.000427608e+00
2.209530780e-05	-5.000405685e+00
2.265257468e-05	-5.000376993e+00
2.322389643e-05	-5.000347672e+00
2.380962750e-05	-5.000361764e+00
2.441013133e-05	-5.000397475e+00
2.502578050e-05	-5.000433122e+00
2.565695699e-05	-5.000415161e+00
2.630405241e-05	-5.000382180e+00
2.696746826e-05	-5.000351993e+00
2.764761615e-05	-5.000361783e+00
2.834491809e-05	-5.000398997e+00
2.905980672e-05	-5.000434651e+00
2.979272558e-05	-5.000424582e+00
3.054412944e-05	-5.000394000e+00
3.131448448e-05	-5.000367631e+00
3.210426870e-05	-5.000364301e+00
3.291397210e-05	-5.000401789e+00
3.374409707e-05	-5.000444736e+00
3.459515866e-05	-5.000435773e+00
3.546768492e-05	-5.000412937e+00
3.636221721e-05	-5.000385957e+00
3.727931055e-05	-5.000376154e+00
3.821953395e-05	-5.000418732e+00
3.918347076e-05	-5.000455351e+00
4.017171908e-05	-5.000456827e+00
4.118489205e-05	-5.000432344e+00
4.222361832e-05	-5.000404925e+00
4.328854235e-05	-5.000389067e+00
4.438032489e-05	-5.000430028e+00
4.549964333e-05	-5.000467909e+00
4.664719215e-05	-5.000481154e+00
4.782368337e-05	-5.000455631e+00
4.902984693e-05	-5.000431344e+00
5.026643120e-05	-5.000407226e+00
5.153420343e-05	-5.000449378e+00
5.283395020e-05	-5.000491283e+00
5.416647796e-05	-5.000509988e+00
5.553261346e-05	-5.000488492e+00
5.693320434e-05	-5.000463457e+00
5.836911959e-05	-5.000440372e+00
5.984125014e-05	-5.000475470e+00
6.135050936e-05	-5.000519433e+00
6.289783369e-05	-5.000548936e+00
6.448418316e-05	-5.000525791e+00
6.611054204e-05	-5.000500450e+00
6.777791939e-05	-5.000482281e+00
6.948734976e-05	-5.000514288e+00
7.123989375e-05	-5.000559594e+00
7.303663875e-05	-5.000600437e+00
7.487869954e-05	-5.000580069e+00
7.676721905e-05	-5.000560701e+00
7.870336900e-05	-5.000541518e+00
8.068835068e-05	-5.000570679e+00
8.272339569e-05	-5.000618925e+00
8.480976668e-05	-5.000669261e+00
8.694875813e-05	-5.000654259e+00
8.914169720e-05	-5.000637008e+00
9.138994449e-05	-5.000620694e+00
9.369489495e-05	-5.000644939e+00
9.605797868e-05	-5.000698929e+00
9.848066186e-05	-5.000754112e+00
1.009644477e-04	-5.000750326e+00
1.035108771e-04	-5.000737953e+00
1.061215303e-04	-5.000726766e+00
1.087980268e-04	-5.000747323e+00
1.115420274e-04	-5.000807001e+00
1.143552345e-04	-5.000868563e+00
1.172393938e-04	-5.000879713e+00
1.201962945e-04	-5.000871273e+00
1.232277714e-04	-5.000869491e+00
1.263357053e-04	-5.000888238e+00
1.295220245e-04	-5.000954514e+00
1.327887061e-04	-5.001024741e+00
1.361377769e-04	-5.001050358e+00
1.395713147e-04	-5.001050397e+00
1.430914499e-04	-5.001052307e+00
1.467003667e-04	-5.001071277e+00
1.504003041e-04	-5.003142762e+00
1.541935579e-04	-5.000776161e+00
1.580824815e-04	-5.000810877e+00
1.620694878e-04	-5.000809648e+00
1.661570506e-04	-5.000808523e+00
1.703477061e-04	-5.000817076e+00
1.746440543e-04	-5.000895200e+00
1.790487609e-04	-5.000974981e+00
1.835645588e-04	-5.001028635e+00
1.881942499e-04	-5.001037307e+00
1.929407067e-04	-5.001047278e+00
1.978068741e-04	-5.001058285e+00
2.027957714e-04	-5.001151243e+00
2.079104939e-04	-5.001246888e+00
2.131542151e-04	-5.001322222e+00
2.185301884e-04	-5.001343395e+00
2.240417495e-04	-5.001367244e+00
2.296923179e-04	-5.001391818e+00
2.354853995e-04	-5.001493370e+00
2.414245888e-04	-5.001607748e+00
2.475135707e-04	-5.001711351e+00
2.537561231e-04	-5.001748952e+00
2.601561192e-04	-5.001788023e+00
2.667175300e-04	-5.001829746e+00
2.734444264e-04	-5.001942773e+00
2.803409823e-04	-5.002079414e+00
2.874114765e-04	-5.002217035e+00
2.946602960e-04	-5.002271691e+00
3.020919384e-04	-5.002331586e+00
3.097110146e-04	-5.002389283e+00
3.175222519e-04	-5.002516146e+00
3.255304968e-04	-5.002681397e+00
3.337407181e-04	-5.002851767e+00
3.421580098e-04	-5.002932620e+00
3.507875944e-04	-5.003009476e+00
3.596348262e-04	-5.003088925e+00
3.687051945e-04	-5.003226679e+00
3.780043270e-04	-5.003420087e+00
3.875379935e-04	-5.003618122e+00
3.973121090e-04	-5.003728655e+00
4.073327380e-04	-5.003825003e+00
4.176060977e-04	-5.003921311e+00
4.281385624e-04	-5.004067620e+00
4.389366670e-04	-5.004285938e+00
4.500071111e-04	-5.004510039e+00
4.613567634e-04	-5.004650390e+00
4.729926659e-04	-5.004754207e+00
4.849220380e-04	-5.004856029e+00
4.971522815e-04	-5.004999543e+00
5.096909846e-04	-5.005237312e+00
5.225459269e-04	-5.005477359e+00
5.357250844e-04	-5.005636562e+00
5.492366341e-04	-5.005736154e+00
5.630889593e-04	-5.005832346e+00
5.772906546e-04	-5.005951065e+00
5.918505317e-04	-5.006189006e+00
6.067776242e-04	-5.006427185e+00
6.220811936e-04	-5.006589463e+00
6.377707351e-04	-5.006661384e+00
6.538559834e-04	-5.006722449e+00
6.703469185e-04	-5.006790050e+00
6.872537724e-04	-5.007007316e+00
7.045870349e-04	-5.007220140e+00
7.223574604e-04	-5.007362841e+00
7.405760748e-04	-5.007380970e+00
7.592541818e-04	-5.007383665e+00
7.784033703e-04	-5.007373255e+00
7.980355214e-04	-5.007530642e+00
8.181628160e-04	-5.007697642e+00
8.387977422e-04	-5.007803646e+00
8.599531028e-04	-5.007740693e+00
8.816420239e-04	-5.007661928e+00
9.038779624e-04	-5.007564450e+00
9.266747146e-04	-5.007639420e+00
9.500464249e-04	-5.007745594e+00
9.740075943e-04	-5.007815599e+00
9.985730895e-04	-5.007661140e+00
1.023758152e-03	-5.007496004e+00
1.049578409e-03	-5.007309492e+00
1.076049880e-03	-5.007301338e+00
1.103188989e-03	-5.007361986e+00
1.131012574e-03	-5.007417039e+00
1.159537900e-03	-5.007187772e+00
1.188782665e-03	-5.006946684e+00
1.218765013e-03	-5.006693961e+00
1.249503548e-03	-5.006610143e+00
1.281017340e-03	-5.006644039e+00
1.313325944e-03	-5.006683098e+00
1.346449405e-03	-5.006429910e+00
1.380408274e-03	-5.006128206e+00
1.415223622e-03	-5.005813356e+00
1.450917049e-03	-5.005652126e+00
1.487510702e-03	-5.005675857e+00
1.525027285e-03	-5.005712186e+00
1.563490076e-03	-5.005596685e+00
1.602922939e-03	-5.005413769e+00
1.643350340e-03	-5.005214367e+00
1.684797363e-03	-5.005145987e+00
1.727289723e-03	-5.005334823e+00
1.770853786e-03	-5.005525029e+00
1.815516579e-03	-5.005425309e+00
1.861305816e-03	-5.005159881e+00
1.908249905e-03	-5.004878894e+00
1.956377973e-03	-5.004698127e+00
2.005719882e-03	-5.004873153e+00
2.056306245e-03	-5.005054978e+00
2.108168450e-03	-5.004962062e+00
2.161338674e-03	-5.004619971e+00
2.215849907e-03	-5.004263094e+00
2.271735971e-03	-5.003964037e+00
2.329031539e-03	-5.004137604e+00
2.387772163e-03	-5.004317419e+00
2.447994286e-03	-5.004252218e+00
2.509735275e-03	-5.003831328e+00
2.573033437e-03	-5.003397398e+00
2.637928044e-03	-5.002953884e+00
2.704459362e-03	-5.003132803e+00
2.772668670e-03	-5.003319212e+00
2.842598288e-03	-5.003300697e+00
2.914291604e-03	-5.002795762e+00
2.987793102e-03	-5.002269336e+00
3.063148384e-03	-5.001727526e+00
3.140404206e-03	-5.001827782e+00
3.219608500e-03	-5.002013115e+00
3.300810411e-03	-5.002057080e+00
3.384060319e-03	-5.001462114e+00
3.469409877e-03	-5.000850520e+00
3.556912040e-03	-5.000219363e+00
3.646621100e-03	-5.000222126e+00
3.738592717e-03	-5.000418545e+00
3.832883955e-03	-5.000556633e+00
3.929553317e-03	-4.999866160e+00
4.028660782e-03	-4.999159837e+00
4.130267841e-03	-4.998427705e+00
4.234437537e-03	-4.998308472e+00
4.341234502e-03	-4.998515161e+00
4.450724999e-03	-4.998727775e+00
4.562976961e-03	-4.997978684e+00
4.678060036e-03	-4.997169222e+00
4.796045627e-03	-4.996346635e+00
4.917006939e-03	-4.996182294e+00
5.041019022e-03	-4.996470002e+00
5.168158820e-03	-4.996634825e+00
5.298505217e-03	-4.995863993e+00
5.432139088e-03	-4.994898266e+00
5.569143345e-03	-4.993918400e+00
5.709602993e-03	-4.993450994e+00
5.853605182e-03	-4.993631878e+00
6.001239257e-03	-4.993878833e+00
6.152596819e-03	-4.993203223e+00
6.307771777e-03	-4.991885404e+00
6.466860411e-03	-4.990859874e+00
6.629961427e-03	-4.989881725e+00
6.797176023e-03	-4.990032230e+00
6.968607946e-03	-4.990210023e+00
7.144363563e-03	-4.989540042e+00
7.324551921e-03	-4.988332804e+00
7.509284819e-03	-4.987306247e+00
7.698676875e-03	-4.986056201e+00
7.892845597e-03	-4.986247844e+00
8.091911459e-03	-4.986449962e+00
8.295997971e-03	-4.985903008e+00
8.505231759e-03	-4.984547739e+00
8.719742643e-03	-4.983194188e+00
8.939663717e-03	-4.981879572e+00
9.165131432e-03	-4.982108865e+00
9.396285680e-03	-4.982531091e+00
9.633269881e-03	-4.981834923e+00
9.876231072e-03	-4.980330517e+00
1.012532000e-02	-4.978805114e+00
1.038069121e-02	-4.977220924e+00
1.064250316e-02	-4.977371247e+00
1.091091827e-02	-4.977713672e+00
1.118610310e-02	-4.977237557e+00
1.146822837e-02	-4.975524403e+00
1.175746915e-02	-4.974006586e+00
1.205400488e-02	-4.972127473e+00
1.235801955e-02	-4.972035891e+00
1.266970179e-02	-4.972192754e+00
1.298924499e-02	-4.972012006e+00
1.331684740e-02	-4.970241162e+00
1.365271229e-02	-4.968370158e+00
1.399704804e-02	-4.966405176e+00
1.435006830e-02	-4.966047002e+00
1.471199211e-02	-4.966018367e+00
1.508304401e-02	-4.966084902e+00
1.546345423e-02	-4.964155504e+00
1.585345880e-02	-4.962075584e+00
1.625329970e-02	-4.960038315e+00
1.666322500e-02	-4.959180869e+00
1.708348905e-02	-4.959183663e+00
1.751435259e-02	-4.958987162e+00
1.795608298e-02	-4.957067350e+00
1.840895426e-02	-4.954968062e+00
1.887324744e-02	-4.952667451e+00
1.934925057e-02	-4.951373739e+00
1.983725901e-02	-4.951119626e+00
2.033757553e-02	-4.950739730e+00
2.085051056e-02	-4.948750849e+00
2.137638235e-02	-4.946408008e+00
2.191551718e-02	-4.944092333e+00
2.246824956e-02	-4.942366689e+00
2.303492243e-02	-4.941699428e+00
2.361588738e-02	-4.940655640e+00
2.421150488e-02	-4.938698790e+00
2.482214448e-02	-4.936186468e+00
2.544818506e-02	-4.933821535e+00
2.609001503e-02	-4.931917302e+00
2.674803263e-02	-4.930147895e+00
2.742264613e-02	-4.928326148e+00
2.811427409e-02	-4.925867015e+00
2.882334563e-02	-4.923508641e+00
2.955030070e-02	-4.921196724e+00
3.029559034e-02	-4.918982474e+00
3.105967697e-02	-4.916172655e+00
3.184303467e-02	-4.912951453e+00
3.264614947e-02	-4.909745467e+00
3.346951968e-02	-4.907355237e+00
3.431365614e-02	-4.904862633e+00
3.517908261e-02	-4.902927699e+00
3.606633605e-02	-4.900876613e+00
3.697596695e-02	-4.896986863e+00
3.790853970e-02	-4.892533220e+00
3.886463292e-02	-4.888018777e+00
3.984483981e-02	-4.883855428e+00
4.084976855e-02	-4.879459825e+00
4.188004264e-02	-4.876032094e+00
4.293630134e-02	-4.872611021e+00
4.401919999e-02	-4.870141921e+00
4.512941047e-02	-4.868518275e+00
4.626762164e-02	-4.868118844e+00
4.743453969e-02	-4.868839677e+00
4.863088863e-02	-4.866198301e+00
4.985741076e-02	-4.859426558e+00
5.111486706e-02	-4.854759973e+00
5.240403773e-02	-4.860518642e+00
5.372572264e-02	-4.853644170e+00
5.508074183e-02	-4.852303652e+00
5.646993603e-02	-4.851735020e+00
5.789416717e-02	-4.849062928e+00
5.935431892e-02	-4.847071241e+00
6.085129723e-02	-4.846315808e+00
6.238603090e-02	-4.843909298e+00
6.395947217e-02	-4.840143887e+00
6.557259728e-02	-4.833481051e+00
6.722640710e-02	-4.831400409e+00
6.892192775e-02	-4.829901541e+00
7.066021121e-02	-4.823659712e+00
7.244233600e-02	-4.811699503e+00
7.426940785e-02	-4.798290225e+00
7.614256038e-02	-4.783516934e+00
7.806295578e-02	-4.767031943e+00
8.003178557e-02	-4.748583098e+00
8.205027132e-02	-4.726768692e+00
8.411966540e-02	-4.699323410e+00
8.624125178e-02	-4.664003343e+00
8.841634679e-02	-4.618693049e+00
9.064629999e-02	-4.611536315e+00
9.293249494e-02	-4.625048888e+00
9.527635014e-02	-4.659395276e+00
9.767931983e-02	-4.642647852e+00
1.001428949e-01	-4.585769244e+00
1.026686040e-01	-4.529314125e+00
1.052580141e-01	-4.540262578e+00
1.079127319e-01	-4.616646361e+00
1.106344044e-01	-4.647388336e+00
1.134247203e-01	-4.613471378e+00
1.162854110e-01	-4.617465892e+00
1.192182513e-01	-4.649751830e+00
1.222250609e-01	-4.636354741e+00
1.253077054e-01	-4.631167619e+00
1.284680974e-01	-4.665410449e+00
1.317081979e-01	-4.670184343e+00
1.350300170e-01	-4.609608177e+00
1.384356160e-01	-4.602797154e+00
1.419271077e-01	-4.579663724e+00
1.455066586e-01	-4.481486895e+00
1.491764894e-01	-4.508457736e+00
1.529388773e-01	-4.570014964e+00
1.567961565e-01	-4.433985449e+00
1.607507204e-01	-4.288547204e+00
1.648050225e-01	-4.401735635e+00
1.689615784e-01	-4.471020871e+00
1.732229670e-01	-4.373505903e+00
1.775918323e-01	-4.377706252e+00
1.820708849e-01	-4.408673832e+00
1.866629040e-01	-4.343591024e+00
1.913707386e-01	-4.376550778e+00
1.961973098e-01	-4.407560711e+00
2.011456122e-01	-4.360858505e+00
2.062187159e-01	-4.400486758e+00
2.114197687e-01	-4.369319052e+00
2.167519975e-01	-4.225261869e+00
2.222187106e-01	-4.218273927e+00
2.278233001e-01	-4.336260859e+00
2.335692432e-01	-4.281966644e+00
2.394601050e-01	-4.256221360e+00
2.454995405e-01	-4.293927324e+00
2.516912969e-01	-4.259130562e+00
2.580392160e-01	-4.265099973e+00
2.645472362e-01	-4.259632081e+00
2.712193956e-01	-4.195838504e+00
2.780598338e-01	-4.262051870e+00
2.850727951e-01	-4.299333209e+00
2.922626306e-01	-4.213035573e+00
2.996338013e-01	-4.196194179e+00
3.071908807e-01	-4.247537553e+00
3.149385576e-01	-4.250316061e+00
3.228816390e-01	-4.264214515e+00
3.310250533e-01	-4.253167417e+00
3.393738531e-01	-4.235040850e+00
3.479332183e-01	-4.290633789e+00
3.567084598e-01	-4.325323992e+00
3.657050221e-01	-4.299318434e+00
3.749284871e-01	-4.309454196e+00
3.843845776e-01	-4.325094309e+00
3.940791607e-01	-4.346775159e+00
4.040182513e-01	-4.378395745e+00
4.142080162e-01	-4.414949406e+00
4.246547777e-01	-4.437022377e+00
4.353650176e-01	-4.457557686e+00
4.463453809e-01	-4.480338167e+00
4.576026805e-01	-4.506111639e+00
4.691439011e-01	-4.534662075e+00
4.809762034e-01	-4.568689710e+00
4.931069287e-01	-4.604027039e+00
5.055436038e-01	-4.640312960e+00
5.182939448e-01	-4.679961040e+00
5.313658628e-01	-4.709966375e+00
5.447674684e-01	-4.739385741e+00
5.585070765e-01	-4.779496314e+00
5.725932120e-01	-4.829308003e+00
5.870346146e-01	-4.870863469e+00
6.018402446e-01	-4.903666623e+00
6.170192881e-01	-4.957807836e+00
6.325811631e-01	-4.993008405e+00
6.485355249e-01	-5.042955735e+00
6.648922724e-01	-5.080628631e+00
6.816615544e-01	-5.133735751e+00
6.988537752e-01	-5.171671304e+00
7.164796020e-01	-5.215361996e+00
7.345499706e-01	-5.264023748e+00
7.530760929e-01	-5.306373092e+00
7.720694635e-01	-5.347016849e+00
7.915418668e-01	-5.387659196e+00
8.115053846e-01	-5.427979518e+00
8.319724034e-01	-5.468388122e+00
8.529556218e-01	-5.508021827e+00
8.744680591e-01	-5.546024962e+00
8.965230626e-01	-5.582312426e+00
9.191343166e-01	-5.618058275e+00
9.423158501e-01	-5.652356684e+00
9.660820462e-01	-5.685032289e+00
9.904476508e-01	-5.716022747e+00
1.015427782e+00	-5.745131866e+00
1.041037937e+00	-5.771658378e+00
1.067294008e+00	-5.793745561e+00
1.094212285e+00	-5.813509704e+00
1.121809469e+00	-5.831187374e+00
1.150102683e+00	-5.849260906e+00
1.179109481e+00	-5.864898041e+00
1.208847862e+00	-5.878038976e+00
1.239336275e+00	-5.886799183e+00
1.270593639e+00	-5.891161997e+00
1.302639346e+00	-5.892759818e+00
1.335493279e+00	-5.894332629e+00
1.369175823e+00	-5.894074712e+00
1.403707877e+00	-5.891132770e+00
1.439110865e+00	-5.884196845e+00
1.475406753e+00	-5.871889053e+00
1.512618062e+00	-5.856784000e+00
1.550767880e+00	-5.841482307e+00
1.589879876e+00	-5.825160758e+00
1.629978317e+00	-5.806379909e+00
1.671088083e+00	-5.784261706e+00
1.713234681e+00	-5.756216719e+00
1.756444261e+00	-5.725730476e+00
1.800743631e+00	-5.695328559e+00
1.846160278e+00	-5.665235354e+00
1.892722381e+00	-5.633279513e+00
1.940458828e+00	-5.599094689e+00
1.989399239e+00	-5.558523696e+00
2.039573979e+00	-5.516194416e+00
2.091014179e+00	-5.474434837e+00
2.143751754e+00	-5.434815518e+00
2.197819426e+00	-5.394149774e+00
2.253250742e+00	-5.352575562e+00
2.310080094e+00	-5.304221926e+00
2.368342742e+00	-5.254777519e+00
2.428074835e+00	-5.206291178e+00
2.489313435e+00	-5.162058201e+00
2.552096536e+00	-5.117559979e+00
2.616463093e+00	-5.072910162e+00
2.682453042e+00	-5.022102450e+00
2.750107327e+00	-4.970060670e+00
2.819467925e+00	-4.919021035e+00
2.890577869e+00	-4.874439962e+00
2.963481281e+00	-4.830195237e+00
3.038223394e+00	-4.786369155e+00
3.114850581e+00	-4.737023466e+00
3.193410386e+00	-4.685904277e+00
3.273951553e+00	-4.635429472e+00
3.356524052e+00	-4.593654460e+00
3.441179116e+00	-4.552643697e+00
3.527969271e+00	-4.512455695e+00
3.616948364e+00	-4.467471049e+00
3.708171603e+00	-4.419818452e+00
3.801695588e+00	-4.372783715e+00
3.897578347e+00	-4.335347077e+00
3.995879369e+00	-4.299657568e+00
4.096659647e+00	-4.265066758e+00
4.199981709e+00	-4.226525025e+00
4.305909662e+00	-4.184114402e+00
4.414509229e+00	-4.142553195e+00
4.525847792e+00	-4.110360462e+00
4.639994430e+00	-4.081352966e+00
4.757019966e+00	-4.053608489e+00
4.876997009e+00	-4.022883272e+00
5.000000000e+00	-3.986823389e+00
#################################
2.000000000e-05	-8.107916598e+00
2.050442102e-05	-8.107944341e+00
2.102156407e-05	-8.107931069e+00
2.155175001e-05	-8.107952234e+00
2.209530780e-05	-8.107938050e+00
2.265257468e-05	-8.107968012e+00
2.322389643e-05	-8.107978671e+00
2.380962750e-05	-8.107974521e+00
2.441013133e-05	-8.107942485e+00
2.502578050e-05	-8.107958692e+00
2.565695699e-05	-8.107966322e+00
2.630405241e-05	-8.107978996e+00
2.696746826e-05	-8.107980373e+00
2.764761615e-05	-8.107975445e+00
2.834491809e-05	-8.107964906e+00
2.905980672e-05	-8.107956615e+00
2.979272558e-05	-8.107947951e+00
3.054412944e-05	-8.107994848e+00
3.131448448e-05	-8.108014192e+00
3.210426870e-05	-8.108020012e+00
3.291397210e-05	-8.108025839e+00
3.374409707e-05	-8.108030417e+00
3.459515866e-05	-8.108020162e+00
3.546768492e-05	-8.108026621e+00
3.636221721e-05	-8.108033495e+00
3.727931055e-05	-8.108001548e+00
3.821953395e-05	-8.107998238e+00
3.918347076e-05	-8.108005924e+00
4.017171908e-05	-8.107999338e+00
4.118489205e-05	-8.108009939e+00
4.222361832e-05	-8.108014329e+00
4.328854235e-05	-8.108019404e+00
4.438032489e-05	-8.108029276e+00
4.549964333e-05	-8.108040736e+00
4.664719215e-05	-8.108033462e+00
4.782368337e-05	-8.108043468e+00
4.902984693e-05	-8.108051925e+00
5.026643120e-05	-8.108062101e+00
5.153420343e-05	-8.108073563e+00
5.283395020e-05	-8.108085840e+00
5.416647796e-05	-8.108077250e+00
5.553261346e-05	-8.108091437e+00
5.693320434e-05	-8.108103794e+00
5.836911959e-05	-8.108117044e+00
5.984125014e-05	-8.108118129e+00
6.135050936e-05	-8.108146579e+00
6.289783369e-05	-8.108150133e+00
6.448418316e-05	-8.108157619e+00
6.611054204e-05	-8.108177483e+00
6.777791939e-05	-8.108200987e+00
6.948734976e-05	-8.108216337e+00
7.123989375e-05	-8.108235877e+00
7.303663875e-05	-8.108246230e+00
7.487869954e-05	-8.108254766e+00
7.676721905e-05	-8.108273924e+00
7.870336900e-05	-8.108293923e+00
8.068835068e-05	-8.108312792e+00
8.272339569e-05	-8.108333418e+00
8.480976668e-05	-8.108356662e+00
8.694875813e-05	-8.108363921e+00
8.914169720e-05	-8.108390259e+00
9.138994449e-05	-8.108414824e+00
9.369489495e-05	-8.108441839e+00
9.605797868e-05	-8.108471220e+00
9.848066186e-05	-8.108501405e+00
1.009644477e-04	-8.108516175e+00
1.035108771e-04	-8.108550060e+00
1.061215303e-04	-8.108584577e+00
1.087980268e-04	-8.108619380e+00
1.115420274e-04	-8.108657110e+00
1.143552345e-04	-8.108695146e+00
1.172393938e-04	-8.108723239e+00
1.201962945e-04	-8.108765872e+00
1.232277714e-04	-8.108811646e+00
1.263357053e-04	-8.108859115e+00
1.295220245e-04	-8.108907942e+00
1.327887061e-04	-8.108958444e+00
1.361377769e-04	-8.108994393e+00
1.395713147e-04	-8.109051337e+00
1.430914499e-04	-8.109110799e+00
1.467003667e-04	-8.109172361e+00
1.504003041e-04	-8.108318587e+00
1.541935579e-04	-8.108579366e+00
1.580824815e-04	-8.108616880e+00
1.620694878e-04	-8.108670994e+00
1.661570506e-04	-8.108726333e+00
1.703477061e-04	-8.108788981e+00
1.746440543e-04	-8.108852504e+00
1.790487609e-04	-8.108917566e+00
1.835645588e-04	-8.108970600e+00
1.881942499e-04	-8.109046118e+00
1.929407067e-04	-8.109123013e+00
1.978068741e-04	-8.109206809e+00
2.027957714e-04	-8.109291319e+00
2.079104939e-04	-8.109382108e+00
2.131542151e-04	-8.109456693e+00
2.185301884e-04	-8.109554266e+00
2.240417495e-04	-8.109658796e+00
2.296923179e-04	-8.109767080e+00
2.354853995e-04	-8.109879576e+00
2.414245888e-04	-8.109995079e+00
2.475135707e-04	-8.110107875e+00
2.537561231e-04	-8.110228404e+00
2.601561192e-04	-8.110362156e+00
2.667175300e-04	-8.110503283e+00
2.734444264e-04	-8.110648897e+00
2.803409823e-04	-8.110800770e+00
2.874114765e-04	-8.110954100e+00
2.946602960e-04	-8.111098041e+00
3.020919384e-04	-8.111271736e+00
3.097110146e-04	-8.111448562e+00
3.175222519e-04	-8.111632912e+00
3.255304968e-04	-8.111823135e+00
3.337407181e-04	-8.112021212e+00
3.421580098e-04	-8.112199369e+00
3.507875944e-04	-8.112409813e+00
3.596348262e-04	-8.112625759e+00
3.687051945e-04	-8.112847893e+00
3.780043270e-04	-8.113079588e+00
3.875379935e-04	-8.113317287e+00
3.973121090e-04	-8.113532488e+00
4.073327380e-04	-8.113781409e+00
4.176060977e-04	-8.114035922e+00
4.281385624e-04	-8.114296081e+00
4.389366670e-04	-8.114561032e+00
4.500071111e-04	-8.114830839e+00
4.613567634e-04	-8.115073003e+00
4.729926659e-04	-8.115351552e+00
4.849220380e-04	-8.115631374e+00
4.971522815e-04	-8.115912964e+00
5.096909846e-04	-8.116198486e+00
5.225459269e-04	-8.116484128e+00
5.357250844e-04	-8.116734369e+00
5.492366341e-04	-8.117017156e+00
5.630889593e-04	-8.117301014e+00
5.772906546e-04	-8.117579542e+00
5.918505317e-04	-8.117857799e+00
6.067776242e-04	-8.118127224e+00
6.220811936e-04	-8.118353434e+00
6.377707351e-04	-8.118608839e+00
6.538559834e-04	-8.118856783e+00
6.703469185e-04	-8.119094921e+00
6.872537724e-04	-8.119321699e+00
7.045870349e-04	-8.119534140e+00
7.223574604e-04	-8.119692185e+00
7.405760748e-04	-8.119874777e+00
7.592541818e-04	-8.120046690e+00
7.784033703e-04	-8.120200212e+00
7.980355214e-04	-8.120335062e+00
8.181628160e-04	-8.120452263e+00
8.387977422e-04	-8.120502555e+00
8.599531028e-04	-8.120574616e+00
8.816420239e-04	-8.120635115e+00
9.038779624e-04	-8.120673694e+00
9.266747146e-04	-8.120692105e+00
9.500464249e-04	-8.120690456e+00
9.740075943e-04	-8.120645644e+00
9.985730895e-04	-8.120577413e+00
1.023758152e-03	-8.120519219e+00
1.049578409e-03	-8.120450168e+00
1.076049880e-03	-8.120363469e+00
1.103188989e-03	-8.120262527e+00
1.131012574e-03	-8.120144140e+00
1.159537900e-03	-8.119948891e+00
1.188782665e-03	-8.119809548e+00
1.218765013e-03	-8.119663931e+00
1.249503548e-03	-8.119507556e+00
1.281017340e-03	-8.119342264e+00
1.313325944e-03	-8.119172586e+00
1.346449405e-03	-8.118908286e+00
1.380408274e-03	-8.118721521e+00
1.415223622e-03	-8.118525312e+00
1.450917049e-03	-8.118318013e+00
1.487510702e-03	-8.118103836e+00
1.525027285e-03	-8.117882694e+00
1.563490076e-03	-8.117716223e+00
1.602922939e-03	-8.117653180e+00
1.643350340e-03	-8.117576527e+00
1.684797363e-03	-8.117489134e+00
1.727289723e-03	-8.117391124e+00
1.770853786e-03	-8.117280920e+00
1.815516579e-03	-8.117045475e+00
1.861305816e-03	-8.116912519e+00
1.908249905e-03	-8.116767865e+00
1.956377973e-03	-8.116613331e+00
2.005719882e-03	-8.116449713e+00
2.056306245e-03	-8.116279529e+00
2.108168450e-03	-8.115969555e+00
2.161338674e-03	-8.115779568e+00
2.215849907e-03	-8.115580946e+00
2.271735971e-03	-8.115373020e+00
2.329031539e-03	-8.115155626e+00
2.387772163e-03	-8.114927736e+00
2.447994286e-03	-8.114544153e+00
2.509735275e-03	-8.114294376e+00
2.573033437e-03	-8.114039136e+00
2.637928044e-03	-8.113773308e+00
2.704459362e-03	-8.113499086e+00
2.772668670e-03	-8.113214292e+00
2.842598288e-03	-8.112752414e+00
2.914291604e-03	-8.112435107e+00
2.987793102e-03	-8.112114852e+00
3.063148384e-03	-8.111781852e+00
3.140404206e-03	-8.111438352e+00
3.219608500e-03	-8.111085003e+00
3.300810411e-03	-8.110576241e+00
3.384060319e-03	-8.110148792e+00
3.469409877e-03	-8.109761902e+00
3.556912040e-03	-8.109369022e+00
3.646621100e-03	-8.108956393e+00
3.738592717e-03	-8.108535901e+00
3.832883955e-03	-8.108039205e+00
3.929553317e-03	-8.107435235e+00
4.028660782e-03	-8.106974500e+00
4.130267841e-03	-8.106506560e+00
4.234437537e-03	-8.106021862e+00
4.341234502e-03	-8.105526757e+00
4.450724999e-03	-8.105020344e+00
4.562976961e-03	-8.104236971e+00
4.678060036e-03	-8.103697249e+00
4.796045627e-03	-8.103075748e+00
4.917006939e-03	-8.102553479e+00
5.041019022e-03	-8.102029328e+00
5.168158820e-03	-8.101546384e+00
5.298505217e-03	-8.100568341e+00
5.432139088e-03	-8.100369576e+00
5.569143345e-03	-8.099093494e+00
5.709602993e-03	-8.098331622e+00
5.853605182e-03	-8.097536321e+00
6.001239257e-03	-8.096678565e+00
6.152596819e-03	-8.095628985e+00
6.307771777e-03	-8.094851330e+00
6.466860411e-03	-8.093972723e+00
6.629961427e-03	-8.093071261e+00
6.797176023e-03	-8.092185026e+00
6.968607946e-03	-8.091258737e+00
7.144363563e-03	-8.090196837e+00
7.324551921e-03	-8.089301524e+00
7.509284819e-03	-8.088379436e+00
7.698676875e-03	-8.087435265e+00
7.892845597e-03	-8.086421880e+00
8.091911459e-03	-8.085422569e+00
8.295997971e-03	-8.084042390e+00
8.505231759e-03	-8.083007287e+00
8.719742643e-03	-8.081870360e+00
8.939663717e-03	-8.080827417e+00
9.165131432e-03	-8.079843675e+00
9.396285680e-03	-8.078646487e+00
9.633269881e-03	-8.077167916e+00
9.876231072e-03	-8.076053918e+00
1.012532000e-02	-8.074825002e+00
1.038069121e-02	-8.073707167e+00
1.064250316e-02	-8.072417729e+00
1.091091827e-02	-8.071092071e+00
1.118610310e-02	-8.069316973e+00
1.146822837e-02	-8.068016985e+00
1.175746915e-02	-8.066767852e+00
1.205400488e-02	-8.065443248e+00
1.235801955e-02	-8.064088687e+00
1.266970179e-02	-8.062719417e+00
1.298924499e-02	-8.060753565e+00
1.331684740e-02	-8.059194605e+00
1.365271229e-02	-8.057543779e+00
1.399704804e-02	-8.055999880e+00
1.435006830e-02	-8.054461272e+00
1.471199211e-02	-8.052798956e+00
1.508304401e-02	-8.051016136e+00
1.546345423e-02	-8.048868668e+00
1.585345880e-02	-8.047179103e+00
1.625329970e-02	-8.045332217e+00
1.666322500e-02	-8.043401372e+00
1.708348905e-02	-8.041545479e+00
1.751435259e-02	-8.039675458e+00
1.795608298e-02	-8.037110323e+00
1.840895426e-02	-8.035076481e+00
1.887324744e-02	-8.032933801e+00
1.934925057e-02	-8.030786892e+00
1.983725901e-02	-8.028574225e+00
2.033757553e-02	-8.026317291e+00
2.085051056e-02	-8.023382512e+00
2.137638235e-02	-8.020907428e+00
2.191551718e-02	-8.018381124e+00
2.246824956e-02	-8.015722447e+00
2.303492243e-02	-8.012934913e+00
2.361588738e-02	-8.010150481e+00
2.421150488e-02	-8.006742941e+00
2.482214448e-02	-8.003754006e+00
2.544818506e-02	-8.000399526e+00
2.609001503e-02	-7.997015385e+00
2.674803263e-02	-7.993593696e+00
2.742264613e-02	-7.989873132e+00
2.811427409e-02	-7.985927042e+00
2.882334563e-02	-7.982142527e+00
2.955030070e-02	-7.977809708e+00
3.029559034e-02	-7.973554966e+00
3.105967697e-02	-7.968697192e+00
3.184303467e-02	-7.964090471e+00
3.264614947e-02	-7.959323685e+00
3.346951968e-02	-7.954139993e+00
3.431365614e-02	-7.948691671e+00
3.517908261e-02	-7.942939395e+00
3.606633605e-02	-7.937154793e+00
3.697596695e-02	-7.931125459e+00
3.790853970e-02	-7.924953469e+00
3.886463292e-02	-7.918746677e+00
3.984483981e-02	-7.912096680e+00
4.084976855e-02	-7.905590079e+00
4.188004264e-02	-7.898954960e+00
4.293630134e-02	-7.892331064e+00
4.401919999e-02	-7.885977888e+00
4.512941047e-02	-7.879424310e+00
4.626762164e-02	-7.873240615e+00
4.743453969e-02	-7.867071457e+00
4.863088863e-02	-7.861389203e+00
4.985741076e-02	-7.856092062e+00
5.111486706e-02	-7.849049052e+00
5.240403773e-02	-7.844254177e+00
5.372572264e-02	-7.839561889e+00
5.508074183e-02	-7.833782704e+00
5.646993603e-02	-7.829543605e+00
5.789416717e-02	-7.824258618e+00
5.935431892e-02	-7.819994769e+00
6.085129723e-02	-7.814866898e+00
6.238603090e-02	-7.809441739e+00
6.395947217e-02	-7.803321259e+00
6.557259728e-02	-7.796272684e+00
6.722640710e-02	-7.788228164e+00
6.892192775e-02	-7.778606092e+00
7.066021121e-02	-7.764394879e+00
7.244233600e-02	-7.749720165e+00
7.426940785e-02	-7.731703210e+00
7.614256038e-02	-7.710644497e+00
7.806295578e-02	-7.686174859e+00
8.003178557e-02	-7.658564934e+00
8.205027132e-02	-7.628616816e+00
8.411966540e-02	-7.596280853e+00
8.624125178e-02	-7.563099767e+00
8.841634679e-02	-7.517450392e+00
9.064629999e-02	-7.481628080e+00
9.293249494e-02	-7.450000140e+00
9.527635014e-02	-7.423076928e+00
9.767931983e-02	-7.401791081e+00
1.001428949e-01	-7.386631095e+00
1.026686040e-01	-7.377531063e+00
1.052580141e-01	-7.349382574e+00
1.079127319e-01	-7.356416444e+00
1.106344044e-01	-7.367168526e+00
1.134247203e-01	-7.378299184e+00
1.162854110e-01	-7.386719862e+00
1.192182513e-01	-7.394886064e+00
1.222250609e-01	-7.400131727e+00
1.253077054e-01	-7.396009348e+00
1.284680974e-01	-7.383564607e+00
1.317081979e-01	-7.376856253e+00
1.350300170e-01	-7.342623003e+00
1.384356160e-01	-7.301343027e+00
1.419271077e-01	-7.256946166e+00
1.455066586e-01	-7.191407845e+00
1.491764894e-01	-7.133647543e+00
1.529388773e-01	-7.085003220e+00
1.567961565e-01	-7.044994586e+00
1.607507204e-01	-6.993478754e+00
1.648050225e-01	-6.953120107e+00
1.689615784e-01	-6.949409729e+00
1.732229670e-01	-6.948812010e+00
1.775918323e-01	-6.948557579e+00
1.820708849e-01	-6.956574764e+00
1.866629040e-01	-6.948155147e+00
1.913707386e-01	-6.929550234e+00
1.961973098e-01	-6.914470401e+00
2.011456122e-01	-6.898588891e+00
2.062187159e-01	-6.862570123e+00
2.114197687e-01	-6.823105932e+00
2.167519975e-01	-6.777953810e+00
2.222187106e-01	-6.704920162e+00
2.278233001e-01	-6.706180302e+00
2.335692432e-01	-6.717854305e+00
2.394601050e-01	-6.726148255e+00
2.454995405e-01	-6.727712843e+00
2.516912969e-01	-6.723675191e+00
2.580392160e-01	-6.709250871e+00
2.645472362e-01	-6.694783767e+00
2.712193956e-01	-6.663987837e+00
2.780598338e-01	-6.655565071e+00
2.850727951e-01	-6.657516223e+00
2.922626306e-01	-6.659577358e+00
2.996338013e-01	-6.648823057e+00
3.071908807e-01	-6.670686751e+00
3.149385576e-01	-6.685567420e+00
3.228816390e-01	-6.697763822e+00
3.310250533e-01	-6.714299369e+00
3.393738531e-01	-6.714352053e+00
3.479332183e-01	-6.728624195e+00
3.567084598e-01	-6.751648004e+00
3.657050221e-01	-6.778475967e+00
3.749284871e-01	-6.808415961e+00
3.843845776e-01	-6.847239337e+00
3.940791607e-01	-6.876533064e+00
4.040182513e-01	-6.907766853e+00
4.142080162e-01	-6.944297763e+00
4.246547777e-01	-6.988993447e+00
4.353650176e-01	-7.039328884e+00
4.463453809e-01	-7.089043333e+00
4.576026805e-01	-7.137493647e+00
4.691439011e-01	-7.191034920e+00
4.809762034e-01	-7.248453352e+00
4.931069287e-01	-7.308115279e+00
5.055436038e-01	-7.367752223e+00
5.182939448e-01	-7.431420943e+00
5.313658628e-01	-7.497440536e+00
5.447674684e-01	-7.564390636e+00
5.585070765e-01	-7.636408468e+00
5.725932120e-01	-7.707089982e+00
5.870346146e-01	-7.778985257e+00
6.018402446e-01	-7.854421049e+00
6.170192881e-01	-7.928705958e+00
6.325811631e-01	-8.003443729e+00
6.485355249e-01	-8.080988144e+00
6.648922724e-01	-8.157222468e+00
6.816615544e-01	-8.234638190e+00
6.988537752e-01	-8.312413265e+00
7.164796020e-01	-8.388255717e+00
7.345499706e-01	-8.464726580e+00
7.530760929e-01	-8.540553543e+00
7.720694635e-01	-8.615575733e+00
7.915418668e-01	-8.689284024e+00
8.115053846e-01	-8.761130814e+00
8.319724034e-01	-8.830782507e+00
8.529556218e-01	-8.899501769e+00
8.744680591e-01	-8.966220329e+00
8.965230626e-01	-9.030648137e+00
9.191343166e-01	-9.093417117e+00
9.423158501e-01	-9.152501603e+00
9.660820462e-01	-9.208699978e+00
9.904476508e-01	-9.261947245e+00
1.015427782e+00	-9.311968485e+00
1.041037937e+00	-9.358591065e+00
1.067294008e+00	-9.401707853e+00
1.094212285e+00	-9.441139773e+00
1.121809469e+00	-9.477047355e+00
1.150102683e+00	-9.509088818e+00
1.179109481e+00	-9.536479363e+00
1.208847862e+00	-9.559695856e+00
1.239336275e+00	-9.578644438e+00
1.270593639e+00	-9.593262171e+00
1.302639346e+00	-9.603461061e+00
1.335493279e+00	-9.610012120e+00
1.369175823e+00	-9.611096491e+00
1.403707877e+00	-9.607682992e+00
1.439110865e+00	-9.599754812e+00
1.475406753e+00	-9.587325300e+00
1.512618062e+00	-9.570422543e+00
1.550767880e+00	-9.550102746e+00
1.589879876e+00	-9.524390794e+00
1.629978317e+00	-9.494434093e+00
1.671088083e+00	-9.460340272e+00
1.713234681e+00	-9.422217513e+00
1.756444261e+00	-9.380207148e+00
1.800743631e+00	-9.335648921e+00
1.846160278e+00	-9.286396646e+00
1.892722381e+00	-9.233774374e+00
1.940458828e+00	-9.177966839e+00
1.989399239e+00	-9.119170790e+00
2.039573979e+00	-9.057588130e+00
2.091014179e+00	-8.994847174e+00
2.143751754e+00	-8.928516711e+00
2.197819426e+00	-8.860066440e+00
2.253250742e+00	-8.789708261e+00
2.310080094e+00	-8.717653131e+00
2.368342742e+00	-8.644108803e+00
2.428074835e+00	-8.570925523e+00
2.489313435e+00	-8.495298699e+00
2.552096536e+00	-8.418800867e+00
2.616463093e+00	-8.341614593e+00
2.682453042e+00	-8.263915271e+00
2.750107327e+00	-8.185870677e+00
2.819467925e+00	-8.108808074e+00
2.890577869e+00	-8.031594495e+00
2.963481281e+00	-7.953811616e+00
3.038223394e+00	-7.876295143e+00
3.114850581e+00	-7.799175472e+00
3.193410386e+00	-7.722576790e+00
3.273951553e+00	-7.646976446e+00
3.356524052e+00	-7.573857820e+00
3.441179116e+00	-7.499892394e+00
3.527969271e+00	-7.426894253e+00
3.616948364e+00	-7.354958830e+00
3.708171603e+00	-7.284176635e+00
3.801695588e+00	-7.214633337e+00
3.897578347e+00	-7.149053123e+00
3.995879369e+00	-7.082601771e+00
4.096659647e+00	-7.017617087e+00
4.199981709e+00	-6.954164510e+00
4.305909662e+00	-6.892304907e+00
4.414509229e+00	-6.832094633e+00
4.525847792e+00	-6.776393028e+00
4.639994430e+00	-6.719982712e+00
4.757019966e+00	-6.665358112e+00
4.876997009e+00	-6.612557144e+00
5.000000000e+00	-6.561613673e+00
#################################
