# Matter power spectrum P(k) at redshift z=0
# for k=1.06029e-05 to 30.339 h/Mpc,
# number of wavenumbers equal to 1160
#    1:k (h/Mpc)              2:P (Mpc/h)^3        
       1.060292346386e-05       4.397453896411e+01 
       1.072569953113e-05       4.446683622519e+01 
       1.084989727825e-05       4.496468432551e+01 
       1.097553316751e-05       4.546801829476e+01 
       1.110262385180e-05       4.597704900324e+01 
       1.123118617686e-05       4.649176980924e+01 
       1.136123718348e-05       4.701225850622e+01 
       1.149279410978e-05       4.753853479552e+01 
       1.162587439349e-05       4.807075407099e+01 
       1.176049567426e-05       4.860891645030e+01 
       1.189667579600e-05       4.915314139323e+01 
       1.203443280922e-05       4.970338516778e+01 
       1.217378497348e-05       5.025977389166e+01 
       1.231475075975e-05       5.082247282528e+01 
       1.245734885290e-05       5.139144314527e+01 
       1.260159815414e-05       5.196677705456e+01 
       1.274751778356e-05       5.254854005397e+01 
       1.289512708267e-05       5.313682492011e+01 
       1.304444561690e-05       5.373166209889e+01 
       1.319549317826e-05       5.433328148736e+01 
       1.334828978796e-05       5.494148885123e+01 
       1.350285569900e-05       5.555658057518e+01 
       1.365921139895e-05       5.617854494639e+01 
       1.381737761257e-05       5.680745874671e+01 
       1.397737530463e-05       5.744344043334e+01 
       1.413922568264e-05       5.808655960173e+01 
       1.430295019970e-05       5.873685224317e+01 
       1.446857055732e-05       5.939437211108e+01 
       1.463610870830e-05       6.005929979208e+01 
       1.480558685963e-05       6.073162216071e+01 
       1.497702747546e-05       6.141153563284e+01 
       1.515045328006e-05       6.209904852962e+01 
       1.532588726083e-05       6.279423594410e+01 
       1.550335267136e-05       6.349721807589e+01 
       1.568287303449e-05       6.420809106193e+01 
       1.586447214546e-05       6.492688490477e+01 
       1.604817407503e-05       6.565370115565e+01 
       1.623400317268e-05       6.638873900902e+01 
       1.642198406988e-05       6.713192909105e+01 
       1.661214168327e-05       6.788353465840e+01 
       1.680450121805e-05       6.864344908373e+01 
       1.699908817127e-05       6.941195231385e+01 
       1.719592833521e-05       7.018897392210e+01 
       1.739504780082e-05       7.097472939978e+01 
       1.759647296118e-05       7.176931994566e+01 
       1.780023051497e-05       7.257272988169e+01 
       1.800634747003e-05       7.338522535741e+01 
       1.821485114695e-05       7.420673640021e+01 
       1.842576918266e-05       7.503753966270e+01 
       1.863912953411e-05       7.587756703199e+01 
       1.885496048199e-05       7.672700886999e+01 
       1.907329063447e-05       7.758595514677e+01 
       1.929414893095e-05       7.845450706140e+01 
       1.951756464598e-05       7.933281655891e+01 
       1.974356739307e-05       8.022095525946e+01 
       1.997218712862e-05       8.111902411987e+01 
       2.020345415595e-05       8.202714182434e+01 
       2.043739912924e-05       8.294540442815e+01 
       2.067405305765e-05       8.387402600004e+01 
       2.091344730940e-05       8.481295849665e+01 
       2.115561361593e-05       8.576245831592e+01 
       2.140058407614e-05       8.672256278118e+01 
       2.164839116058e-05       8.769343839946e+01 
       2.189906771583e-05       8.867512544143e+01 
       2.215264696878e-05       8.966781705124e+01 
       2.240916253109e-05       9.067164081472e+01 
       2.266864840362e-05       9.168673095301e+01 
       2.293113898094e-05       9.271310235842e+01 
       2.319666905590e-05       9.375105060025e+01 
       2.346527382421e-05       9.480054410572e+01 
       2.373698888916e-05       9.586184447425e+01 
       2.401185026627e-05       9.693500711608e+01 
       2.428989438812e-05       9.802018239646e+01 
       2.457115810917e-05       9.911748895698e+01 
       2.485567871060e-05       1.002270835733e+02 
       2.514349390533e-05       1.013491438227e+02 
       2.543464184294e-05       1.024836955385e+02 
       2.572916111478e-05       1.036309788771e+02 
       2.602709075905e-05       1.047911405353e+02 
       2.632847026602e-05       1.059642511628e+02 
       2.663333958319e-05       1.071504669279e+02 
       2.694173912069e-05       1.083500210021e+02 
       2.725370975652e-05       1.095629417898e+02 
       2.756929284205e-05       1.107894708539e+02 
       2.788853020750e-05       1.120297488764e+02 
       2.821146416741e-05       1.132839049373e+02 
       2.853813752634e-05       1.145520848591e+02 
       2.886859358449e-05       1.158344585899e+02 
       2.920287614345e-05       1.171311864809e+02 
       2.954102951201e-05       1.184424297679e+02 
       2.988309851204e-05       1.197683501618e+02 
       3.022912848440e-05       1.211091124270e+02 
       3.057916529500e-05       1.224648802981e+02 
       3.093325534084e-05       1.238358266475e+02 
       3.129144555617e-05       1.252221174764e+02 
       3.165378341871e-05       1.266238835700e+02 
       3.202031695596e-05       1.280413933955e+02 
       3.239109475154e-05       1.294747488416e+02 
       3.276616595165e-05       1.309241676877e+02 
       3.314558027155e-05       1.323897867068e+02 
       3.352938800223e-05       1.338718718244e+02 
       3.391764001696e-05       1.353704979314e+02 
       3.431038777814e-05       1.368858133414e+02 
       3.470768334406e-05       1.384182583694e+02 
       3.510957937581e-05       1.399677726635e+02 
       3.551612914427e-05       1.415345923286e+02 
       3.592738653719e-05       1.431189735705e+02 
       3.634340606627e-05       1.447211088864e+02 
       3.676424287447e-05       1.463411732291e+02 
       3.718995274323e-05       1.479793823215e+02 
       3.762059209995e-05       1.496358941001e+02 
       3.805621802540e-05       1.513109650647e+02 
       3.849688826133e-05       1.530047481223e+02 
       3.894266121810e-05       1.547175511288e+02 
       3.939359598244e-05       1.564494983356e+02 
       3.984975232525e-05       1.582008257514e+02 
       4.031119070957e-05       1.599717843364e+02 
       4.077797229855e-05       1.617625332245e+02 
       4.125015896359e-05       1.635733253902e+02 
       4.172781329252e-05       1.654044177170e+02 
       4.221099859791e-05       1.672559485078e+02 
       4.269977892544e-05       1.691281872631e+02 
       4.319421906241e-05       1.710214386456e+02 
       4.369438454634e-05       1.729358202083e+02 
       4.420034167361e-05       1.748716884454e+02 
       4.471215750829e-05       1.768291768838e+02 
       4.522989989102e-05       1.788085899422e+02 
       4.575363744799e-05       1.808101548999e+02 
       4.628343960004e-05       1.828341204730e+02 
       4.681937657188e-05       1.848807295707e+02 
       4.736151940137e-05       1.869502511575e+02 
       4.790993994896e-05       1.890429255723e+02 
       4.846471090719e-05       1.911590181594e+02 
       4.902590581036e-05       1.932988594346e+02 
       4.959359904424e-05       1.954625098492e+02 
       5.016786585596e-05       1.976504532314e+02 
       5.074878236395e-05       1.998628611104e+02 
       5.133642556808e-05       2.021001014634e+02 
       5.193087335981e-05       2.043623021152e+02 
       5.253220453256e-05       2.066498155537e+02 
       5.314049879212e-05       2.089628427885e+02 
       5.375583676723e-05       2.113018978171e+02 
       5.437830002028e-05       2.136670293736e+02 
       5.500797105809e-05       2.160586714089e+02 
       5.564493334289e-05       2.184770767815e+02 
       5.628927130333e-05       2.209225578551e+02 
       5.694107034571e-05       2.233954527101e+02 
       5.760041686529e-05       2.258959461579e+02 
       5.826739825773e-05       2.284244125856e+02 
       5.894210293070e-05       2.309810906092e+02 
       5.962462031557e-05       2.335665256346e+02 
       6.031504087927e-05       2.361808561504e+02 
       6.101345613632e-05       2.388243396219e+02 
       6.171995866089e-05       2.414974484806e+02 
       6.243464209913e-05       2.442004982402e+02 
       6.315760118155e-05       2.469337269152e+02 
       6.388893173559e-05       2.496975375994e+02 
       6.462873069834e-05       2.524923658345e+02 
       6.537709612933e-05       2.553183183478e+02 
       6.613412722361e-05       2.581760066237e+02 
       6.689992432481e-05       2.610655868550e+02 
       6.767458893852e-05       2.639875356535e+02 
       6.845822374569e-05       2.669421275707e+02 
       6.925093261627e-05       2.699298110047e+02 
       7.005282062296e-05       2.729509149060e+02 
       7.086399405514e-05       2.760057698772e+02 
       7.168456043297e-05       2.790948446973e+02 
       7.251462852165e-05       2.822184142535e+02 
       7.335430834579e-05       2.853769426696e+02 
       7.420371120404e-05       2.885708623042e+02 
       7.506294968385e-05       2.918004247890e+02 
       7.593213767632e-05       2.950661345291e+02 
       7.681139039140e-05       2.983683847571e+02 
       7.770082437308e-05       3.017075461403e+02 
       7.860055751486e-05       3.050840791261e+02 
       7.951070907541e-05       3.084983439113e+02 
       8.043139969432e-05       3.119508155731e+02 
       8.136275140814e-05       3.154418499045e+02 
       8.230488766653e-05       3.189719386520e+02 
       8.325793334863e-05       3.225415527573e+02 
       8.422201477961e-05       3.261510341575e+02 
       8.519725974743e-05       3.298008702588e+02 
       8.618379751975e-05       3.334915562700e+02 
       8.718175886107e-05       3.372234333770e+02 
       8.819127605010e-05       3.409971010932e+02 
       8.921248289724e-05       3.448129280904e+02 
       9.024551476236e-05       3.486714299796e+02 
       9.129050857272e-05       3.525730804477e+02 
       9.234760284110e-05       3.565183313390e+02 
       9.341693768421e-05       3.605076497064e+02 
       9.449865484122e-05       3.645416396937e+02 
       9.559289769258e-05       3.686206642967e+02 
       9.669981127898e-05       3.727452804008e+02 
       9.781954232062e-05       3.769160017189e+02 
       9.895223923665e-05       3.811333610345e+02 
       1.000980521648e-04       3.853978531444e+02 
       1.012571329814e-04       3.897099766466e+02 
       1.024296353212e-04       3.940703419829e+02 
       1.036157145983e-04       3.984793632971e+02 
       1.048155280261e-04       4.029377136217e+02 
       1.060292346386e-04       4.074458713257e+02 
       1.072569953113e-04       4.120043476286e+02 
       1.084989727825e-04       4.166138029530e+02 
       1.097553316751e-04       4.212747754103e+02 
       1.110262385180e-04       4.259877814028e+02 
       1.123118617686e-04       4.307534715913e+02 
       1.136123718348e-04       4.355723726510e+02 
       1.149279410978e-04       4.404450951757e+02 
       1.162587439349e-04       4.453722627740e+02 
       1.176049567426e-04       4.503545055987e+02 
       1.189667579600e-04       4.553922937004e+02 
       1.203443280922e-04       4.604864472760e+02 
       1.217378497348e-04       4.656373927434e+02 
       1.231475075975e-04       4.708459514434e+02 
       1.245734885290e-04       4.761125656664e+02 
       1.260159815414e-04       4.814380713312e+02 
       1.274751778356e-04       4.868229683429e+02 
       1.289512708267e-04       4.922680561106e+02 
       1.304444561690e-04       4.977738559526e+02 
       1.319549317826e-04       5.033412267553e+02 
       1.334828978796e-04       5.089706221539e+02 
       1.350285569900e-04       5.146628568157e+02 
       1.365921139895e-04       5.204186595256e+02 
       1.381737761257e-04       5.262387008849e+02 
       1.397737530463e-04       5.321236238222e+02 
       1.413922568264e-04       5.380743522853e+02 
       1.430295019970e-04       5.440913455986e+02 
       1.446857055732e-04       5.501754811504e+02 
       1.463610870830e-04       5.563275004301e+02 
       1.480558685963e-04       5.625480982658e+02 
       1.497702747546e-04       5.687846936601e+02 
       1.515045328006e-04       5.751436296492e+02 
       1.532588726083e-04       5.815734714175e+02 
       1.550335267136e-04       5.880749268957e+02 
       1.568287303450e-04       5.946489492287e+02 
       1.586447214546e-04       6.012962040504e+02 
       1.604817407503e-04       6.080175925549e+02 
       1.623400317268e-04       6.148138473287e+02 
       1.642198406988e-04       6.216858247760e+02 
       1.661214168327e-04       6.286343645327e+02 
       1.680450121805e-04       6.356603301330e+02 
       1.699908817127e-04       6.427645623856e+02 
       1.719592833521e-04       6.499480315807e+02 
       1.739504780082e-04       6.572113085698e+02 
       1.759647296118e-04       6.645556408212e+02 
       1.780023051497e-04       6.719815881415e+02 
       1.800634747003e-04       6.794902416136e+02 
       1.821485114695e-04       6.870825066592e+02 
       1.842576918266e-04       6.947592082943e+02 
       1.863912953411e-04       7.025214768447e+02 
       1.885496048199e-04       7.103700359869e+02 
       1.907329063447e-04       7.183058232579e+02 
       1.929414893095e-04       7.263300047273e+02 
       1.951756464598e-04       7.344434228408e+02 
       1.974356739307e-04       7.426469695982e+02 
       1.997218712862e-04       7.509417829581e+02 
       2.020345415595e-04       7.593288840659e+02 
       2.043739912924e-04       7.678091398175e+02 
       2.067405305765e-04       7.763838027936e+02 
       2.091344730940e-04       7.850535446594e+02 
       2.115561361593e-04       7.938197453604e+02 
       2.140058407614e-04       8.026832767851e+02 
       2.164839116058e-04       8.116451638207e+02 
       2.189906771583e-04       8.207067787252e+02 
       2.215264696878e-04       8.298688913011e+02 
       2.240916253109e-04       8.391325934676e+02 
       2.266864840362e-04       8.484991117342e+02 
       2.293113898094e-04       8.579697091015e+02 
       2.319666905590e-04       8.675452966398e+02 
       2.346527382421e-04       8.772271379353e+02 
       2.373698888916e-04       8.870163570387e+02 
       2.401185026627e-04       8.969140720276e+02 
       2.428989438812e-04       9.069215398583e+02 
       2.457115810917e-04       9.170399649964e+02 
       2.485567871060e-04       9.272704289830e+02 
       2.514349390533e-04       9.376142634447e+02 
       2.543464184294e-04       9.480726249188e+02 
       2.572916111478e-04       9.586467635286e+02 
       2.602709075905e-04       9.693380335397e+02 
       2.632847026602e-04       9.801476010618e+02 
       2.663333958319e-04       9.910768126869e+02 
       2.694173912069e-04       1.002126897072e+03 
       2.725370975652e-04       1.013299170580e+03 
       2.756929284206e-04       1.024594911347e+03 
       2.788853020750e-04       1.036015610747e+03 
       2.821146416741e-04       1.047562420469e+03 
       2.853813752634e-04       1.059236843577e+03 
       2.886859358449e-04       1.071040249233e+03 
       2.920287614345e-04       1.082973876800e+03 
       2.954102951201e-04       1.095039230689e+03 
       2.988309851204e-04       1.107237804316e+03 
       3.022912848440e-04       1.119570828488e+03 
       3.057916529500e-04       1.132039891507e+03 
       3.093325534084e-04       1.144646406196e+03 
       3.129144555617e-04       1.157391897365e+03 
       3.165378341871e-04       1.170277749830e+03 
       3.202031695596e-04       1.183305487808e+03 
       3.239109475154e-04       1.196476687666e+03 
       3.276616595165e-04       1.209792834713e+03 
       3.314558027156e-04       1.223255435188e+03 
       3.352938800223e-04       1.236866150981e+03 
       3.391764001696e-04       1.250626404159e+03 
       3.431038777814e-04       1.264537895854e+03 
       3.470768334406e-04       1.278602200377e+03 
       3.510957937581e-04       1.292820887977e+03 
       3.551612914427e-04       1.307195675815e+03 
       3.592738653719e-04       1.321728157505e+03 
       3.634340606627e-04       1.336420030491e+03 
       3.676424287447e-04       1.351272936369e+03 
       3.718995274323e-04       1.366288582493e+03 
       3.762059209995e-04       1.381468704208e+03 
       3.805621802540e-04       1.396815020971e+03 
       3.849688826133e-04       1.412329179906e+03 
       3.894266121810e-04       1.428013063791e+03 
       3.939359598244e-04       1.443868402431e+03 
       3.984975232525e-04       1.459896998232e+03 
       4.031119070957e-04       1.476100656318e+03 
       4.077797229855e-04       1.492481143164e+03 
       4.125015896359e-04       1.509040349504e+03 
       4.172781329252e-04       1.525780196193e+03 
       4.221099859791e-04       1.542702429710e+03 
       4.269977892544e-04       1.559808942962e+03 
       4.319421906241e-04       1.577101778703e+03 
       4.369438454634e-04       1.594582718117e+03 
       4.420034167361e-04       1.612253798876e+03 
       4.471215750829e-04       1.630116874479e+03 
       4.522989989102e-04       1.648174066783e+03 
       4.575363744799e-04       1.666427229657e+03 
       4.628343960004e-04       1.684878430759e+03 
       4.681937657188e-04       1.703529622741e+03 
       4.736151940137e-04       1.722382950089e+03 
       4.790993994896e-04       1.741440493502e+03 
       4.846471090719e-04       1.760704257125e+03 
       4.902590581036e-04       1.780176259871e+03 
       4.959359904424e-04       1.799858772152e+03 
       5.016786585596e-04       1.819753892856e+03 
       5.074878236395e-04       1.839863621685e+03 
       5.133642556808e-04       1.860190397900e+03 
       5.193087335981e-04       1.880736033204e+03 
       5.253220453256e-04       1.901503177479e+03 
       5.314049879212e-04       1.922493533348e+03 
       5.375583676723e-04       1.943709799250e+03 
       5.437830002028e-04       1.965153999227e+03 
       5.500797105809e-04       1.986828445735e+03 
       5.564493334289e-04       2.008735445265e+03 
       5.628927130333e-04       2.030877370062e+03 
       5.694107034571e-04       2.053256405490e+03 
       5.760041686529e-04       2.075874832362e+03 
       5.826739825773e-04       2.098735418167e+03 
       5.894210293070e-04       2.121840134604e+03 
       5.962462031557e-04       2.145191458503e+03 
       6.031504087928e-04       2.168792036770e+03 
       6.101345613632e-04       2.192643920100e+03 
       6.171995866089e-04       2.216749897202e+03 
       6.243464209913e-04       2.241112398766e+03 
       6.315760118155e-04       2.265733764251e+03 
       6.388893173559e-04       2.290616684074e+03 
       6.462873069834e-04       2.315763335545e+03 
       6.537709612934e-04       2.341176635078e+03 
       6.613412722361e-04       2.366859039531e+03 
       6.689992432481e-04       2.392813172706e+03 
       6.767458893852e-04       2.419041494746e+03 
       6.845822374570e-04       2.445546744370e+03 
       6.925093261627e-04       2.472331435541e+03 
       7.005282062296e-04       2.499398325213e+03 
       7.086399405514e-04       2.526750195188e+03 
       7.168456043297e-04       2.554389536313e+03 
       7.251462852165e-04       2.582319014365e+03 
       7.335430834579e-04       2.610541389066e+03 
       7.420371120404e-04       2.639059559143e+03 
       7.506294968385e-04       2.667876261442e+03 
       7.593213767632e-04       2.696994089986e+03 
       7.681139039140e-04       2.726415884803e+03 
       7.770082437308e-04       2.756144670029e+03 
       7.860055751486e-04       2.786182978927e+03 
       7.951070907541e-04       2.816533611679e+03 
       8.043139969432e-04       2.847200091749e+03 
       8.136275140814e-04       2.878184433238e+03 
       8.230488766653e-04       2.909490049465e+03 
       8.325793334863e-04       2.941119452589e+03 
       8.422201477962e-04       2.973075997947e+03 
       8.519725974743e-04       3.005362519958e+03 
       8.618379751975e-04       3.037981577012e+03 
       8.718175886107e-04       3.070936508674e+03 
       8.819127605010e-04       3.104230329128e+03 
       8.921248289724e-04       3.137865783581e+03 
       9.024551476237e-04       3.171846105511e+03 
       9.129050857272e-04       3.206173969724e+03 
       9.234760284110e-04       3.240852608355e+03 
       9.341693768421e-04       3.275885238398e+03 
       9.449865484122e-04       3.311275062523e+03 
       9.559289769258e-04       3.347024242964e+03 
       9.669981127898e-04       3.383136756796e+03 
       9.781954232063e-04       3.419615561286e+03 
       9.895223923665e-04       3.456463460459e+03 
       1.000980521648e-03       3.493683783095e+03 
       1.012571329814e-03       3.531279145821e+03 
       1.024296353212e-03       3.569253527276e+03 
       1.036157145983e-03       3.607609420017e+03 
       1.048155280261e-03       3.646350177908e+03 
       1.060292346386e-03       3.685478824936e+03 
       1.072569953113e-03       3.724998493435e+03 
       1.084989727825e-03       3.764913341354e+03 
       1.097553316751e-03       3.805225648041e+03 
       1.110262385180e-03       3.845937576529e+03 
       1.123118617686e-03       3.887053993713e+03 
       1.136123718348e-03       3.928577121822e+03 
       1.149279410978e-03       3.970510316431e+03 
       1.162587439349e-03       4.012856024623e+03 
       1.176049567426e-03       4.055618904104e+03 
       1.189667579600e-03       4.098801815556e+03 
       1.203443280922e-03       4.142406897183e+03 
       1.217378497348e-03       4.186437787233e+03 
       1.231475075975e-03       4.230898313906e+03 
       1.245734885290e-03       4.275790157415e+03 
       1.260159815414e-03       4.321118136200e+03 
       1.274751778356e-03       4.366886212423e+03 
       1.289512708267e-03       4.413093393700e+03 
       1.304444561690e-03       4.459747809627e+03 
       1.319549317826e-03       4.506849600663e+03 
       1.334828978796e-03       4.554401446488e+03 
       1.350285569900e-03       4.602409312150e+03 
       1.365921139895e-03       4.650874040488e+03 
       1.381737761257e-03       4.699798309692e+03 
       1.397737530463e-03       4.749187542247e+03 
       1.413922568264e-03       4.799043094482e+03 
       1.430295019970e-03       4.849367256147e+03 
       1.446857055732e-03       4.900166228060e+03 
       1.463610870830e-03       4.951438545539e+03 
       1.480558685963e-03       5.003192266352e+03 
       1.497702747546e-03       5.055425809351e+03 
       1.515045328006e-03       5.108145467646e+03 
       1.532588726083e-03       5.161351623775e+03 
       1.550335267136e-03       5.215044484483e+03 
       1.568287303450e-03       5.269231016453e+03 
       1.586447214546e-03       5.323913569183e+03 
       1.604817407503e-03       5.379094520236e+03 
       1.623400317268e-03       5.434778927289e+03 
       1.642198406988e-03       5.490967599501e+03 
       1.661214168327e-03       5.547664396730e+03 
       1.680450121805e-03       5.604871366868e+03 
       1.699908817127e-03       5.662590840869e+03 
       1.719592833521e-03       5.720826418542e+03 
       1.739504780082e-03       5.779580845187e+03 
       1.759647296118e-03       5.838855448847e+03 
       1.780023051497e-03       5.898653465171e+03 
       1.800634747003e-03       5.958977686786e+03 
       1.821485114695e-03       6.019829683495e+03 
       1.842576918266e-03       6.081213691443e+03 
       1.863912953411e-03       6.143130664857e+03 
       1.885496048199e-03       6.205582336284e+03 
       1.907329063447e-03       6.268572238786e+03 
       1.929414893096e-03       6.332101915930e+03 
       1.951756464598e-03       6.396173746646e+03 
       1.974356739307e-03       6.460789438572e+03 
       1.997218712862e-03       6.525951625735e+03 
       2.020345415595e-03       6.591661563823e+03 
       2.043739912924e-03       6.657922457879e+03 
       2.067405305765e-03       6.724734338486e+03 
       2.091344730940e-03       6.792100192828e+03 
       2.115561361593e-03       6.860021549377e+03 
       2.140058407614e-03       6.928499876711e+03 
       2.164839116058e-03       6.997536980728e+03 
       2.189906771583e-03       7.067133816918e+03 
       2.215264696878e-03       7.137292114058e+03 
       2.240916253109e-03       7.208013220857e+03 
       2.266864840362e-03       7.279298442443e+03 
       2.293113898094e-03       7.351149182252e+03 
       2.319666905590e-03       7.423565562424e+03 
       2.346527382421e-03       7.496549738457e+03 
       2.373698888916e-03       7.570102059471e+03 
       2.401185026627e-03       7.644222682498e+03 
       2.428989438812e-03       7.718913724497e+03 
       2.457115810917e-03       7.794174083371e+03 
       2.485567871060e-03       7.870005987658e+03 
       2.514349390533e-03       7.946408891545e+03 
       2.543464184294e-03       8.023382958711e+03 
       2.572916111478e-03       8.100928693621e+03 
       2.602709075905e-03       8.179045717958e+03 
       2.632847026602e-03       8.257734807527e+03 
       2.663333958320e-03       8.336995066745e+03 
       2.694173912069e-03       8.416825808052e+03 
       2.725370975652e-03       8.497227833080e+03 
       2.756929284206e-03       8.578199791243e+03 
       2.788853020750e-03       8.659741023406e+03 
       2.821146416741e-03       8.741850654476e+03 
       2.853813752634e-03       8.824527930981e+03 
       2.886859358449e-03       8.907771682474e+03 
       2.920287614345e-03       8.991580459720e+03 
       2.954102951201e-03       9.075953018506e+03 
       2.988309851204e-03       9.160888339013e+03 
       3.022912848440e-03       9.246383597466e+03 
       3.057916529500e-03       9.332437858919e+03 
       3.093325534084e-03       9.419048704133e+03 
       3.129144555617e-03       9.506214130804e+03 
       3.165378341871e-03       9.593931781694e+03 
       3.202031695596e-03       9.682198856645e+03 
       3.239109475154e-03       9.771012647101e+03 
       3.276616595165e-03       9.860370505657e+03 
       3.314558027156e-03       9.950269280840e+03 
       3.352938800223e-03       1.004070637071e+04 
       3.391764001696e-03       1.013167632370e+04 
       3.431038777814e-03       1.022317753015e+04 
       3.470768334406e-03       1.031520549474e+04 
       3.510957937581e-03       1.040775571228e+04 
       3.551612914427e-03       1.050082468585e+04 
       3.592738653719e-03       1.059440762123e+04 
       3.634340606627e-03       1.068849996737e+04 
       3.676424287447e-03       1.078309703547e+04 
       3.718995274323e-03       1.087819256901e+04 
       3.762059209995e-03       1.097378285618e+04 
       3.805621802540e-03       1.106986138864e+04 
       3.849688826133e-03       1.116642275276e+04 
       3.894266121810e-03       1.126346173216e+04 
       3.939359598244e-03       1.136096946288e+04 
       3.984975232525e-03       1.145894239326e+04 
       4.031119070957e-03       1.155737139024e+04 
       4.077797229855e-03       1.165625159614e+04 
       4.125015896359e-03       1.175557452264e+04 
       4.172781329252e-03       1.185533381633e+04 
       4.221099859791e-03       1.195552068958e+04 
       4.269977892544e-03       1.205612682581e+04 
       4.319421906242e-03       1.215714564548e+04 
       4.369438454634e-03       1.225856687987e+04 
       4.420034167361e-03       1.236038281531e+04 
       4.471215750829e-03       1.246258393861e+04 
       4.522989989102e-03       1.256516085842e+04 
       4.575363744799e-03       1.266810403256e+04 
       4.628343960004e-03       1.277140327886e+04 
       4.681937657188e-03       1.287504881933e+04 
       4.736151940137e-03       1.297903022296e+04 
       4.790993994896e-03       1.308333604798e+04 
       4.846471090719e-03       1.318795486824e+04 
       4.902590581036e-03       1.329287080270e+04 
       4.959359904424e-03       1.339807522308e+04 
       5.016786585596e-03       1.350355270199e+04 
       5.074878236395e-03       1.360928566436e+04 
       5.133642556808e-03       1.371535745579e+04 
       5.193087335982e-03       1.382160184796e+04 
       5.253220453256e-03       1.392807840083e+04 
       5.314049879212e-03       1.403476733470e+04 
       5.375583676723e-03       1.414165234443e+04 
       5.437830002028e-03       1.424872354275e+04 
       5.500797105809e-03       1.435598764028e+04 
       5.564493334289e-03       1.446338692160e+04 
       5.628927130333e-03       1.457091428742e+04 
       5.694107034571e-03       1.467857549817e+04 
       5.760041686529e-03       1.478635441609e+04 
       5.826739825773e-03       1.489422420701e+04 
       5.894210293070e-03       1.500216188269e+04 
       5.962462031557e-03       1.511016482497e+04 
       6.031504087928e-03       1.521820692565e+04 
       6.101345613632e-03       1.532628647533e+04 
       6.171995866089e-03       1.543432857202e+04 
       6.243464209913e-03       1.554237560053e+04 
       6.315760118155e-03       1.565036402444e+04 
       6.388893173559e-03       1.575830224784e+04 
       6.462873069834e-03       1.586617798938e+04 
       6.537709612934e-03       1.597395252811e+04 
       6.613412722361e-03       1.608157854002e+04 
       6.689992432482e-03       1.618909233953e+04 
       6.767458893853e-03       1.629643084579e+04 
       6.845822374570e-03       1.640356109133e+04 
       6.925093261627e-03       1.651053299727e+04 
       7.005282062296e-03       1.661725952343e+04 
       7.086399405514e-03       1.672372012089e+04 
       7.168456043297e-03       1.682993654084e+04 
       7.251462852165e-03       1.693580515086e+04 
       7.335430834579e-03       1.704138823413e+04 
       7.420371120405e-03       1.714660330034e+04 
       7.506294968385e-03       1.725144477148e+04 
       7.593213767632e-03       1.735586585946e+04 
       7.681139039140e-03       1.745988768389e+04 
       7.770082437308e-03       1.756341992402e+04 
       7.860055751487e-03       1.766651251018e+04 
       7.951070907541e-03       1.776909984962e+04 
       8.043139969432e-03       1.787108745715e+04 
       8.136275140814e-03       1.797256916055e+04 
       8.230488766653e-03       1.807344978388e+04 
       8.325793334863e-03       1.817363979163e+04 
       8.422201477962e-03       1.827324057883e+04 
       8.519725974743e-03       1.837208062454e+04 
       8.618379751975e-03       1.847028275943e+04 
       8.718175886107e-03       1.856769899385e+04 
       8.819127605010e-03       1.866433594710e+04 
       8.921248289725e-03       1.876018919045e+04 
       9.024551476237e-03       1.885515757453e+04 
       9.129050857272e-03       1.894925325980e+04 
       9.234760284110e-03       1.904245009413e+04 
       9.341693768421e-03       1.913467324597e+04 
       9.449865484122e-03       1.922594953963e+04 
       9.559289769258e-03       1.931618322851e+04 
       9.669981127898e-03       1.940537737796e+04 
       9.781954232063e-03       1.949350708498e+04 
       9.895223923665e-03       1.958045692850e+04 
       1.000980521648e-02       1.966628096188e+04 
       1.012571329814e-02       1.975089109592e+04 
       1.024296353212e-02       1.983426615355e+04 
       1.036157145983e-02       1.991640964080e+04 
       1.048155280261e-02       1.999718899538e+04 
       1.060292346386e-02       2.007659444157e+04 
       1.072569953113e-02       2.015467490961e+04 
       1.084989727825e-02       2.023130110575e+04 
       1.097553316751e-02       2.030646220744e+04 
       1.110262385180e-02       2.038014037724e+04 
       1.123118617686e-02       2.045223483379e+04 
       1.136123718348e-02       2.052274718252e+04 
       1.149279410978e-02       2.059166399996e+04 
       1.162587439349e-02       2.065888363929e+04 
       1.176049567426e-02       2.072440750612e+04 
       1.189667579600e-02       2.078819596769e+04 
       1.203443280922e-02       2.085013921619e+04 
       1.217378497348e-02       2.091025709649e+04 
       1.231475075975e-02       2.096854079208e+04 
       1.245734885290e-02       2.102489777502e+04 
       1.260159815414e-02       2.107923600817e+04 
       1.274751778357e-02       2.113161586864e+04 
       1.289512708267e-02       2.118195664290e+04 
       1.304444561690e-02       2.123018679537e+04 
       1.319549317826e-02       2.127627893715e+04 
       1.334828978796e-02       2.132023814801e+04 
       1.350285569901e-02       2.136197388111e+04 
       1.365921139895e-02       2.140140562056e+04 
       1.381737761257e-02       2.143858396452e+04 
       1.397737530463e-02       2.147339148341e+04 
       1.413922568265e-02       2.150584378753e+04 
       1.430295019972e-02       2.153581169191e+04 
       1.446857055734e-02       2.156336300331e+04 
       1.463610870833e-02       2.158840011488e+04 
       1.480558685968e-02       2.161086768108e+04 
       1.497702747554e-02       2.163078930658e+04 
       1.515045328019e-02       2.164804618117e+04 
       1.532588726103e-02       2.166271241200e+04 
       1.550335267166e-02       2.167458783709e+04 
       1.568287303495e-02       2.168375679852e+04 
       1.586447214615e-02       2.169011853129e+04 
       1.604817407605e-02       2.169368091497e+04 
       1.623400317421e-02       2.169441138548e+04 
       1.642198407214e-02       2.169223209945e+04 
       1.661214168662e-02       2.168716392038e+04 
       1.680450122296e-02       2.167911278397e+04 
       1.699908817843e-02       2.166813688541e+04 
       1.719592834562e-02       2.165411980512e+04 
       1.739504781587e-02       2.163707513338e+04 
       1.759647298284e-02       2.161694197221e+04 
       1.780023054598e-02       2.159370500704e+04 
       1.800634751422e-02       2.156737461045e+04 
       1.821485120963e-02       2.153795471177e+04 
       1.842576927114e-02       2.150531306476e+04 
       1.863912965845e-02       2.146946977306e+04 
       1.885496065591e-02       2.143049443045e+04 
       1.907329087663e-02       2.138825018621e+04 
       1.929414926664e-02       2.134278144236e+04 
       1.951756510923e-02       2.129411115975e+04 
       1.974356802953e-02       2.124220631932e+04 
       1.997218799928e-02       2.118698690899e+04 
       2.020345534183e-02       2.112852487767e+04 
       2.043740073760e-02       2.106687184115e+04 
       2.067405522979e-02       2.100194116866e+04 
       2.091345023071e-02       2.093366081770e+04 
       2.115561752858e-02       2.086220281574e+04 
       2.140058929510e-02       2.078748122185e+04 
       2.164839809387e-02       2.070955215479e+04 
       2.189907688971e-02       2.062847697012e+04 
       2.215265905934e-02       2.054410396741e+04 
       2.240917840327e-02       2.045663297731e+04 
       2.266866915957e-02       2.036598120829e+04 
       2.293116601948e-02       2.027214803974e+04 
       2.319670414535e-02       2.017531383980e+04 
       2.346531919132e-02       2.007539388822e+04 
       2.373704732712e-02       1.997237820069e+04 
       2.401192526549e-02       1.986652510075e+04 
       2.428999029376e-02       1.975765819945e+04 
       2.457128031032e-02       1.964596764064e+04 
       2.485583386644e-02       1.953138059393e+04 
       2.514369021447e-02       1.941414245431e+04 
       2.543488936293e-02       1.929408467233e+04 
       2.572947213965e-02       1.917136933181e+04 
       2.602748026377e-02       1.904613770723e+04 
       2.632895642768e-02       1.891842904106e+04 
       2.663394438998e-02       1.878824294763e+04 
       2.694248908065e-02       1.865570717101e+04 
       2.725463671970e-02       1.852089343584e+04 
       2.757043495045e-02       1.838390918284e+04 
       2.788993298905e-02       1.824480988207e+04 
       2.821318179129e-02       1.810372149348e+04 
       2.854023423853e-02       1.796072360103e+04 
       2.887114534381e-02       1.781592489992e+04 
       2.920597248009e-02       1.766937255044e+04 
       2.954477563170e-02       1.752123666404e+04 
       2.988761767093e-02       1.737165158006e+04 
       3.023456466108e-02       1.722063663403e+04 
       3.058568618760e-02       1.706834900881e+04 
       3.094105571900e-02       1.691481609098e+04 
       3.130075099896e-02       1.676025774995e+04 
       3.166485447136e-02       1.660480853058e+04 
       3.203345373991e-02       1.644848887264e+04 
       3.240664206392e-02       1.629150408992e+04 
       3.278451889204e-02       1.613388138237e+04 
       3.316719043584e-02       1.597573356279e+04 
       3.355477028497e-02       1.581726525497e+04 
       3.394738006615e-02       1.565855553959e+04 
       3.434515014804e-02       1.549970518768e+04 
       3.474822039460e-02       1.534079654046e+04 
       3.515674096940e-02       1.518202809899e+04 
       3.557087319415e-02       1.502348343932e+04 
       3.599079046452e-02       1.486522619201e+04 
       3.641667922723e-02       1.470737719853e+04 
       3.684874002259e-02       1.455009128072e+04 
       3.728718859727e-02       1.439343774493e+04 
       3.773225709273e-02       1.423754958841e+04 
       3.818419531545e-02       1.408252964352e+04 
       3.864327209580e-02       1.392837294477e+04 
       3.910977674334e-02       1.377521530756e+04 
       3.958402060702e-02       1.362323624007e+04 
       4.006633875022e-02       1.347244151248e+04 
       4.055709175115e-02       1.332304626743e+04 
       4.105666764066e-02       1.317485161584e+04 
       4.156548399062e-02       1.302814373008e+04 
       4.208399016748e-02       1.288302432596e+04 
       4.261266976697e-02       1.273945520385e+04 
       4.315204324738e-02       1.259746425305e+04 
       4.370267078055e-02       1.245723474085e+04 
       4.426515534116e-02       1.231869973450e+04 
       4.484014605661e-02       1.218197083367e+04 
       4.542834184138e-02       1.204701242490e+04 
       4.603049534123e-02       1.191391358404e+04 
       4.664741721408e-02       1.178267796641e+04 
       4.727998077553e-02       1.165326132008e+04 
       4.792912703781e-02       1.152564118490e+04 
       4.859587017133e-02       1.139980994697e+04 
       4.928130341753e-02       1.127572663826e+04 
       4.998660548058e-02       1.115326116584e+04 
       5.071304742268e-02       1.103232129001e+04 
       5.146200008355e-02       1.091277231389e+04 
       5.223494203833e-02       1.079439740671e+04 
       5.303346809851e-02       1.067699769026e+04 
       5.385929834803e-02       1.056033623088e+04 
       5.471428768934e-02       1.044401728761e+04 
       5.560043585124e-02       1.032755172458e+04 
       5.651989778139e-02       1.021054594664e+04 
       5.747499430885e-02       1.009237376761e+04 
       5.846822291585e-02       9.972318263518e+03 
       5.950226840095e-02       9.849613586041e+03 
       6.058001314803e-02       9.723326319252e+03 
       6.170454663534e-02       9.592356805587e+03 
       6.287917372777e-02       9.455633944736e+03 
       6.410742119504e-02       9.311724793432e+03 
       6.539304179228e-02       9.159350179622e+03 
       6.674001513515e-02       8.997021848108e+03 
       6.815254450840e-02       8.823278813617e+03 
       6.963504868073e-02       8.636715903725e+03 
       7.119214777839e-02       8.436029026059e+03 
       7.282864231930e-02       8.220285409444e+03 
       7.454948465552e-02       7.988887500576e+03 
       7.635974234081e-02       7.741938512132e+03 
       7.826455335384e-02       7.480157558219e+03 
       8.026907367405e-02       7.205332329901e+03 
       8.237841841623e-02       6.920191436259e+03 
       8.459759853934e-02       6.628545428729e+03 
       8.693145598104e-02       6.335218893285e+03 
       8.938460082339e-02       6.045769276195e+03 
       9.196135463600e-02       5.766332198620e+03 
       9.466570433860e-02       5.502622051357e+03 
       9.750127066866e-02       5.259914971483e+03 
       1.004712945878e-01       5.041988901337e+03 
       1.035786437486e-01       4.850526653785e+03 
       1.068258396019e-01       4.684743863806e+03 
       1.102151040512e-01       4.541101465745e+03 
       1.137484229949e-01       4.413291308313e+03 
       1.174276228547e-01       4.292794868010e+03 
       1.212544554205e-01       4.170055159315e+03 
       1.252306861197e-01       4.035956015647e+03 
       1.293581810889e-01       3.884090820779e+03 
       1.336389890887e-01       3.712191691314e+03 
       1.380754151868e-01       3.523535788662e+03 
       1.426700840905e-01       3.326263488985e+03 
       1.474259918887e-01       3.131683274615e+03 
       1.523465456739e-01       2.951410549456e+03 
       1.574355910149e-01       2.794466779224e+03 
       1.626974275136e-01       2.664978384138e+03 
       1.681368127389e-01       2.561112465371e+03 
       1.737589547175e-01       2.475606411413e+03 
       1.795694929091e-01       2.397694467322e+03 
       1.855744672606e-01       2.316604389231e+03 
       1.917802745446e-01       2.224521385406e+03 
       1.981936107937e-01       2.119857125905e+03 
       2.048213982686e-01       2.008481169765e+03 
       2.116706950983e-01       1.900697359981e+03 
       2.187485855412e-01       1.805227745290e+03 
       2.260620487937e-01       1.725622319313e+03 
       2.336178044956e-01       1.659891714202e+03 
       2.414221336069e-01       1.601917061624e+03 
       2.494806742594e-01       1.543828372115e+03 
       2.577981935836e-01       1.480824448169e+03 
       2.663783384387e-01       1.414132089686e+03 
       2.752233704411e-01       1.348868020275e+03 
       2.843338936221e-01       1.290303426041e+03 
       2.937085862862e-01       1.240347183894e+03 
       3.033439518627e-01       1.196079310792e+03 
       3.132341063002e-01       1.153231187575e+03 
       3.233706212741e-01       1.109699712110e+03 
       3.337424425450e-01       1.066274834365e+03 
       3.443359006758e-01       1.025686687361e+03 
       3.551348266982e-01       9.892930457544e+02 
       3.661207782798e-01       9.563749672040e+02 
       3.772733730730e-01       9.252157191470e+02 
       3.885707162722e-01       8.948357094097e+02 
       3.999899003504e-01       8.658112583646e+02 
       4.115075479337e-01       8.387765720126e+02 
       4.231003649478e-01       8.139354088522e+02 
       4.347456711370e-01       7.907897987743e+02 
       4.464218787005e-01       7.689517535108e+02 
       4.581088963390e-01       7.482025829465e+02 
       4.697884442700e-01       7.286255504570e+02 
       4.814442743988e-01       7.103219266114e+02 
       4.930622976587e-01       6.932273589865e+02 
       5.046306267307e-01       6.771598683120e+02 
       5.161395465283e-01       6.619205979467e+02 
       5.275814269857e-01       6.474958916361e+02 
       5.389505930996e-01       6.338584909800e+02 
       5.502431662750e-01       6.209991583331e+02 
       5.614568892820e-01       6.088116392990e+02 
       5.725909449631e-01       5.972409801902e+02 
       5.836457765645e-01       5.862224661640e+02 
       5.946229154351e-01       5.757186341127e+02 
       6.055248199680e-01       5.657052497516e+02 
       6.163547281195e-01       5.561376165667e+02 
       6.271165246312e-01       5.469945503994e+02 
       6.378146231770e-01       5.382232805030e+02 
       6.484538630220e-01       5.298037942684e+02 
       6.590394193557e-01       5.217064911543e+02 
       6.695767262109e-01       5.139091970088e+02 
       6.800714107515e-01       5.063965676017e+02 
       6.905292376791e-01       4.991386265515e+02 
       7.009560625306e-01       4.921252785153e+02 
       7.113577927096e-01       4.853315656087e+02 
       7.217403551832e-01       4.787450482692e+02 
       7.321096698753e-01       4.723535644098e+02 
       7.424716278969e-01       4.661393104127e+02 
       7.528320738533e-01       4.600964461113e+02 
       7.631967915690e-01       4.542075689272e+02 
       7.735714926582e-01       4.484658205747e+02 
       7.839618074539e-01       4.428614975255e+02 
       7.943732778782e-01       4.373834106693e+02 
       8.048113519051e-01       4.320277830013e+02 
       8.152813793196e-01       4.267825968509e+02 
       8.257886085308e-01       4.216445786059e+02 
       8.363381842343e-01       4.166056072059e+02 
       8.469351457626e-01       4.116593404841e+02 
       8.575844259862e-01       4.068025074118e+02 
       8.682908506625e-01       4.020270262030e+02 
       8.790591381466e-01       3.973314290153e+02 
       8.898938994016e-01       3.927088717246e+02 
       9.007996382587e-01       3.881567344027e+02 
       9.117807518950e-01       3.836710215202e+02 
       9.228415315023e-01       3.792475907626e+02 
       9.339861631356e-01       3.748848098527e+02 
       9.452187287314e-01       3.705776954231e+02 
       9.565432072948e-01       3.663255498729e+02 
       9.679634762558e-01       3.621241178059e+02 
       9.794833130005e-01       3.579722585999e+02 
       9.911063965817e-01       3.538667326212e+02 
       1.002836309615e+00       3.498064352488e+02 
       1.014676540368e+00       3.457891914641e+02 
       1.026630485040e+00       3.418131065621e+02 
       1.038701450250e+00       3.378769650900e+02 
       1.050892655713e+00       3.339788210988e+02 
       1.063207237122e+00       3.301178406301e+02 
       1.075648249217e+00       3.262921783149e+02 
       1.088218669041e+00       3.225014544916e+02 
       1.100921399372e+00       3.187437867709e+02 
       1.113759272313e+00       3.150189399750e+02 
       1.126735053027e+00       3.113254160033e+02 
       1.139851443603e+00       3.076629410169e+02 
       1.153111087023e+00       3.040302970043e+02 
       1.166516571218e+00       3.004271349115e+02 
       1.180070433185e+00       2.968525680115e+02 
       1.193775163139e+00       2.933061297315e+02 
       1.207633208682e+00       2.897873418542e+02 
       1.221646978958e+00       2.862955564933e+02 
       1.235818848781e+00       2.828305745821e+02 
       1.250151162697e+00       2.793916224211e+02 
       1.264646238976e+00       2.759787188697e+02 
       1.279306373506e+00       2.725911864700e+02 
       1.294133843569e+00       2.692289907939e+02 
       1.309130911491e+00       2.658916684787e+02 
       1.324299828146e+00       2.625790185338e+02 
       1.339642836312e+00       2.592909219064e+02 
       1.355162173854e+00       2.560269858489e+02 
       1.370860076750e+00       2.527871855533e+02 
       1.386738781939e+00       2.495712882928e+02 
       1.402800529994e+00       2.463790909583e+02 
       1.419047567628e+00       2.432105853817e+02 
       1.435482150024e+00       2.400655388350e+02 
       1.452106542999e+00       2.369438683880e+02 
       1.468923025003e+00       2.338455458168e+02 
       1.485933888974e+00       2.307704030297e+02 
       1.503141444028e+00       2.277184047510e+02 
       1.520548017029e+00       2.246895286251e+02 
       1.538155954009e+00       2.216836677711e+02 
       1.555967621483e+00       2.187008011682e+02 
       1.573985407644e+00       2.157409287304e+02 
       1.592211723455e+00       2.128040072803e+02 
       1.610649003648e+00       2.098900025033e+02 
       1.629299707647e+00       2.069989225377e+02 
       1.648166320403e+00       2.041307791471e+02 
       1.667251353167e+00       2.012855607311e+02 
       1.686557344210e+00       1.984632702353e+02 
       1.706086859482e+00       1.956639353253e+02 
       1.725842493228e+00       1.928875785590e+02 
       1.745826868572e+00       1.901342145402e+02 
       1.766042638055e+00       1.874038702974e+02 
       1.786492484156e+00       1.846965797002e+02 
       1.807179119785e+00       1.820123877890e+02 
       1.828105288757e+00       1.793513267415e+02 
       1.849273766248e+00       1.767134365565e+02 
       1.870687359241e+00       1.740987604651e+02 
       1.892348906963e+00       1.715073434524e+02 
       1.914261281308e+00       1.689392338267e+02 
       1.936427387266e+00       1.663944784146e+02 
       1.958850163334e+00       1.638731289979e+02 
       1.981532581936e+00       1.613752313703e+02 
       2.004477649838e+00       1.589008359937e+02 
       2.027688408563e+00       1.564499916286e+02 
       2.051167934808e+00       1.540227471506e+02 
       2.074919340857e+00       1.516191505318e+02 
       2.098945775011e+00       1.492392485965e+02 
       2.123250422003e+00       1.468830861632e+02 
       2.147836503429e+00       1.445507064396e+02 
       2.172707278179e+00       1.422421508756e+02 
       2.197866042868e+00       1.399574579167e+02 
       2.223316132279e+00       1.376966632819e+02 
       2.249060919808e+00       1.354597995145e+02 
       2.275103817904e+00       1.332468968038e+02 
       2.301448278533e+00       1.310579807999e+02 
       2.328097793629e+00       1.288930730310e+02 
       2.355055895558e+00       1.267521918929e+02 
       2.382326157591e+00       1.246353508343e+02 
       2.409912194372e+00       1.225425589074e+02 
       2.437817662402e+00       1.204738204350e+02 
       2.466046260521e+00       1.184291346066e+02 
       2.494601730400e+00       1.164084957353e+02 
       2.523487857035e+00       1.144118926185e+02 
       2.552708469252e+00       1.124393087709e+02 
       2.582267440211e+00       1.104907220048e+02 
       2.612168687922e+00       1.085661045107e+02 
       2.642416175763e+00       1.066654227152e+02 
       2.673013913006e+00       1.047886371535e+02 
       2.703965955348e+00       1.029357024851e+02 
       2.735276405449e+00       1.011065672709e+02 
       2.766949413474e+00       9.930117409607e+01 
       2.798989177646e+00       9.751945957082e+01 
       2.831399944803e+00       9.576135423197e+01 
       2.864186010955e+00       9.402678257114e+01 
       2.897351721861e+00       9.231566309897e+01 
       2.930901473599e+00       9.062790837729e+01 
       2.964839713153e+00       8.896342502635e+01 
       2.999170938999e+00       8.732211385835e+01 
       3.033899701705e+00       8.570386991614e+01 
       3.069030604530e+00       8.410858255440e+01 
       3.104568304037e+00       8.253613556233e+01 
       3.140517510711e+00       8.098640726753e+01 
       3.176882989579e+00       7.945927064125e+01 
       3.213669560845e+00       7.795459344248e+01 
       3.250882100532e+00       7.647223833751e+01 
       3.288525541119e+00       7.501206304876e+01 
       3.326604872205e+00       7.357392049681e+01 
       3.365125141163e+00       7.215765895489e+01 
       3.404091453814e+00       7.076312220352e+01 
       3.443508975100e+00       6.939014969093e+01 
       3.483382929771e+00       6.803857669518e+01 
       3.523718603076e+00       6.670823449209e+01 
       3.564521341465e+00       6.539895052059e+01 
       3.605796553297e+00       6.411054855350e+01 
       3.647549709556e+00       6.284284886684e+01 
       3.689786344579e+00       6.159566841037e+01 
       3.732512056785e+00       6.036882097846e+01 
       3.775732509421e+00       5.916211738002e+01 
       3.819453431311e+00       5.797536560789e+01 
       3.863680617617e+00       5.680837100725e+01 
       3.908419930604e+00       5.566093644244e+01 
       3.953677300418e+00       5.453286246215e+01 
       3.999458725877e+00       5.342394746280e+01 
       4.045770275258e+00       5.233398784963e+01 
       4.092618087106e+00       5.126277819553e+01 
       4.140008371049e+00       5.021011139730e+01 
       4.187947408617e+00       4.917577882929e+01 
       4.236441554078e+00       4.815957049415e+01 
       4.285497235278e+00       4.716127517072e+01 
       4.335120954495e+00       4.618068055886e+01 
       4.385319289299e+00       4.521757342113e+01 
       4.436098893424e+00       4.427173972126e+01 
       4.487466497653e+00       4.334296475939e+01 
       4.539428910705e+00       4.243103330398e+01 
       4.591993020143e+00       4.153572972027e+01 
       4.645165793282e+00       4.065683809541e+01 
       4.698954278114e+00       3.979414236014e+01 
       4.753365604247e+00       3.894742640695e+01 
       4.808406983842e+00       3.811647420483e+01 
       4.864085712575e+00       3.730106991050e+01 
       4.920409170600e+00       3.650099797613e+01 
       4.977384823531e+00       3.571604325361e+01 
       5.035020223428e+00       3.494599109534e+01 
       5.093323009803e+00       3.419062745150e+01 
       5.152300910626e+00       3.344973896396e+01 
       5.211961743354e+00       3.272311305663e+01 
       5.272313415966e+00       3.201053802255e+01 
       5.333363928010e+00       3.131180310748e+01 
       5.395121371665e+00       3.062669859025e+01 
       5.457593932815e+00       2.995501585970e+01 
       5.520789892129e+00       2.929654748842e+01 
       5.584717626164e+00       2.865108730325e+01 
       5.649385608470e+00       2.801843045256e+01 
       5.714802410720e+00       2.739837347044e+01 
       5.780976703839e+00       2.679071433775e+01 
       5.847917259159e+00       2.619525254018e+01 
       5.915632949577e+00       2.561178912328e+01 
       5.984132750735e+00       2.504012674459e+01 
       6.053425742208e+00       2.448006972289e+01 
       6.123521108705e+00       2.393142408459e+01 
       6.194428141293e+00       2.339399760742e+01 
       6.266156238621e+00       2.286759986142e+01 
       6.338714908172e+00       2.235204224718e+01 
       6.412113767517e+00       2.184713803170e+01 
       6.486362545598e+00       2.135270238154e+01 
       6.561471084007e+00       2.086855239361e+01 
       6.637449338302e+00       2.039450712362e+01 
       6.714307379318e+00       1.993038761209e+01 
       6.792055394503e+00       1.947601690818e+01 
       6.870703689275e+00       1.903122009128e+01 
       6.950262688378e+00       1.859582429054e+01 
       7.030742937272e+00       1.816965870220e+01 
       7.112155103528e+00       1.775255460506e+01 
       7.194509978238e+00       1.734434537391e+01 
       7.277818477454e+00       1.694486649109e+01 
       7.362091643625e+00       1.655395555630e+01 
       7.447340647070e+00       1.617145229456e+01 
       7.533576787450e+00       1.579719856255e+01 
       7.620811495274e+00       1.543103835329e+01 
       7.709056333407e+00       1.507281779924e+01 
       7.798322998607e+00       1.472238517389e+01 
       7.888623323073e+00       1.437959089192e+01 
       7.979969276016e+00       1.404428750791e+01 
       8.072372965243e+00       1.371632971375e+01 
       8.165846638763e+00       1.339557433478e+01 
       8.260402686410e+00       1.308188032462e+01 
       8.356053641485e+00       1.277510875892e+01 
       8.452812182420e+00       1.247512282793e+01 
       8.550691134454e+00       1.218178782800e+01 
       8.649703471336e+00       1.189497115204e+01 
       8.749862317044e+00       1.161454227910e+01 
       8.851180947525e+00       1.134037276287e+01 
       8.953672792452e+00       1.107233621946e+01 
       9.057351437011e+00       1.081030831425e+01 
       9.162230623691e+00       1.055416674794e+01 
       9.268324254117e+00       1.030379124197e+01 
       9.375646390884e+00       1.005906352309e+01 
       9.484211259424e+00       9.819867307416e+00 
       9.594033249894e+00       9.586088283723e+00 
       9.705126919079e+00       9.357614096280e+00 
       9.817506992325e+00       9.134334327069e+00 
       9.931188365488e+00       8.916140477528e+00 
       1.004618610691e+01       8.702925949813e+00 
       1.016251545942e+01       8.494586027625e+00 
       1.028019184235e+01       8.291017856643e+00 
       1.039923085357e+01       8.092120424574e+00 
       1.051964827158e+01       7.897794540874e+00 
       1.064146005757e+01       7.707942816152e+00 
       1.076468235757e+01       7.522469641305e+00 
       1.088933150455e+01       7.341281166386e+00 
       1.101542402063e+01       7.164285279260e+00 
       1.114297661923e+01       6.991391584056e+00 
       1.127200620731e+01       6.822511379443e+00 
       1.140252988760e+01       6.657557636755e+00 
       1.153456496088e+01       6.496444977999e+00 
       1.166812892826e+01       6.339089653741e+00 
       1.180323949348e+01       6.185409520926e+00 
       1.193991456531e+01       6.035324020619e+00 
       1.207817225989e+01       5.888754155712e+00 
       1.221803090312e+01       5.745622468602e+00 
       1.235950903310e+01       5.605853018861e+00 
       1.250262540263e+01       5.469371360912e+00 
       1.264739898161e+01       5.336104521739e+00 
       1.279384895962e+01       5.205980978625e+00 
       1.294199474846e+01       5.078930636958e+00 
       1.309185598468e+01       4.954884808095e+00 
       1.324345253223e+01       4.833776187314e+00 
       1.339680448507e+01       4.715538831860e+00 
       1.355193216983e+01       4.600108139098e+00 
       1.370885614853e+01       4.487420824779e+00 
       1.386759722125e+01       4.377414901437e+00 
       1.402817642897e+01       4.270029656931e+00 
       1.419061505628e+01       4.165205633118e+00 
       1.435493463425e+01       4.062884604699e+00 
       1.452115694325e+01       3.963009558220e+00 
       1.468930401587e+01       3.865524671246e+00 
       1.485939813983e+01       3.770375291714e+00 
       1.503146186092e+01       3.677507917479e+00 
       1.520551798600e+01       3.586870176041e+00 
       1.538158958602e+01       3.498410804476e+00 
       1.555969999907e+01       3.412079629570e+00 
       1.573987283351e+01       3.327827548163e+00 
       1.592213197104e+01       3.245606507698e+00 
       1.610650156992e+01       3.165369486995e+00 
       1.629300606814e+01       3.087070477241e+00 
       1.648167018666e+01       3.010664463202e+00 
       1.667251893271e+01       2.936107404671e+00 
       1.686557760309e+01       2.863356218130e+00 
       1.706087178751e+01       2.792368758658e+00 
       1.725842737201e+01       2.723103802064e+00 
       1.745827054236e+01       2.655521027261e+00 
       1.766042778757e+01       2.589580998871e+00 
       1.786492590334e+01       2.525245150074e+00 
       1.807179199570e+01       2.462475765693e+00 
       1.828105348451e+01       2.401235965518e+00 
       1.849273810715e+01       2.341489687873e+00 
       1.870687392220e+01       2.283201673422e+00 
       1.892348931313e+01       2.226337449216e+00 
       1.914261299207e+01       2.170863312980e+00 
       1.936427400363e+01       2.116746317641e+00 
       1.958850172873e+01       2.063954256092e+00 
       1.981532588852e+01       2.012455646204e+00 
       2.004477654829e+01       1.962219716066e+00 
       2.027688412148e+01       1.913216389467e+00 
       2.051167937370e+01       1.865416271616e+00 
       2.074919342680e+01       1.818790635089e+00 
       2.098945776301e+01       1.773311406022e+00 
       2.123250422912e+01       1.728951150522e+00 
       2.147836504066e+01       1.685683061318e+00 
       2.172707278623e+01       1.643480944639e+00 
       2.197866043176e+01       1.602319207316e+00 
       2.223316132492e+01       1.562172844108e+00 
       2.249060919954e+01       1.523017425257e+00 
       2.275103818004e+01       1.484829084258e+00 
       2.301448278601e+01       1.447584505853e+00 
       2.328097793675e+01       1.411260914232e+00 
       2.355055895589e+01       1.375836061464e+00 
       2.382326157612e+01       1.341288216121e+00 
       2.409912194386e+01       1.307596152131e+00 
       2.437817662411e+01       1.274739137821e+00 
       2.466046260527e+01       1.242696925178e+00 
       2.494601730404e+01       1.211449739306e+00 
       2.523487857038e+01       1.180978268081e+00 
       2.552708469253e+01       1.151263652008e+00 
       2.582267440212e+01       1.122287474273e+00 
       2.612168687923e+01       1.094031750981e+00 
       2.642416175764e+01       1.066478921593e+00 
       2.673013913007e+01       1.039611839537e+00 
       2.703965955348e+01       1.013413763019e+00 
       2.735276405449e+01       9.878683460009e-01 
       2.766949413474e+01       9.629596293682e-01 
       2.798989177647e+01       9.386720322677e-01 
       2.831399944803e+01       9.149903436220e-01 
       2.864186010955e+01       8.918997138136e-01 
       2.897351721861e+01       8.693856465382e-01 
       2.930901473599e+01       8.474339908235e-01 
       2.964839713153e+01       8.260309332108e-01 
       2.999170938999e+01       8.051629900979e-01 
       3.033899701705e+01       7.848170002390e-01 
