# Matter power spectrum P(k) at redshift z=1
# for k=1.06029e-05 to 30.339 h/Mpc,
# number of wavenumbers equal to 1160
#    1:k (h/Mpc)              2:P (Mpc/h)^3        
       1.060292346386e-05       1.616693783480e+01 
       1.072569953113e-05       1.634792860465e+01 
       1.084989727825e-05       1.653094548678e+01 
       1.097553316751e-05       1.671601285895e+01 
       1.110262385180e-05       1.690314927487e+01 
       1.123118617686e-05       1.709238279214e+01 
       1.136123718348e-05       1.728373419151e+01 
       1.149279410978e-05       1.747722770525e+01 
       1.162587439349e-05       1.767288659726e+01 
       1.176049567426e-05       1.787073774315e+01 
       1.189667579600e-05       1.807080282308e+01 
       1.203443280922e-05       1.827310780875e+01 
       1.217378497348e-05       1.847767915888e+01 
       1.231475075975e-05       1.868453783946e+01 
       1.245734885290e-05       1.889371312444e+01 
       1.260159815414e-05       1.910523046224e+01 
       1.274751778356e-05       1.931911463839e+01 
       1.289512708267e-05       1.953539580072e+01 
       1.304444561690e-05       1.975409568256e+01 
       1.319549317826e-05       1.997524419076e+01 
       1.334828978796e-05       2.019886965481e+01 
       1.350285569900e-05       2.042499831723e+01 
       1.365921139895e-05       2.065365813010e+01 
       1.381737761257e-05       2.088487805062e+01 
       1.397737530463e-05       2.111868482242e+01 
       1.413922568264e-05       2.135511116863e+01 
       1.430295019970e-05       2.159418402979e+01 
       1.446857055732e-05       2.183593259934e+01 
       1.463610870830e-05       2.208038701630e+01 
       1.480558685963e-05       2.232757973305e+01 
       1.497702747546e-05       2.257753836800e+01 
       1.515045328006e-05       2.283029538642e+01 
       1.532588726083e-05       2.308588298615e+01 
       1.550335267136e-05       2.334432858961e+01 
       1.568287303449e-05       2.360567165384e+01 
       1.586447214546e-05       2.386993919099e+01 
       1.604817407503e-05       2.413716557237e+01 
       1.623400317268e-05       2.440738095878e+01 
       1.642198406988e-05       2.468062533732e+01 
       1.661214168327e-05       2.495692395334e+01 
       1.680450121805e-05       2.523631724771e+01 
       1.699908817127e-05       2.551883868035e+01 
       1.719592833521e-05       2.580452633683e+01 
       1.739504780082e-05       2.609340644375e+01 
       1.759647296118e-05       2.638552288931e+01 
       1.780023051497e-05       2.668091087023e+01 
       1.800634747003e-05       2.697960509397e+01 
       1.821485114695e-05       2.728164237830e+01 
       1.842576918266e-05       2.758705939093e+01 
       1.863912953411e-05       2.789589814437e+01 
       1.885496048199e-05       2.820819212159e+01 
       1.907329063447e-05       2.852398337414e+01 
       1.929414893095e-05       2.884330908848e+01 
       1.951756464598e-05       2.916620988309e+01 
       1.974356739307e-05       2.949272514146e+01 
       1.997218712862e-05       2.982289476655e+01 
       2.020345415595e-05       3.015676185850e+01 
       2.043739912924e-05       3.049436567960e+01 
       2.067405305765e-05       3.083574914185e+01 
       2.091344730940e-05       3.118095363539e+01 
       2.115561361593e-05       3.153002323836e+01 
       2.140058407614e-05       3.188300006236e+01 
       2.164839116058e-05       3.223992713347e+01 
       2.189906771583e-05       3.260085210671e+01 
       2.215264696878e-05       3.296581632278e+01 
       2.240916253109e-05       3.333486585135e+01 
       2.266864840362e-05       3.370804692163e+01 
       2.293113898094e-05       3.408540445363e+01 
       2.319666905590e-05       3.446698732158e+01 
       2.346527382421e-05       3.485284149195e+01 
       2.373698888916e-05       3.524301485894e+01 
       2.401185026627e-05       3.563755729687e+01 
       2.428989438812e-05       3.603651392036e+01 
       2.457115810917e-05       3.643993872903e+01 
       2.485567871060e-05       3.684787795460e+01 
       2.514349390533e-05       3.726038508392e+01 
       2.543464184294e-05       3.767750931337e+01 
       2.572916111478e-05       3.809930258072e+01 
       2.602709075905e-05       3.852581675627e+01 
       2.632847026602e-05       3.895710681085e+01 
       2.663333958319e-05       3.939322275824e+01 
       2.694173912069e-05       3.983422285423e+01 
       2.725370975652e-05       4.028015883457e+01 
       2.756929284205e-05       4.073108620713e+01 
       2.788853020750e-05       4.118706027070e+01 
       2.821146416741e-05       4.164814021570e+01 
       2.853813752634e-05       4.211438054875e+01 
       2.886859358449e-05       4.258583987507e+01 
       2.920287614345e-05       4.306257659885e+01 
       2.954102951201e-05       4.354464978498e+01 
       2.988309851204e-05       4.403211914314e+01 
       3.022912848440e-05       4.452504506635e+01 
       3.057916529500e-05       4.502348861941e+01 
       3.093325534084e-05       4.552751156739e+01 
       3.129144555617e-05       4.603717627664e+01 
       3.165378341871e-05       4.655254575012e+01 
       3.202031695596e-05       4.707368436582e+01 
       3.239109475154e-05       4.760065607817e+01 
       3.276616595165e-05       4.813352637383e+01 
       3.314558027155e-05       4.867236136808e+01 
       3.352938800223e-05       4.921722772398e+01 
       3.391764001696e-05       4.976819279281e+01 
       3.431038777814e-05       5.032532436599e+01 
       3.470768334406e-05       5.088869312648e+01 
       3.510957937581e-05       5.145836714881e+01 
       3.551612914427e-05       5.203441727620e+01 
       3.592738653719e-05       5.261691493519e+01 
       3.634340606627e-05       5.320593395043e+01 
       3.676424287447e-05       5.380154456737e+01 
       3.718995274323e-05       5.440382237439e+01 
       3.762059209995e-05       5.501284068612e+01 
       3.805621802540e-05       5.562867599915e+01 
       3.849688826133e-05       5.625140390046e+01 
       3.894266121810e-05       5.688110160637e+01 
       3.939359598244e-05       5.751784823336e+01 
       3.984975232525e-05       5.816172102708e+01 
       4.031119070957e-05       5.881280083089e+01 
       4.077797229855e-05       5.947116628433e+01 
       4.125015896359e-05       6.013690136578e+01 
       4.172781329252e-05       6.081008821115e+01 
       4.221099859791e-05       6.149080823853e+01 
       4.269977892544e-05       6.217914777618e+01 
       4.319421906241e-05       6.287519085891e+01 
       4.369438454634e-05       6.357902411776e+01 
       4.420034167361e-05       6.429073422670e+01 
       4.471215750829e-05       6.501041057750e+01 
       4.522989989102e-05       6.573814101447e+01 
       4.575363744799e-05       6.647401539756e+01 
       4.628343960004e-05       6.721812573709e+01 
       4.681937657188e-05       6.797056370453e+01 
       4.736151940137e-05       6.873142261594e+01 
       4.790993994896e-05       6.950079650476e+01 
       4.846471090719e-05       7.027878055169e+01 
       4.902590581036e-05       7.106547131269e+01 
       4.959359904424e-05       7.186096574910e+01 
       5.016786585596e-05       7.266536266360e+01 
       5.074878236395e-05       7.347876116023e+01 
       5.133642556808e-05       7.430126250426e+01 
       5.193087335981e-05       7.513296797655e+01 
       5.253220453256e-05       7.597398079005e+01 
       5.314049879212e-05       7.682440533400e+01 
       5.375583676723e-05       7.768434593101e+01 
       5.437830002028e-05       7.855390923984e+01 
       5.500797105809e-05       7.943320316803e+01 
       5.564493334289e-05       8.032233630817e+01 
       5.628927130333e-05       8.122141890673e+01 
       5.694107034571e-05       8.213056174385e+01 
       5.760041686529e-05       8.304987718755e+01 
       5.826739825773e-05       8.397947948867e+01 
       5.894210293070e-05       8.491948392603e+01 
       5.962462031557e-05       8.587000576371e+01 
       6.031504087927e-05       8.683116316075e+01 
       6.101345613632e-05       8.780307469340e+01 
       6.171995866089e-05       8.878586084797e+01 
       6.243464209913e-05       8.977964290915e+01 
       6.315760118155e-05       9.078454385989e+01 
       6.388893173559e-05       9.180068784428e+01 
       6.462873069834e-05       9.282820005232e+01 
       6.537709612933e-05       9.386720889913e+01 
       6.613412722361e-05       9.491784191555e+01 
       6.689992432481e-05       9.598022873729e+01 
       6.767458893852e-05       9.705450094484e+01 
       6.845822374569e-05       9.814079181788e+01 
       6.925093261627e-05       9.923923434619e+01 
       7.005282062296e-05       1.003499654363e+02 
       7.086399405514e-05       1.014731224781e+02 
       7.168456043297e-05       1.026088432028e+02 
       7.251462852165e-05       1.037572675846e+02 
       7.335430834579e-05       1.049185392762e+02 
       7.420371120404e-05       1.060928013444e+02 
       7.506294968385e-05       1.072801974656e+02 
       7.593213767632e-05       1.084808755505e+02 
       7.681139039140e-05       1.096949833735e+02 
       7.770082437308e-05       1.109226708607e+02 
       7.860055751486e-05       1.121640897046e+02 
       7.951070907541e-05       1.134193930118e+02 
       8.043139969432e-05       1.146887364230e+02 
       8.136275140814e-05       1.159722760536e+02 
       8.230488766653e-05       1.172701703473e+02 
       8.325793334863e-05       1.185825795091e+02 
       8.422201477961e-05       1.199096658395e+02 
       8.519725974743e-05       1.212515928428e+02 
       8.618379751975e-05       1.226085257028e+02 
       8.718175886107e-05       1.239806328172e+02 
       8.819127605010e-05       1.253680825884e+02 
       8.921248289724e-05       1.267710465921e+02 
       9.024551476236e-05       1.281896977170e+02 
       9.129050857272e-05       1.296242109220e+02 
       9.234760284110e-05       1.310747636736e+02 
       9.341693768421e-05       1.325415338287e+02 
       9.449865484122e-05       1.340247023006e+02 
       9.559289769258e-05       1.355244527232e+02 
       9.669981127898e-05       1.370409691629e+02 
       9.781954232062e-05       1.385744393719e+02 
       9.895223923665e-05       1.401250510196e+02 
       1.000980521648e-04       1.416929963653e+02 
       1.012571329814e-04       1.432784679519e+02 
       1.024296353212e-04       1.448816609755e+02 
       1.036157145983e-04       1.465027732371e+02 
       1.048155280261e-04       1.481420038020e+02 
       1.060292346386e-04       1.497995549152e+02 
       1.072569953113e-04       1.514756308516e+02 
       1.084989727825e-04       1.531704369566e+02 
       1.097553316751e-04       1.548841826482e+02 
       1.110262385180e-04       1.566170784075e+02 
       1.123118617686e-04       1.583693374071e+02 
       1.136123718348e-04       1.601411753211e+02 
       1.149279410978e-04       1.619328098023e+02 
       1.162587439349e-04       1.637444611716e+02 
       1.176049567426e-04       1.655763520977e+02 
       1.189667579600e-04       1.674287078334e+02 
       1.203443280922e-04       1.693017558757e+02 
       1.217378497348e-04       1.711957264496e+02 
       1.231475075975e-04       1.731108519899e+02 
       1.245734885290e-04       1.750473676723e+02 
       1.260159815414e-04       1.770055116294e+02 
       1.274751778356e-04       1.789855236409e+02 
       1.289512708267e-04       1.809876467382e+02 
       1.304444561690e-04       1.830121271016e+02 
       1.319549317826e-04       1.850592126155e+02 
       1.334828978796e-04       1.871291543029e+02 
       1.350285569900e-04       1.892222061747e+02 
       1.365921139895e-04       1.913386244674e+02 
       1.381737761257e-04       1.934786686735e+02 
       1.397737530463e-04       1.956426009098e+02 
       1.413922568264e-04       1.978306863662e+02 
       1.430295019970e-04       2.000431925356e+02 
       1.446857055732e-04       2.022803907422e+02 
       1.463610870830e-04       2.045425542862e+02 
       1.480558685963e-04       2.068299603614e+02 
       1.497702747546e-04       2.091353677258e+02 
       1.515045328006e-04       2.114739285294e+02 
       1.532588726083e-04       2.138385762601e+02 
       1.550335267136e-04       2.162295996025e+02 
       1.568287303450e-04       2.186472903663e+02 
       1.586447214546e-04       2.210919437155e+02 
       1.604817407503e-04       2.235638578157e+02 
       1.623400317268e-04       2.260633345710e+02 
       1.642198406988e-04       2.285906787456e+02 
       1.661214168327e-04       2.311461979514e+02 
       1.680450121805e-04       2.337302039923e+02 
       1.699908817127e-04       2.363430113255e+02 
       1.719592833521e-04       2.389849383237e+02 
       1.739504780082e-04       2.416563063477e+02 
       1.759647296118e-04       2.443574402766e+02 
       1.780023051497e-04       2.470886686983e+02 
       1.800634747003e-04       2.498503234386e+02 
       1.821485114695e-04       2.526427403373e+02 
       1.842576918266e-04       2.554662581342e+02 
       1.863912953411e-04       2.583212198335e+02 
       1.885496048199e-04       2.612079719160e+02 
       1.907329063447e-04       2.641268640286e+02 
       1.929414893095e-04       2.670782498892e+02 
       1.951756464598e-04       2.700624875013e+02 
       1.974356739307e-04       2.730799382069e+02 
       1.997218712862e-04       2.761309662744e+02 
       2.020345415595e-04       2.792159425671e+02 
       2.043739912924e-04       2.823352380212e+02 
       2.067405305765e-04       2.854892306078e+02 
       2.091344730940e-04       2.886783012300e+02 
       2.115561361593e-04       2.919028341756e+02 
       2.140058407614e-04       2.951632185068e+02 
       2.164839116058e-04       2.984598474571e+02 
       2.189906771583e-04       3.017931178925e+02 
       2.215264696878e-04       3.051634309931e+02 
       2.240916253109e-04       3.085711926149e+02 
       2.266864840362e-04       3.120168120311e+02 
       2.293113898094e-04       3.155007033585e+02 
       2.319666905590e-04       3.190232848143e+02 
       2.346527382421e-04       3.225849790512e+02 
       2.373698888916e-04       3.261862128716e+02 
       2.401185026627e-04       3.298274178209e+02 
       2.428989438812e-04       3.335090298185e+02 
       2.457115810917e-04       3.372314893642e+02 
       2.485567871060e-04       3.409952408938e+02 
       2.514349390533e-04       3.448007340797e+02 
       2.543464184294e-04       3.486484228122e+02 
       2.572916111478e-04       3.525387661459e+02 
       2.602709075905e-04       3.564722272682e+02 
       2.632847026602e-04       3.604492741790e+02 
       2.663333958319e-04       3.644703799265e+02 
       2.694173912069e-04       3.685360221280e+02 
       2.725370975652e-04       3.726466832513e+02 
       2.756929284206e-04       3.768028507771e+02 
       2.788853020750e-04       3.810050170424e+02 
       2.821146416741e-04       3.852536790337e+02 
       2.853813752634e-04       3.895493391754e+02 
       2.886859358449e-04       3.938925046750e+02 
       2.920287614345e-04       3.982836877832e+02 
       2.954102951201e-04       4.027234063455e+02 
       2.988309851204e-04       4.072121825845e+02 
       3.022912848440e-04       4.117505442058e+02 
       3.057916529500e-04       4.163390242815e+02 
       3.093325534084e-04       4.209781611389e+02 
       3.129144555617e-04       4.256684979587e+02 
       3.165378341871e-04       4.304105839259e+02 
       3.202031695596e-04       4.352049730405e+02 
       3.239109475154e-04       4.400522249422e+02 
       3.276616595165e-04       4.449529047252e+02 
       3.314558027156e-04       4.499075827364e+02 
       3.352938800223e-04       4.549168351061e+02 
       3.391764001696e-04       4.599812433364e+02 
       3.431038777814e-04       4.651013943683e+02 
       3.470768334406e-04       4.702778811769e+02 
       3.510957937581e-04       4.755113020660e+02 
       3.551612914427e-04       4.808022609178e+02 
       3.592738653719e-04       4.861513677006e+02 
       3.634340606627e-04       4.915592379165e+02 
       3.676424287447e-04       4.970264928120e+02 
       3.718995274323e-04       5.025537592702e+02 
       3.762059209995e-04       5.081416701218e+02 
       3.805621802540e-04       5.137908647781e+02 
       3.849688826133e-04       5.195019878370e+02 
       3.894266121810e-04       5.252756894415e+02 
       3.939359598244e-04       5.311126264530e+02 
       3.984975232525e-04       5.370134614146e+02 
       4.031119070957e-04       5.429788630278e+02 
       4.077797229855e-04       5.490095058078e+02 
       4.125015896359e-04       5.551060706665e+02 
       4.172781329252e-04       5.612692444919e+02 
       4.221099859791e-04       5.674997200935e+02 
       4.269977892544e-04       5.737981966520e+02 
       4.319421906241e-04       5.801653793329e+02 
       4.369438454634e-04       5.866019798006e+02 
       4.420034167361e-04       5.931087159612e+02 
       4.471215750829e-04       5.996863115290e+02 
       4.522989989102e-04       6.063354968193e+02 
       4.575363744799e-04       6.130570085118e+02 
       4.628343960004e-04       6.198515891429e+02 
       4.681937657188e-04       6.267199883938e+02 
       4.736151940137e-04       6.336629615163e+02 
       4.790993994896e-04       6.406812705212e+02 
       4.846471090719e-04       6.477756835467e+02 
       4.902590581036e-04       6.549469752662e+02 
       4.959359904424e-04       6.621959272226e+02 
       5.016786585596e-04       6.695233265777e+02 
       5.074878236395e-04       6.769299675648e+02 
       5.133642556808e-04       6.844166503243e+02 
       5.193087335981e-04       6.919841821462e+02 
       5.253220453256e-04       6.996333761379e+02 
       5.314049879212e-04       7.073650521670e+02 
       5.375583676723e-04       7.151800370837e+02 
       5.437830002028e-04       7.230791628501e+02 
       5.500797105809e-04       7.310632701440e+02 
       5.564493334289e-04       7.391332032719e+02 
       5.628927130333e-04       7.472898161677e+02 
       5.694107034571e-04       7.555339670337e+02 
       5.760041686529e-04       7.638665211910e+02 
       5.826739825773e-04       7.722883506994e+02 
       5.894210293070e-04       7.808003345588e+02 
       5.962462031557e-04       7.894033571307e+02 
       6.031504087928e-04       7.980983105480e+02 
       6.101345613632e-04       8.068860917018e+02 
       6.171995866089e-04       8.157676061871e+02 
       6.243464209913e-04       8.247437650074e+02 
       6.315760118155e-04       8.338154851929e+02 
       6.388893173559e-04       8.429836909339e+02 
       6.462873069834e-04       8.522493123068e+02 
       6.537709612934e-04       8.616132871609e+02 
       6.613412722361e-04       8.710765582026e+02 
       6.689992432481e-04       8.806400749854e+02 
       6.767458893852e-04       8.903047940506e+02 
       6.845822374570e-04       9.000716778815e+02 
       6.925093261627e-04       9.099416947460e+02 
       7.005282062296e-04       9.199158205354e+02 
       7.086399405514e-04       9.299950365181e+02 
       7.168456043297e-04       9.401803318073e+02 
       7.251462852165e-04       9.504726983374e+02 
       7.335430834579e-04       9.608731380111e+02 
       7.420371120404e-04       9.713826551191e+02 
       7.506294968385e-04       9.820022633161e+02 
       7.593213767632e-04       9.927329824890e+02 
       7.681139039140e-04       1.003575838062e+03 
       7.770082437308e-04       1.014531857656e+03 
       7.860055751486e-04       1.025602081275e+03 
       7.951070907541e-04       1.036787550486e+03 
       8.043139969432e-04       1.048089311954e+03 
       8.136275140814e-04       1.059508422239e+03 
       8.230488766653e-04       1.071045941024e+03 
       8.325793334863e-04       1.082702934923e+03 
       8.422201477962e-04       1.094480475458e+03 
       8.519725974743e-04       1.106379637086e+03 
       8.618379751975e-04       1.118401504400e+03 
       8.718175886107e-04       1.130547164676e+03 
       8.819127605010e-04       1.142817710761e+03 
       8.921248289724e-04       1.155214241995e+03 
       9.024551476237e-04       1.167737864046e+03 
       9.129050857272e-04       1.180389679943e+03 
       9.234760284110e-04       1.193170808194e+03 
       9.341693768421e-04       1.206082363408e+03 
       9.449865484122e-04       1.219125471190e+03 
       9.559289769258e-04       1.232301257229e+03 
       9.669981127898e-04       1.245610854443e+03 
       9.781954232063e-04       1.259055399998e+03 
       9.895223923665e-04       1.272636032834e+03 
       1.000980521648e-03       1.286353895560e+03 
       1.012571329814e-03       1.300210139207e+03 
       1.024296353212e-03       1.314205914784e+03 
       1.036157145983e-03       1.328342379504e+03 
       1.048155280261e-03       1.342620686541e+03 
       1.060292346386e-03       1.357042000804e+03 
       1.072569953113e-03       1.371607486941e+03 
       1.084989727825e-03       1.386318312118e+03 
       1.097553316751e-03       1.401175645543e+03 
       1.110262385180e-03       1.416180658660e+03 
       1.123118617686e-03       1.431334525253e+03 
       1.136123718348e-03       1.446638419143e+03 
       1.149279410978e-03       1.462093521696e+03 
       1.162587439349e-03       1.477701006873e+03 
       1.176049567426e-03       1.493462050988e+03 
       1.189667579600e-03       1.509377839432e+03 
       1.203443280922e-03       1.525449548709e+03 
       1.217378497348e-03       1.541678355896e+03 
       1.231475075975e-03       1.558065444969e+03 
       1.245734885290e-03       1.574611987325e+03 
       1.260159815414e-03       1.591319168348e+03 
       1.274751778356e-03       1.608188159796e+03 
       1.289512708267e-03       1.625220133090e+03 
       1.304444561690e-03       1.642416268616e+03 
       1.319549317826e-03       1.659777721714e+03 
       1.334828978796e-03       1.677305672723e+03 
       1.350285569900e-03       1.695001273817e+03 
       1.365921139895e-03       1.712865689760e+03 
       1.381737761257e-03       1.730900071953e+03 
       1.397737530463e-03       1.749105571935e+03 
       1.413922568264e-03       1.767483333844e+03 
       1.430295019970e-03       1.786034496158e+03 
       1.446857055732e-03       1.804760198480e+03 
       1.463610870830e-03       1.823661566462e+03 
       1.480558685963e-03       1.842739708729e+03 
       1.497702747546e-03       1.861995748757e+03 
       1.515045328006e-03       1.881430794032e+03 
       1.532588726083e-03       1.901045625723e+03 
       1.550335267136e-03       1.920840167255e+03 
       1.568287303450e-03       1.940816936687e+03 
       1.586447214546e-03       1.960977025682e+03 
       1.604817407503e-03       1.981321461708e+03 
       1.623400317268e-03       2.001851305697e+03 
       1.642198406988e-03       2.022567589457e+03 
       1.661214168327e-03       2.043471349703e+03 
       1.680450121805e-03       2.064563604822e+03 
       1.699908817127e-03       2.085845319396e+03 
       1.719592833521e-03       2.107317515271e+03 
       1.739504780082e-03       2.128981154167e+03 
       1.759647296118e-03       2.150837199516e+03 
       1.780023051497e-03       2.172886586121e+03 
       1.800634747003e-03       2.195130254683e+03 
       1.821485114695e-03       2.217569115563e+03 
       1.842576918266e-03       2.240204052670e+03 
       1.863912953411e-03       2.263035964495e+03 
       1.885496048199e-03       2.286065706629e+03 
       1.907329063447e-03       2.309294125174e+03 
       1.929414893096e-03       2.332722046637e+03 
       1.951756464598e-03       2.356350281235e+03 
       1.974356739307e-03       2.380179612735e+03 
       1.997218712862e-03       2.404210803038e+03 
       2.020345415595e-03       2.428444587591e+03 
       2.043739912924e-03       2.452881699219e+03 
       2.067405305765e-03       2.477522812235e+03 
       2.091344730940e-03       2.502368658777e+03 
       2.115561361593e-03       2.527419823158e+03 
       2.140058407614e-03       2.552676980328e+03 
       2.164839116058e-03       2.578140647039e+03 
       2.189906771583e-03       2.603811460488e+03 
       2.215264696878e-03       2.629689943564e+03 
       2.240916253109e-03       2.655776571149e+03 
       2.266864840362e-03       2.682071856455e+03 
       2.293113898094e-03       2.708576291014e+03 
       2.319666905590e-03       2.735290230911e+03 
       2.346527382421e-03       2.762214081101e+03 
       2.373698888916e-03       2.789348141434e+03 
       2.401185026627e-03       2.816692810343e+03 
       2.428989438812e-03       2.844248265581e+03 
       2.457115810917e-03       2.872014770383e+03 
       2.485567871060e-03       2.899992613514e+03 
       2.514349390533e-03       2.928181965828e+03 
       2.543464184294e-03       2.956582715420e+03 
       2.572916111478e-03       2.985195198089e+03 
       2.602709075905e-03       3.014019342053e+03 
       2.632847026602e-03       3.043055178156e+03 
       2.663333958320e-03       3.072302756851e+03 
       2.694173912069e-03       3.101761696807e+03 
       2.725370975652e-03       3.131432142453e+03 
       2.756929284206e-03       3.161313826817e+03 
       2.788853020750e-03       3.191406487067e+03 
       2.821146416741e-03       3.221709870990e+03 
       2.853813752634e-03       3.252223610059e+03 
       2.886859358449e-03       3.282947391638e+03 
       2.920287614345e-03       3.313880703134e+03 
       2.954102951201e-03       3.345023135634e+03 
       2.988309851204e-03       3.376374154333e+03 
       3.022912848440e-03       3.407932943319e+03 
       3.057916529500e-03       3.439699179674e+03 
       3.093325534084e-03       3.471671983434e+03 
       3.129144555617e-03       3.503850600150e+03 
       3.165378341871e-03       3.536234151097e+03 
       3.202031695596e-03       3.568821744736e+03 
       3.239109475154e-03       3.601612391701e+03 
       3.276616595165e-03       3.634605122758e+03 
       3.314558027156e-03       3.667798827431e+03 
       3.352938800223e-03       3.701192571413e+03 
       3.391764001696e-03       3.734784362378e+03 
       3.431038777814e-03       3.768573622754e+03 
       3.470768334406e-03       3.802558831250e+03 
       3.510957937581e-03       3.836738252226e+03 
       3.551612914427e-03       3.871110720683e+03 
       3.592738653719e-03       3.905674353939e+03 
       3.634340606627e-03       3.940427714577e+03 
       3.676424287447e-03       3.975368893182e+03 
       3.718995274323e-03       4.010495812707e+03 
       3.762059209995e-03       4.045806953766e+03 
       3.805621802540e-03       4.081300140053e+03 
       3.849688826133e-03       4.116973304343e+03 
       3.894266121810e-03       4.152824605514e+03 
       3.939359598244e-03       4.188850826104e+03 
       3.984975232525e-03       4.225050637103e+03 
       4.031119070957e-03       4.261420823959e+03 
       4.077797229855e-03       4.297959489385e+03 
       4.125015896359e-03       4.334663743261e+03 
       4.172781329252e-03       4.371531039544e+03 
       4.221099859791e-03       4.408558392597e+03 
       4.269977892544e-03       4.445742691119e+03 
       4.319421906242e-03       4.483081524372e+03 
       4.369438454634e-03       4.520571254389e+03 
       4.420034167361e-03       4.558208929009e+03 
       4.471215750829e-03       4.595991199149e+03 
       4.522989989102e-03       4.633914633144e+03 
       4.575363744799e-03       4.671975703698e+03 
       4.628343960004e-03       4.710170739147e+03 
       4.681937657188e-03       4.748496202027e+03 
       4.736151940137e-03       4.786948191835e+03 
       4.790993994896e-03       4.825522985831e+03 
       4.846471090719e-03       4.864215633070e+03 
       4.902590581036e-03       4.903023050884e+03 
       4.959359904424e-03       4.941940207754e+03 
       5.016786585596e-03       4.980963027687e+03 
       5.074878236395e-03       5.020087581857e+03 
       5.133642556808e-03       5.059307472654e+03 
       5.193087335982e-03       5.098619507944e+03 
       5.253220453256e-03       5.138017840679e+03 
       5.314049879212e-03       5.177498059935e+03 
       5.375583676723e-03       5.217054777723e+03 
       5.437830002028e-03       5.256682546134e+03 
       5.500797105809e-03       5.296375936206e+03 
       5.564493334289e-03       5.336129707126e+03 
       5.628927130333e-03       5.375938109488e+03 
       5.694107034571e-03       5.415795119524e+03 
       5.760041686529e-03       5.455695493768e+03 
       5.826739825773e-03       5.495631028111e+03 
       5.894210293070e-03       5.535597341164e+03 
       5.962462031557e-03       5.575587425487e+03 
       6.031504087928e-03       5.615596390353e+03 
       6.101345613632e-03       5.655627442215e+03 
       6.171995866089e-03       5.695654435428e+03 
       6.243464209913e-03       5.735676320737e+03 
       6.315760118155e-03       5.775687211297e+03 
       6.388893173559e-03       5.815816374251e+03 
       6.462873069834e-03       5.855826323228e+03 
       6.537709612934e-03       5.895775633396e+03 
       6.613412722361e-03       5.935668407903e+03 
       6.689992432482e-03       5.975498736515e+03 
       6.767458893853e-03       6.015284770195e+03 
       6.845822374570e-03       6.055012028073e+03 
       6.925093261627e-03       6.094669544524e+03 
       7.005282062296e-03       6.134249472696e+03 
       7.086399405514e-03       6.173737997118e+03 
       7.168456043297e-03       6.213127842508e+03 
       7.251462852165e-03       6.252405626714e+03 
       7.335430834579e-03       6.291566960512e+03 
       7.420371120405e-03       6.330605114211e+03 
       7.506294968385e-03       6.369515483809e+03 
       7.593213767632e-03       6.408282311403e+03 
       7.681139039140e-03       6.446895963666e+03 
       7.770082437308e-03       6.485346375695e+03 
       7.860055751487e-03       6.523622401703e+03 
       7.951070907541e-03       6.561715378614e+03 
       8.043139969432e-03       6.599614340110e+03 
       8.136275140814e-03       6.637309797883e+03 
       8.230488766653e-03       6.674791226455e+03 
       8.325793334863e-03       6.712038860192e+03 
       8.422201477962e-03       6.749055013172e+03 
       8.519725974743e-03       6.785823340318e+03 
       8.618379751975e-03       6.822333264616e+03 
       8.718175886107e-03       6.858572175692e+03 
       8.819127605010e-03       6.894525767631e+03 
       8.921248289725e-03       6.930188044065e+03 
       9.024551476237e-03       6.965543273864e+03 
       9.129050857272e-03       7.000578523358e+03 
       9.234760284110e-03       7.035282710316e+03 
       9.341693768421e-03       7.069643350318e+03 
       9.449865484122e-03       7.103646301786e+03 
       9.559289769258e-03       7.137278553501e+03 
       9.669981127898e-03       7.170528452907e+03 
       9.781954232063e-03       7.203384119529e+03 
       9.895223923665e-03       7.235828796573e+03 
       1.000980521648e-02       7.267851146850e+03 
       1.012571329814e-02       7.299438279637e+03 
       1.024296353212e-02       7.330572951814e+03 
       1.036157145983e-02       7.361245188048e+03 
       1.048155280261e-02       7.391437742994e+03 
       1.060292346386e-02       7.421140647719e+03 
       1.072569953113e-02       7.450334241074e+03 
       1.084989727825e-02       7.479009175989e+03 
       1.097553316751e-02       7.507145183287e+03 
       1.110262385180e-02       7.534733218532e+03 
       1.123118617686e-02       7.561755308363e+03 
       1.136123718348e-02       7.588194168607e+03 
       1.149279410978e-02       7.614041422212e+03 
       1.162587439349e-02       7.639273412384e+03 
       1.176049567426e-02       7.663883571761e+03 
       1.189667579600e-02       7.687849852102e+03 
       1.203443280922e-02       7.711156715376e+03 
       1.217378497348e-02       7.733796936427e+03 
       1.231475075975e-02       7.755747209162e+03 
       1.245734885290e-02       7.777006227521e+03 
       1.260159815414e-02       7.797518731805e+03 
       1.274751778357e-02       7.817311111363e+03 
       1.289512708267e-02       7.836351947508e+03 
       1.304444561690e-02       7.854627940885e+03 
       1.319549317826e-02       7.872124337788e+03 
       1.334828978796e-02       7.888818944391e+03 
       1.350285569901e-02       7.904702369765e+03 
       1.365921139895e-02       7.919757719422e+03 
       1.381737761257e-02       7.933964196249e+03 
       1.397737530463e-02       7.947314163772e+03 
       1.413922568265e-02       7.959785839400e+03 
       1.430295019972e-02       7.971364807035e+03 
       1.446857055734e-02       7.982039848651e+03 
       1.463610870833e-02       7.991787354431e+03 
       1.480558685968e-02       8.000601631774e+03 
       1.497702747554e-02       8.008461985456e+03 
       1.515045328019e-02       8.015355199738e+03 
       1.532588726103e-02       8.021269342412e+03 
       1.550335267166e-02       8.026189490666e+03 
       1.568287303495e-02       8.030100103483e+03 
       1.586447214615e-02       8.032973068018e+03 
       1.604817407605e-02       8.034825131983e+03 
       1.623400317421e-02       8.035621842625e+03 
       1.642198407214e-02       8.035352868574e+03 
       1.661214168662e-02       8.034013146332e+03 
       1.680450122296e-02       8.031582985251e+03 
       1.699908817843e-02       8.028051613669e+03 
       1.719592834562e-02       8.023410130532e+03 
       1.739504781587e-02       8.017654877220e+03 
       1.759647298284e-02       8.010745647835e+03 
       1.780023054598e-02       8.002711884942e+03 
       1.800634751422e-02       7.993528453430e+03 
       1.821485120963e-02       7.983178065997e+03 
       1.842576927114e-02       7.971653263205e+03 
       1.863912965845e-02       7.958972618618e+03 
       1.885496065591e-02       7.945101499278e+03 
       1.907329087663e-02       7.930033476778e+03 
       1.929414926664e-02       7.913781998005e+03 
       1.951756510923e-02       7.896312906741e+03 
       1.974356802953e-02       7.877668105554e+03 
       1.997218799928e-02       7.857804418101e+03 
       2.020345534183e-02       7.836745521803e+03 
       2.043740073760e-02       7.814486536256e+03 
       2.067405522979e-02       7.790995213086e+03 
       2.091345023071e-02       7.766303983799e+03 
       2.115561752858e-02       7.740416467555e+03 
       2.140058929510e-02       7.713320570858e+03 
       2.164839809387e-02       7.685027127122e+03 
       2.189907688971e-02       7.655544053352e+03 
       2.215265905934e-02       7.624878461458e+03 
       2.240917840327e-02       7.593047773127e+03 
       2.266866915957e-02       7.560010519068e+03 
       2.293116601948e-02       7.525845624150e+03 
       2.319670414535e-02       7.490495713179e+03 
       2.346531919132e-02       7.454029563804e+03 
       2.373704732712e-02       7.416433648873e+03 
       2.401192526549e-02       7.377759521152e+03 
       2.428999029376e-02       7.337961986111e+03 
       2.457128031032e-02       7.297119668195e+03 
       2.485583386644e-02       7.255205013471e+03 
       2.514369021447e-02       7.212295165341e+03 
       2.543488936293e-02       7.168331117765e+03 
       2.572947213965e-02       7.123404203562e+03 
       2.602748026377e-02       7.077505643069e+03 
       2.632895642768e-02       7.030683375948e+03 
       2.663394438998e-02       6.982950580928e+03 
       2.694248908065e-02       6.934324709680e+03 
       2.725463671970e-02       6.884842653476e+03 
       2.757043495045e-02       6.834558991798e+03 
       2.788993298905e-02       6.783487462464e+03 
       2.821318179129e-02       6.731647094705e+03 
       2.854023423853e-02       6.679106121070e+03 
       2.887114534381e-02       6.625876577728e+03 
       2.920597248009e-02       6.572010521619e+03 
       2.954477563170e-02       6.517523110452e+03 
       2.988761767093e-02       6.462495079842e+03 
       3.023456466108e-02       6.406901803010e+03 
       3.058568618760e-02       6.350867622266e+03 
       3.094105571900e-02       6.294337589636e+03 
       3.130075099896e-02       6.237433521906e+03 
       3.166485447136e-02       6.180162487497e+03 
       3.203345373991e-02       6.122566368800e+03 
       3.240664206392e-02       6.064709621772e+03 
       3.278451889204e-02       6.006621294623e+03 
       3.316719043584e-02       5.948312141381e+03 
       3.355477028497e-02       5.889864820474e+03 
       3.394738006615e-02       5.831327329937e+03 
       3.434515014804e-02       5.772740232829e+03 
       3.474822039460e-02       5.714099165536e+03 
       3.515674096940e-02       5.655499355753e+03 
       3.557087319415e-02       5.596957441125e+03 
       3.599079046452e-02       5.538526964729e+03 
       3.641667922723e-02       5.480236083126e+03 
       3.684874002259e-02       5.422128718555e+03 
       3.728718859727e-02       5.364261111619e+03 
       3.773225709273e-02       5.306655928495e+03 
       3.818419531545e-02       5.249347124445e+03 
       3.864327209580e-02       5.192353264207e+03 
       3.910977674334e-02       5.135721139398e+03 
       3.958402060702e-02       5.079515800139e+03 
       4.006633875022e-02       5.023731747021e+03 
       4.055709175115e-02       4.968460803235e+03 
       4.105666764066e-02       4.913625063502e+03 
       4.156548399062e-02       4.859319076181e+03 
       4.208399016748e-02       4.805579760414e+03 
       4.261266976697e-02       4.752425243836e+03 
       4.315204324738e-02       4.699823811837e+03 
       4.370267078055e-02       4.647857540863e+03 
       4.426515534116e-02       4.596514078828e+03 
       4.484014605661e-02       4.545828383777e+03 
       4.542834184138e-02       4.495784909303e+03 
       4.603049534123e-02       4.446413623970e+03 
       4.664741721408e-02       4.397721419716e+03 
       4.727998077553e-02       4.349673105419e+03 
       4.792912703781e-02       4.302284127759e+03 
       4.859587017133e-02       4.255529159711e+03 
       4.928130341753e-02       4.209403983871e+03 
       4.998660548058e-02       4.163866787249e+03 
       5.071304742268e-02       4.118854555591e+03 
       5.146200008355e-02       4.074351619115e+03 
       5.223494203833e-02       4.030232451217e+03 
       5.303346809851e-02       3.986457370322e+03 
       5.385929834803e-02       3.942941366316e+03 
       5.471428768934e-02       3.899485432191e+03 
       5.560043585124e-02       3.855958565415e+03 
       5.651989778139e-02       3.812169844623e+03 
       5.747499430885e-02       3.767898913719e+03 
       5.846822291585e-02       3.722873586143e+03 
       5.950226840095e-02       3.676804058853e+03 
       6.058001314803e-02       3.629333187624e+03 
       6.170454663534e-02       3.580065833945e+03 
       6.287917372777e-02       3.528570519026e+03 
       6.410742119504e-02       3.474329837101e+03 
       6.539304179228e-02       3.416853402962e+03 
       6.674001513515e-02       3.355582180726e+03 
       6.815254450840e-02       3.289964536740e+03 
       6.963504868073e-02       3.219482119957e+03 
       7.119214777839e-02       3.143650983376e+03 
       7.282864231930e-02       3.062116356358e+03 
       7.454948465552e-02       2.974667469872e+03 
       7.635974234081e-02       2.881324908146e+03 
       7.826455335384e-02       2.782372445526e+03 
       8.026907367405e-02       2.678478531139e+03 
       8.237841841623e-02       2.570645347082e+03 
       8.459759853934e-02       2.460299120012e+03 
       8.693145598104e-02       2.349253949311e+03 
       8.938460082339e-02       2.239557595112e+03 
       9.196135463600e-02       2.133461511799e+03 
       9.466570433860e-02       2.033131037839e+03 
       9.750127066866e-02       1.940517680086e+03 
       1.004712945878e-01       1.857018989189e+03 
       1.035786437486e-01       1.783262763675e+03 
       1.068258396019e-01       1.718946579769e+03 
       1.102151040512e-01       1.662747287138e+03 
       1.137484229949e-01       1.612312929262e+03 
       1.174276228547e-01       1.564507458129e+03 
       1.212544554205e-01       1.515807212127e+03 
       1.252306861197e-01       1.462918650655e+03 
       1.293581810889e-01       1.403516782696e+03 
       1.336389890887e-01       1.336859295040e+03 
       1.380754151868e-01       1.264168497868e+03 
       1.426700840905e-01       1.188452426248e+03 
       1.474259918887e-01       1.113839238021e+03 
       1.523465456739e-01       1.044577099333e+03 
       1.574355910149e-01       9.839575861116e+02 
       1.626974275136e-01       9.334824792223e+02 
       1.681368127389e-01       8.924798498931e+02 
       1.737589547175e-01       8.582720187443e+02 
       1.795694929091e-01       8.269207568700e+02 
       1.855744672606e-01       7.945253395188e+02 
       1.917802745446e-01       7.582883409431e+02 
       1.981936107937e-01       7.176639950903e+02 
       2.048213982686e-01       6.747714749139e+02 
       2.116706950983e-01       6.333203583320e+02 
       2.187485855412e-01       5.964630413549e+02 
       2.260620487937e-01       5.654914124345e+02 
       2.336178044956e-01       5.396805509813e+02 
       2.414221336069e-01       5.168121898139e+02 
       2.494806742594e-01       4.940375098762e+02 
       2.577981935836e-01       4.696233872159e+02 
       2.663783384387e-01       4.440054933548e+02 
       2.752233704411e-01       4.190233049688e+02 
       2.843338936221e-01       3.965835209935e+02 
       2.937085862862e-01       3.773907314934e+02 
       3.033439518627e-01       3.603833393544e+02 
       3.132341063002e-01       3.440041452013e+02 
       3.233706212741e-01       3.274756328907e+02 
       3.337424425450e-01       3.110738350509e+02 
       3.443359006758e-01       2.957958105863e+02 
       3.551348266982e-01       2.821432194062e+02 
       3.661207782798e-01       2.698512144698e+02 
       3.772733730730e-01       2.582807701297e+02 
       3.885707162722e-01       2.470578348363e+02 
       3.999899003504e-01       2.363877626677e+02 
       4.115075479337e-01       2.265065862091e+02 
       4.231003649478e-01       2.174919204246e+02 
       4.347456711370e-01       2.091517488566e+02 
       4.464218787005e-01       2.013341892698e+02 
       4.581088963390e-01       1.939488990493e+02 
       4.697884442700e-01       1.870252356795e+02 
       4.814442743988e-01       1.806024858124e+02 
       4.930622976587e-01       1.746539252090e+02 
       5.046306267307e-01       1.691077784690e+02 
       5.161395465283e-01       1.638828566540e+02 
       5.275814269857e-01       1.589723059981e+02 
       5.389505930996e-01       1.543652980381e+02 
       5.502431662750e-01       1.500593379170e+02 
       5.614568892820e-01       1.460108028582e+02 
       5.725909449631e-01       1.421983725714e+02 
       5.836457765645e-01       1.385956892684e+02 
       5.946229154351e-01       1.351874318017e+02 
       6.055248199680e-01       1.319650772326e+02 
       6.163547281195e-01       1.289108093866e+02 
       6.271165246312e-01       1.260169629580e+02 
       6.378146231770e-01       1.232622586097e+02 
       6.484538630220e-01       1.206392747389e+02 
       6.590394193557e-01       1.181363746665e+02 
       6.695767262109e-01       1.157452166258e+02 
       6.800714107515e-01       1.134606168986e+02 
       6.905292376791e-01       1.112702863920e+02 
       7.009560625306e-01       1.091713192000e+02 
       7.113577927096e-01       1.071534669651e+02 
       7.217403551832e-01       1.052124357698e+02 
       7.321096698753e-01       1.033439998175e+02 
       7.424716278969e-01       1.015409346549e+02 
       7.528320738533e-01       9.980200114086e+01 
       7.631967915690e-01       9.811987388204e+01 
       7.735714926582e-01       9.649257467688e+01 
       7.839618074539e-01       9.491654562697e+01 
       7.943732778782e-01       9.338728007759e+01 
       8.048113519051e-01       9.190421494393e+01 
       8.152813793196e-01       9.046213108949e+01 
       8.257886085308e-01       8.906057852282e+01 
       8.363381842343e-01       8.769628953763e+01 
       8.469351457626e-01       8.636688353173e+01 
       8.575844259862e-01       8.507170220968e+01 
       8.682908506625e-01       8.380713852524e+01 
       8.790591381466e-01       8.257346644963e+01 
       8.898938994016e-01       8.136761270244e+01 
       9.007996382587e-01       8.018901142626e+01 
       9.117807518950e-01       7.903622674961e+01 
       9.228415315023e-01       7.790746971879e+01 
       9.339861631356e-01       7.680268520444e+01 
       9.452187287314e-01       7.571946813728e+01 
       9.565432072948e-01       7.465821817095e+01 
       9.679634762558e-01       7.361684412462e+01 
       9.794833130005e-01       7.259533929444e+01 
       9.911063965817e-01       7.159214988295e+01 
       1.002836309615e+00       7.060719297185e+01 
       1.014676540368e+00       6.963955452680e+01 
       1.026630485040e+00       6.868845589049e+01 
       1.038701450250e+00       6.775358506313e+01 
       1.050892655713e+00       6.683399841985e+01 
       1.063207237122e+00       6.592959439509e+01 
       1.075648249217e+00       6.503938394695e+01 
       1.088218669041e+00       6.416355165048e+01 
       1.100921399372e+00       6.330095924675e+01 
       1.113759272313e+00       6.245184339624e+01 
       1.126735053027e+00       6.161528288091e+01 
       1.139851443603e+00       6.079141944224e+01 
       1.153111087023e+00       5.997948100863e+01 
       1.166516571218e+00       5.917947511897e+01 
       1.180070433185e+00       5.839085142343e+01 
       1.193775163139e+00       5.761343480234e+01 
       1.207633208682e+00       5.684701145556e+01 
       1.221646978958e+00       5.609114902902e+01 
       1.235818848781e+00       5.534587226388e+01 
       1.250151162697e+00       5.461052893026e+01 
       1.264646238976e+00       5.388534291124e+01 
       1.279306373506e+00       5.316969429349e+01 
       1.294133843569e+00       5.246370871361e+01 
       1.309130911491e+00       5.176695715581e+01 
       1.324299828146e+00       5.107931184686e+01 
       1.339642836312e+00       5.040074309237e+01 
       1.355162173854e+00       4.973081596030e+01 
       1.370860076750e+00       4.906959201048e+01 
       1.386738781939e+00       4.841681656347e+01 
       1.402800529994e+00       4.777224680511e+01 
       1.419047567628e+00       4.713593350636e+01 
       1.435482150024e+00       4.650754501613e+01 
       1.452106542999e+00       4.588697195714e+01 
       1.468923025003e+00       4.527419374849e+01 
       1.485933888974e+00       4.466891494057e+01 
       1.503141444028e+00       4.407106554338e+01 
       1.520548017029e+00       4.348059513024e+01 
       1.538155954009e+00       4.289726032057e+01 
       1.555967621483e+00       4.232097762546e+01 
       1.573985407644e+00       4.175170375940e+01 
       1.592211723455e+00       4.118928235607e+01 
       1.610649003648e+00       4.063354690459e+01 
       1.629299707647e+00       4.008444802868e+01 
       1.648166320403e+00       3.954192263600e+01 
       1.667251353167e+00       3.900580297363e+01 
       1.686557344210e+00       3.847599270085e+01 
       1.706086859482e+00       3.795242755143e+01 
       1.725842493228e+00       3.743502656591e+01 
       1.745826868572e+00       3.692366654575e+01 
       1.766042638055e+00       3.641825237752e+01 
       1.786492484156e+00       3.591870895196e+01 
       1.807179119785e+00       3.542497992182e+01 
       1.828105288757e+00       3.493696967031e+01 
       1.849273766248e+00       3.445459243187e+01 
       1.870687359241e+00       3.397777062031e+01 
       1.892348906963e+00       3.350642759252e+01 
       1.914261281308e+00       3.304049908761e+01 
       1.936427387266e+00       3.257990764078e+01 
       1.958850163334e+00       3.212460454962e+01 
       1.981532581936e+00       3.167450010950e+01 
       2.004477649838e+00       3.122953583879e+01 
       2.027688408563e+00       3.078964412237e+01 
       2.051167934808e+00       3.035476384120e+01 
       2.074919340857e+00       2.992483551593e+01 
       2.098945775011e+00       2.949980217299e+01 
       2.123250422003e+00       2.907960293030e+01 
       2.147836503429e+00       2.866418150439e+01 
       2.172707278179e+00       2.825348733256e+01 
       2.197866042868e+00       2.784746498829e+01 
       2.223316132279e+00       2.744606017531e+01 
       2.249060919808e+00       2.704921669385e+01 
       2.275103817904e+00       2.665689689044e+01 
       2.301448278533e+00       2.626904675079e+01 
       2.328097793629e+00       2.588561554423e+01 
       2.355055895558e+00       2.550655778150e+01 
       2.382326157591e+00       2.513182807651e+01 
       2.409912194372e+00       2.476138285772e+01 
       2.437817662402e+00       2.439518009143e+01 
       2.466046260521e+00       2.403317273489e+01 
       2.494601730400e+00       2.367532316812e+01 
       2.523487857035e+00       2.332158877572e+01 
       2.552708469252e+00       2.297193165154e+01 
       2.582267440211e+00       2.262630963011e+01 
       2.612168687922e+00       2.228468387922e+01 
       2.642416175763e+00       2.194701783730e+01 
       2.673013913006e+00       2.161327421769e+01 
       2.703965955348e+00       2.128341977086e+01 
       2.735276405449e+00       2.095741999151e+01 
       2.766949413474e+00       2.063523103240e+01 
       2.798989177646e+00       2.031682444318e+01 
       2.831399944803e+00       2.000216729310e+01 
       2.864186010955e+00       1.969122396408e+01 
       2.897351721861e+00       1.938396192239e+01 
       2.930901473599e+00       1.908035221583e+01 
       2.964839713153e+00       1.878035851270e+01 
       2.999170938999e+00       1.848395183252e+01 
       3.033899701705e+00       1.819110330128e+01 
       3.069030604530e+00       1.790178036156e+01 
       3.104568304037e+00       1.761595284633e+01 
       3.140517510711e+00       1.733359363173e+01 
       3.176882989579e+00       1.705467059799e+01 
       3.213669560845e+00       1.677915712452e+01 
       3.250882100532e+00       1.650702536913e+01 
       3.288525541119e+00       1.623824639950e+01 
       3.326604872205e+00       1.597279220594e+01 
       3.365125141163e+00       1.571063546980e+01 
       3.404091453814e+00       1.545175006363e+01 
       3.443508975100e+00       1.519610964529e+01 
       3.483382929771e+00       1.494368588732e+01 
       3.523718603076e+00       1.469445373342e+01 
       3.564521341465e+00       1.444838698320e+01 
       3.605796553297e+00       1.420546029335e+01 
       3.647549709556e+00       1.396564827817e+01 
       3.689786344579e+00       1.372892517257e+01 
       3.732512056785e+00       1.349526613169e+01 
       3.775732509421e+00       1.326464622629e+01 
       3.819453431311e+00       1.303704071282e+01 
       3.863680617617e+00       1.281242553803e+01 
       3.908419930604e+00       1.259077612840e+01 
       3.953677300418e+00       1.237206835683e+01 
       3.999458725877e+00       1.215627820468e+01 
       4.045770275258e+00       1.194338182757e+01 
       4.092618087106e+00       1.173335598508e+01 
       4.140008371049e+00       1.152617657179e+01 
       4.187947408617e+00       1.132182069049e+01 
       4.236441554078e+00       1.112026449843e+01 
       4.285497235278e+00       1.092148517650e+01 
       4.335120954495e+00       1.072545965948e+01 
       4.385319289299e+00       1.053216476878e+01 
       4.436098893424e+00       1.034157782902e+01 
       4.487466497653e+00       1.015367575761e+01 
       4.539428910705e+00       9.968436271215e+00 
       4.591993020143e+00       9.785836344049e+00 
       4.645165793282e+00       9.605853580944e+00 
       4.698954278114e+00       9.428465422547e+00 
       4.753365604247e+00       9.253649481595e+00 
       4.808406983842e+00       9.081383370725e+00 
       4.864085712575e+00       8.911644715548e+00 
       4.920409170600e+00       8.744411153970e+00 
       4.977384823531e+00       8.579660500985e+00 
       5.035020223428e+00       8.417370480075e+00 
       5.093323009803e+00       8.257518891248e+00 
       5.152300910626e+00       8.100083554427e+00 
       5.211961743354e+00       7.945042300064e+00 
       5.272313415966e+00       7.792372960570e+00 
       5.333363928010e+00       7.642053370130e+00 
       5.395121371665e+00       7.494061440886e+00 
       5.457593932815e+00       7.348374971630e+00 
       5.520789892129e+00       7.204971867420e+00 
       5.584717626164e+00       7.063829979384e+00 
       5.649385608470e+00       6.924927153243e+00 
       5.714802410720e+00       6.788241224460e+00 
       5.780976703839e+00       6.653750051181e+00 
       5.847917259159e+00       6.521431437681e+00 
       5.915632949577e+00       6.391263200382e+00 
       5.984132750735e+00       6.263223126128e+00 
       6.053425742208e+00       6.137288996796e+00 
       6.123521108705e+00       6.013438574253e+00 
       6.194428141293e+00       5.891649606838e+00 
       6.266156238621e+00       5.771899829040e+00 
       6.338714908172e+00       5.654166955686e+00 
       6.412113767517e+00       5.538428697438e+00 
       6.486362545598e+00       5.424662744022e+00 
       6.561471084007e+00       5.312846783162e+00 
       6.637449338302e+00       5.202958490615e+00 
       6.714307379318e+00       5.094975540646e+00 
       6.792055394503e+00       4.988875604671e+00 
       6.870703689275e+00       4.884636353320e+00 
       6.950262688378e+00       4.782235465542e+00 
       7.030742937272e+00       4.681650626412e+00 
       7.112155103528e+00       4.582859535554e+00 
       7.194509978238e+00       4.485839909064e+00 
       7.277818477454e+00       4.390569485846e+00 
       7.362091643625e+00       4.297026030303e+00 
       7.447340647070e+00       4.205187339125e+00 
       7.533576787450e+00       4.115031246014e+00 
       7.620811495274e+00       4.026535626725e+00 
       7.709056333407e+00       3.939678404824e+00 
       7.798322998607e+00       3.854437557086e+00 
       7.888623323073e+00       3.770791119308e+00 
       7.979969276016e+00       3.688717191913e+00 
       8.072372965243e+00       3.608193945825e+00 
       8.165846638763e+00       3.529199628195e+00 
       8.260402686410e+00       3.451712568223e+00 
       8.356053641485e+00       3.375711182945e+00 
       8.452812182420e+00       3.301173982963e+00 
       8.550691134454e+00       3.228079578154e+00 
       8.649703471336e+00       3.156406683259e+00 
       8.749862317044e+00       3.086134123465e+00 
       8.851180947525e+00       3.017240839830e+00 
       8.953672792452e+00       2.949705894623e+00 
       9.057351437011e+00       2.883508476540e+00 
       9.162230623691e+00       2.818627905777e+00 
       9.268324254117e+00       2.755043638991e+00 
       9.375646390884e+00       2.692735274094e+00 
       9.484211259424e+00       2.631682554889e+00 
       9.594033249894e+00       2.571865375562e+00 
       9.705126919079e+00       2.513263785014e+00 
       9.817506992325e+00       2.455857990994e+00 
       9.931188365488e+00       2.399628364083e+00 
       1.004618610691e+01       2.344555441517e+00 
       1.016251545942e+01       2.290619930800e+00 
       1.028019184235e+01       2.237802713182e+00 
       1.039923085357e+01       2.186084846927e+00 
       1.051964827158e+01       2.135447570413e+00 
       1.064146005757e+01       2.085872305085e+00 
       1.076468235757e+01       2.037340658189e+00 
       1.088933150455e+01       1.989834425354e+00 
       1.101542402063e+01       1.943335593029e+00 
       1.114297661923e+01       1.897826340693e+00 
       1.127200620731e+01       1.853289042957e+00 
       1.140252988760e+01       1.809706271459e+00 
       1.153456496088e+01       1.767060796618e+00 
       1.166812892826e+01       1.725335589226e+00 
       1.180323949348e+01       1.684513821880e+00 
       1.193991456531e+01       1.644578870262e+00 
       1.207817225989e+01       1.605514314274e+00 
       1.221803090312e+01       1.567303939014e+00 
       1.235950903310e+01       1.529931735621e+00 
       1.250262540263e+01       1.493381901978e+00 
       1.264739898161e+01       1.457638843269e+00 
       1.279384895962e+01       1.422687172411e+00 
       1.294199474846e+01       1.388511710359e+00 
       1.309185598468e+01       1.355097486273e+00 
       1.324345253223e+01       1.322429737576e+00 
       1.339680448507e+01       1.290493909883e+00 
       1.355193216983e+01       1.259275656819e+00 
       1.370885614853e+01       1.228760839728e+00 
       1.386759722125e+01       1.198935527264e+00 
       1.402817642897e+01       1.169785994895e+00 
       1.419061505628e+01       1.141298724285e+00 
       1.435493463425e+01       1.113460402598e+00 
       1.452115694325e+01       1.086257921696e+00 
       1.468930401587e+01       1.059678377256e+00 
       1.485939813983e+01       1.033709067790e+00 
       1.503146186092e+01       1.008337493596e+00 
       1.520551798600e+01       9.835513556175e-01 
       1.538158958602e+01       9.593385542350e-01 
       1.555969999907e+01       9.356871879823e-01 
       1.573987283351e+01       9.125855521940e-01 
       1.592213197104e+01       8.900221375883e-01 
       1.610650156992e+01       8.679856287867e-01 
       1.629300606814e+01       8.464649027752e-01 
       1.648167018666e+01       8.254490273097e-01 
       1.667251893271e+01       8.049272592682e-01 
       1.686557760309e+01       7.848890429541e-01 
       1.706087178751e+01       7.653240083518e-01 
       1.725842737201e+01       7.462219693395e-01 
       1.745827054236e+01       7.275729218606e-01 
       1.766042778757e+01       7.093670420569e-01 
       1.786492590334e+01       6.915946843671e-01 
       1.807179199570e+01       6.742463795916e-01 
       1.828105348451e+01       6.573128329283e-01 
       1.849273810715e+01       6.407849219795e-01 
       1.870687392220e+01       6.246536947351e-01 
       1.892348931313e+01       6.089103675316e-01 
       1.914261299207e+01       5.935463229919e-01 
       1.936427400363e+01       5.785531079460e-01 
       1.958850172873e+01       5.639224313358e-01 
       1.981532588852e+01       5.496461621065e-01 
       2.004477654829e+01       5.357163270855e-01 
       2.027688412148e+01       5.221251088513e-01 
       2.051167937370e+01       5.088648435948e-01 
       2.074919342680e+01       4.959280189738e-01 
       2.098945776301e+01       4.833072719638e-01 
       2.123250422912e+01       4.709953867049e-01 
       2.147836504066e+01       4.589852923486e-01 
       2.172707278623e+01       4.472700609042e-01 
       2.197866043176e+01       4.358429050876e-01 
       2.223316132492e+01       4.246971761731e-01 
       2.249060919954e+01       4.138263618502e-01 
       2.275103818004e+01       4.032240840857e-01 
       2.301448278601e+01       3.928840969945e-01 
       2.328097793675e+01       3.828002847169e-01 
       2.355055895589e+01       3.729666593072e-01 
       2.382326157612e+01       3.633773586322e-01 
       2.409912194386e+01       3.540266442810e-01 
       2.437817662411e+01       3.449088994886e-01 
       2.466046260527e+01       3.360186270720e-01 
       2.494601730404e+01       3.273504473814e-01 
       2.523487857038e+01       3.188990962663e-01 
       2.552708469253e+01       3.106594230581e-01 
       2.582267440212e+01       3.026263885690e-01 
       2.612168687923e+01       2.947950631086e-01 
       2.642416175764e+01       2.871606245187e-01 
       2.673013913007e+01       2.797183562266e-01 
       2.703965955348e+01       2.724636453178e-01 
       2.735276405449e+01       2.653919806282e-01 
       2.766949413474e+01       2.584989508567e-01 
       2.798989177647e+01       2.517802426987e-01 
       2.831399944803e+01       2.452316390004e-01 
       2.864186010955e+01       2.388490169341e-01 
       2.897351721861e+01       2.326283461964e-01 
       2.930901473599e+01       2.265656872273e-01 
       2.964839713153e+01       2.206571894521e-01 
       2.999170938999e+01       2.148990895461e-01 
       3.033899701705e+01       2.092877097216e-01 
