# Matter power spectrum P(k) at redshift z=1
# for k=1.0715e-05 to 30.3088 h/Mpc,
# number of wavenumbers equal to 1159
#    1:k (h/Mpc)              2:P (Mpc/h)^3        
       1.071502109805e-05       1.529109062486e+01 
       1.083909519475e-05       1.546227534190e+01 
       1.096460600178e-05       1.563537913108e+01 
       1.109157015545e-05       1.581041848958e+01 
       1.122000448474e-05       1.598741693274e+01 
       1.134992601346e-05       1.616639958688e+01 
       1.148135196259e-05       1.634738565366e+01 
       1.161429975248e-05       1.653039070756e+01 
       1.174878700523e-05       1.671545431290e+01 
       1.188483154696e-05       1.690258587754e+01 
       1.202245141025e-05       1.709181362290e+01 
       1.216166483645e-05       1.728315623251e+01 
       1.230249027814e-05       1.747664487164e+01 
       1.244494640160e-05       1.767229689221e+01 
       1.258905208923e-05       1.787014238170e+01 
       1.273482644207e-05       1.807019907644e+01 
       1.288228878236e-05       1.827249827372e+01 
       1.303145865608e-05       1.847705901896e+01 
       1.318235583553e-05       1.868391393307e+01 
       1.333500032196e-05       1.889308007668e+01 
       1.348941234825e-05       1.910459219475e+01 
       1.364561238153e-05       1.931847011315e+01 
       1.380362112595e-05       1.953474194381e+01 
       1.396345952540e-05       1.975343227748e+01 
       1.412514876628e-05       1.997457437578e+01 
       1.428871028033e-05       2.019819065138e+01 
       1.445416574746e-05       2.042431189666e+01 
       1.462153709860e-05       2.065296609924e+01 
       1.479084651864e-05       2.088417491694e+01 
       1.496211644937e-05       2.111797437632e+01 
       1.513536959242e-05       2.135439394244e+01 
       1.531062891232e-05       2.159345869742e+01 
       1.548791763951e-05       2.183519545540e+01 
       1.566725927339e-05       2.207964552809e+01 
       1.584867758553e-05       2.232682477865e+01 
       1.603219662271e-05       2.257677774231e+01 
       1.621784071019e-05       2.282952594388e+01 
       1.640563445488e-05       2.308510359430e+01 
       1.659560274866e-05       2.334354271466e+01 
       1.678777077160e-05       2.360487494216e+01 
       1.698216399538e-05       2.386913221795e+01 
       1.717880818660e-05       2.413634797435e+01 
       1.737772941023e-05       2.440655502911e+01 
       1.757895403308e-05       2.467978745333e+01 
       1.778250872724e-05       2.495607710000e+01 
       1.798842047368e-05       2.523546141800e+01 
       1.819671656576e-05       2.551797311045e+01 
       1.840742461291e-05       2.580364397795e+01 
       1.862057254426e-05       2.609251155249e+01 
       1.883618861233e-05       2.638461840835e+01 
       1.905430139680e-05       2.668000014648e+01 
       1.927493980828e-05       2.697868262027e+01 
       1.949813309215e-05       2.728070679239e+01 
       1.972391083244e-05       2.758611413930e+01 
       1.995230295575e-05       2.789493872459e+01 
       2.018333973521e-05       2.820722365736e+01 
       2.041705179448e-05       2.852300160542e+01 
       2.065347011186e-05       2.884231050457e+01 
       2.089262602433e-05       2.916520250402e+01 
       2.113455123175e-05       2.949170533740e+01 
       2.137927780104e-05       2.982186372902e+01 
       2.162683817045e-05       3.015571777579e+01 
       2.187726515383e-05       3.049330779491e+01 
       2.213059194501e-05       3.083468071993e+01 
       2.238685212218e-05       3.117987399384e+01 
       2.264607965235e-05       3.152892855116e+01 
       2.290830889585e-05       3.188188938231e+01 
       2.317357461088e-05       3.223880452569e+01 
       2.344191195813e-05       3.259971790938e+01 
       2.371335650541e-05       3.296466804004e+01 
       2.398794423241e-05       3.333370484235e+01 
       2.426571153544e-05       3.370686885544e+01 
       2.454669523225e-05       3.408421092884e+01 
       2.483093256692e-05       3.446577874685e+01 
       2.511846121481e-05       3.485162219337e+01 
       2.540931928753e-05       3.524177585414e+01 
       2.570354533799e-05       3.563630411431e+01 
       2.600117836555e-05       3.603524424561e+01 
       2.630225782114e-05       3.643865133882e+01 
       2.660682361251e-05       3.684657883366e+01 
       2.691491610953e-05       3.725906731974e+01 
       2.722657614953e-05       3.767617518031e+01 
       2.754184504271e-05       3.809794763576e+01 
       2.786076457762e-05       3.852444853201e+01 
       2.818337702669e-05       3.895572207811e+01 
       2.850972515186e-05       3.939182156326e+01 
       2.883985221022e-05       3.983279772316e+01 
       2.917380195975e-05       4.027871553167e+01 
       2.951161866513e-05       4.072962442410e+01 
       2.985334710360e-05       4.118558065580e+01 
       3.019903257089e-05       4.164664067189e+01 
       3.054872088723e-05       4.211286025456e+01 
       3.090245840345e-05       4.258430365904e+01 
       3.126029200705e-05       4.306102054597e+01 
       3.162226912849e-05       4.354307179039e+01 
       3.198843774746e-05       4.403052085725e+01 
       3.235884639920e-05       4.452342566772e+01 
       3.273354418099e-05       4.502184770801e+01 
       3.311258075860e-05       4.552584887711e+01 
       3.349600637292e-05       4.603548993817e+01 
       3.388387184660e-05       4.655083868568e+01 
       3.427622859080e-05       4.707195413644e+01 
       3.467312861197e-05       4.759890247318e+01 
       3.507462451878e-05       4.813173918329e+01 
       3.548076952907e-05       4.867056045668e+01 
       3.589161747694e-05       4.921539241559e+01 
       3.630722281983e-05       4.976633995352e+01 
       3.672764064578e-05       5.032344884644e+01 
       3.715292668071e-05       5.088678479930e+01 
       3.758313729583e-05       5.145643225394e+01 
       3.801832951509e-05       5.203246068412e+01 
       3.845856102275e-05       5.261492845540e+01 
       3.890389017101e-05       5.320392106698e+01 
       3.935437598778e-05       5.379950115687e+01 
       3.981007818446e-05       5.440174830746e+01 
       4.027105716388e-05       5.501073636938e+01 
       4.073737402830e-05       5.562654742187e+01 
       4.120909058753e-05       5.624924148221e+01 
       4.168626936708e-05       5.687890870663e+01 
       4.216897361648e-05       5.751562210308e+01 
       4.265726731766e-05       5.815946965068e+01 
       4.315121519342e-05       5.881050957578e+01 
       4.365088271601e-05       5.946884304575e+01 
       4.415633611583e-05       6.013454186120e+01 
       4.466764239016e-05       6.080769449933e+01 
       4.518486931212e-05       6.148838514495e+01 
       4.570808543956e-05       6.217668259512e+01 
       4.623736012421e-05       6.287268949113e+01 
       4.677276352087e-05       6.357648394080e+01 
       4.731436659667e-05       6.428815301146e+01 
       4.786224114051e-05       6.500778980596e+01 
       4.841645977257e-05       6.573548637332e+01 
       4.897709595394e-05       6.647131692523e+01 
       4.954422399632e-05       6.721538586584e+01 
       5.011791907192e-05       6.796778148572e+01 
       5.069825722342e-05       6.872859306499e+01 
       5.128531537399e-05       6.949792078135e+01 
       5.187917133757e-05       7.027586021232e+01 
       5.247990382912e-05       7.106251002341e+01 
       5.308759247507e-05       7.185795240845e+01 
       5.370231782390e-05       7.266229884326e+01 
       5.432416135680e-05       7.347565645897e+01 
       5.495320549843e-05       7.429809739639e+01 
       5.558953362794e-05       7.512976239216e+01 
       5.623323008991e-05       7.597071434505e+01 
       5.688438020562e-05       7.682108506116e+01 
       5.754307028432e-05       7.768097442824e+01 
       5.820938763465e-05       7.855048500547e+01 
       5.888342057626e-05       7.942970908059e+01 
       5.956525845149e-05       8.031878445989e+01 
       6.025499163721e-05       8.121781425002e+01 
       6.095271155680e-05       8.212688855022e+01 
       6.165851069229e-05       8.304614501636e+01 
       6.237248259659e-05       8.397568478816e+01 
       6.309472190589e-05       8.491562379700e+01 
       6.382532435224e-05       8.586607775659e+01 
       6.456438677620e-05       8.682716647986e+01 
       6.531200713969e-05       8.779900699562e+01 
       6.606828453899e-05       8.878172098314e+01 
       6.683331921784e-05       8.977542804125e+01 
       6.760721258076e-05       9.078025342123e+01 
       6.839006720648e-05       9.179631027776e+01 
       6.918198686153e-05       9.282374449747e+01 
       6.998307651400e-05       9.386266795674e+01 
       7.079344234746e-05       9.491322750305e+01 
       7.161319177502e-05       9.597552859798e+01 
       7.244243345359e-05       9.704971275410e+01 
       7.328127729824e-05       9.813590801038e+01 
       7.412983449682e-05       9.923425380635e+01 
       7.498821752467e-05       1.003448915030e+02 
       7.585654015953e-05       1.014679532615e+02 
       7.673491749662e-05       1.026035728333e+02 
       7.762346596391e-05       1.037518948017e+02 
       7.852230333753e-05       1.049130615996e+02 
       7.943154875741e-05       1.060872197765e+02 
       8.035132274304e-05       1.072745044472e+02 
       8.128174720946e-05       1.084750749257e+02 
       8.222294548344e-05       1.096890543931e+02 
       8.317504231978e-05       1.109166265356e+02 
       8.413816391789e-05       1.121579226074e+02 
       8.511243793849e-05       1.134131067081e+02 
       8.609799352054e-05       1.146823116360e+02 
       8.709496129838e-05       1.159657279956e+02 
       8.810347341901e-05       1.172634848667e+02 
       8.912366355960e-05       1.185757534692e+02 
       9.015566694526e-05       1.199026904653e+02 
       9.119962036693e-05       1.212444746933e+02 
       9.225566219949e-05       1.226012499032e+02 
       9.332393242014e-05       1.239732053577e+02 
       9.440457262695e-05       1.253604939460e+02 
       9.549772605761e-05       1.267632921447e+02 
       9.660353760842e-05       1.281817729141e+02 
       9.772215385350e-05       1.296161121910e+02 
       9.885372306423e-05       1.310664832296e+02 
       9.999839522887e-05       1.325330693045e+02 
       1.011563220725e-04       1.340160472312e+02 
       1.023276570770e-04       1.355156013479e+02 
       1.035125555017e-04       1.370319165319e+02 
       1.047111744034e-04       1.385651790919e+02 
       1.059236726579e-04       1.401155778626e+02 
       1.071502109805e-04       1.416833035044e+02 
       1.083909519475e-04       1.432685483605e+02 
       1.096460600178e-04       1.448715090504e+02 
       1.109157015545e-04       1.464923817971e+02 
       1.122000448474e-04       1.481313659818e+02 
       1.134992601346e-04       1.497886640730e+02 
       1.148135196259e-04       1.514644788486e+02 
       1.161429975248e-04       1.531590175293e+02 
       1.174878700523e-04       1.548724863912e+02 
       1.188483154696e-04       1.566050973701e+02 
       1.202245141025e-04       1.583570626842e+02 
       1.216166483645e-04       1.601285994476e+02 
       1.230249027814e-04       1.619199223193e+02 
       1.244494640160e-04       1.637312532744e+02 
       1.258905208923e-04       1.655628146828e+02 
       1.273482644207e-04       1.674148299314e+02 
       1.288228878236e-04       1.692875264704e+02 
       1.303145865608e-04       1.711811362952e+02 
       1.318235583553e-04       1.730958896230e+02 
       1.333500032196e-04       1.750320231939e+02 
       1.348941234825e-04       1.769897720539e+02 
       1.364561238153e-04       1.789693767460e+02 
       1.380362112595e-04       1.809710809223e+02 
       1.396345952540e-04       1.829951269786e+02 
       1.412514876628e-04       1.850417670601e+02 
       1.428871028033e-04       1.871112498071e+02 
       1.445416574746e-04       1.892038277913e+02 
       1.462153709860e-04       1.913197572564e+02 
       1.479084651864e-04       1.934592969815e+02 
       1.496211644937e-04       1.956227098144e+02 
       1.513536959242e-04       1.978102587642e+02 
       1.531062891232e-04       2.000222130445e+02 
       1.548791763951e-04       2.022588419247e+02 
       1.566725927339e-04       2.045204178343e+02 
       1.584867758553e-04       2.068072185288e+02 
       1.603219662271e-04       2.091195211347e+02 
       1.621784071019e-04       2.114576092997e+02 
       1.640563445489e-04       2.138217678489e+02 
       1.659560274866e-04       2.162122838517e+02 
       1.678777077160e-04       2.186294509493e+02 
       1.698216399538e-04       2.210735621049e+02 
       1.717880818660e-04       2.235449126814e+02 
       1.737772941023e-04       2.260438068062e+02 
       1.757895403308e-04       2.285705462028e+02 
       1.778250872724e-04       2.311254448206e+02 
       1.798842047368e-04       2.337088053555e+02 
       1.819671656576e-04       2.363209525429e+02 
       1.840742461291e-04       2.389621898982e+02 
       1.862057254426e-04       2.416328435247e+02 
       1.883618861233e-04       2.443332384784e+02 
       1.905430139680e-04       2.470637029040e+02 
       1.927493980828e-04       2.498245602218e+02 
       1.949813309215e-04       2.526161638409e+02 
       1.972391083244e-04       2.554388345073e+02 
       1.995230295575e-04       2.582929189569e+02 
       2.018333973521e-04       2.611787622975e+02 
       2.041705179448e-04       2.640967153842e+02 
       2.065347011186e-04       2.670471293227e+02 
       2.089262602433e-04       2.700303594106e+02 
       2.113455123175e-04       2.730467673302e+02 
       2.137927780104e-04       2.760967176967e+02 
       2.162683817045e-04       2.791805773605e+02 
       2.187726515383e-04       2.822987119951e+02 
       2.213059194501e-04       2.854515075012e+02 
       2.238685212218e-04       2.886393407603e+02 
       2.264607965235e-04       2.918625924471e+02 
       2.290830889585e-04       2.951216518619e+02 
       2.317357461088e-04       2.984169077287e+02 
       2.344191195813e-04       3.017487605595e+02 
       2.371335650541e-04       3.051176017311e+02 
       2.398794423241e-04       3.085238453265e+02 
       2.426571153544e-04       3.119678899260e+02 
       2.454669523225e-04       3.154501522393e+02 
       2.483093256692e-04       3.189710493837e+02 
       2.511846121481e-04       3.225309995717e+02 
       2.540931928753e-04       3.261304259738e+02 
       2.570354533799e-04       3.297697625213e+02 
       2.600117836555e-04       3.334494417766e+02 
       2.630225782114e-04       3.371699018471e+02 
       2.660682361251e-04       3.409315838316e+02 
       2.691491610953e-04       3.447349355145e+02 
       2.722657614953e-04       3.485804078750e+02 
       2.754184504271e-04       3.524684581082e+02 
       2.786076457762e-04       3.563995474311e+02 
       2.818337702669e-04       3.603741403253e+02 
       2.850972515186e-04       3.643927068142e+02 
       2.883985221022e-04       3.684557264017e+02 
       2.917380195975e-04       3.725636693767e+02 
       2.951161866513e-04       3.767170247856e+02 
       2.985334710360e-04       3.809162818523e+02 
       3.019903257089e-04       3.851619345808e+02 
       3.054872088723e-04       3.894544816176e+02 
       3.090245840345e-04       3.937944274679e+02 
       3.126029200705e-04       3.981822797514e+02 
       3.162226912849e-04       4.026185532564e+02 
       3.198843774746e-04       4.071037658102e+02 
       3.235884639920e-04       4.116384415470e+02 
       3.273354418099e-04       4.162231102738e+02 
       3.311258075860e-04       4.208583049363e+02 
       3.349600637292e-04       4.255445657524e+02 
       3.388387184660e-04       4.302824356548e+02 
       3.427622859080e-04       4.350724659847e+02 
       3.467312861197e-04       4.399152103839e+02 
       3.507462451878e-04       4.448112295835e+02 
       3.548076952907e-04       4.497610883695e+02 
       3.589161747694e-04       4.547653588405e+02 
       3.630722281983e-04       4.598246161148e+02 
       3.672764064578e-04       4.649394420027e+02 
       3.715292668071e-04       4.701104239588e+02 
       3.758313729583e-04       4.753381543112e+02 
       3.801832951509e-04       4.806232311647e+02 
       3.845856102275e-04       4.859662583364e+02 
       3.890389017101e-04       4.913678448297e+02 
       3.935437598778e-04       4.968286050125e+02 
       3.981007818446e-04       5.023491595887e+02 
       4.027105716388e-04       5.079301347768e+02 
       4.073737402830e-04       5.135721620657e+02 
       4.120909058753e-04       5.192758789871e+02 
       4.168626936708e-04       5.250419281661e+02 
       4.216897361648e-04       5.308709590075e+02 
       4.265726731766e-04       5.367636262247e+02 
       4.315121519342e-04       5.427205895678e+02 
       4.365088271601e-04       5.487425155226e+02 
       4.415633611583e-04       5.548300763908e+02 
       4.466764239016e-04       5.609839500890e+02 
       4.518486931212e-04       5.672048202830e+02 
       4.570808543956e-04       5.734933769906e+02 
       4.623736012421e-04       5.798503156421e+02 
       4.677276352087e-04       5.862763374628e+02 
       4.731436659667e-04       5.927721503613e+02 
       4.786224114051e-04       5.993384680661e+02 
       4.841645977257e-04       6.059760096549e+02 
       4.897709595394e-04       6.126855009978e+02 
       4.954422399632e-04       6.194676738042e+02 
       5.011791907192e-04       6.263232646732e+02 
       5.069825722342e-04       6.332530183824e+02 
       5.128531537399e-04       6.402576843828e+02 
       5.187917133757e-04       6.473380172128e+02 
       5.247990382912e-04       6.544947797813e+02 
       5.308759247507e-04       6.617287403054e+02 
       5.370231782390e-04       6.690406721633e+02 
       5.432416135680e-04       6.764313552095e+02 
       5.495320549843e-04       6.839015771010e+02 
       5.558953362794e-04       6.914521278859e+02 
       5.623323008991e-04       6.990838079086e+02 
       5.688438020562e-04       7.067974210279e+02 
       5.754307028432e-04       7.145937777641e+02 
       5.820938763465e-04       7.224736954685e+02 
       5.888342057626e-04       7.304379956381e+02 
       5.956525845149e-04       7.384875091235e+02 
       6.025499163721e-04       7.466230708993e+02 
       6.095271155680e-04       7.548455205713e+02 
       6.165851069229e-04       7.631557080722e+02 
       6.237248259659e-04       7.715544848119e+02 
       6.309472190589e-04       7.800427112790e+02 
       6.382532435224e-04       7.886212530319e+02 
       6.456438677620e-04       7.972909814608e+02 
       6.531200713969e-04       8.060527745648e+02 
       6.606828453899e-04       8.149075174342e+02 
       6.683331921784e-04       8.238560971129e+02 
       6.760721258076e-04       8.328994120240e+02 
       6.839006720648e-04       8.420383636496e+02 
       6.918198686153e-04       8.512738595462e+02 
       6.998307651400e-04       8.606068130211e+02 
       7.079344234746e-04       8.700381443514e+02 
       7.161319177502e-04       8.795687804807e+02 
       7.244243345359e-04       8.891996508753e+02 
       7.328127729824e-04       8.989316948191e+02 
       7.412983449682e-04       9.087658539083e+02 
       7.498821752467e-04       9.187030781315e+02 
       7.585654015953e-04       9.287443216279e+02 
       7.673491749662e-04       9.388905470272e+02 
       7.762346596391e-04       9.491427199299e+02 
       7.852230333753e-04       9.595018088706e+02 
       7.943154875741e-04       9.699687952925e+02 
       8.035132274304e-04       9.805446604874e+02 
       8.128174720947e-04       9.912303914475e+02 
       8.222294548344e-04       1.002026985732e+03 
       8.317504231978e-04       1.012935441540e+03 
       8.413816391789e-04       1.023956762204e+03 
       8.511243793849e-04       1.035091958425e+03 
       8.609799352055e-04       1.046342044057e+03 
       8.709496129839e-04       1.057708042410e+03 
       8.810347341901e-04       1.069190975228e+03 
       8.912366355960e-04       1.080791873818e+03 
       9.015566694526e-04       1.092511774294e+03 
       9.119962036693e-04       1.104351715232e+03 
       9.225566219949e-04       1.116312741633e+03 
       9.332393242014e-04       1.128395901365e+03 
       9.440457262696e-04       1.140602250359e+03 
       9.549772605761e-04       1.152932846411e+03 
       9.660353760842e-04       1.165388750690e+03 
       9.772215385350e-04       1.177971026823e+03 
       9.885372306423e-04       1.190680749182e+03 
       9.999839522887e-04       1.203518988768e+03 
       1.011563220725e-03       1.216486825850e+03 
       1.023276570770e-03       1.229585336669e+03 
       1.035125555017e-03       1.242815612479e+03 
       1.047111744034e-03       1.256178736563e+03 
       1.059236726579e-03       1.269675802022e+03 
       1.071502109805e-03       1.283307900050e+03 
       1.083909519475e-03       1.297076128241e+03 
       1.096460600178e-03       1.310981583748e+03 
       1.109157015545e-03       1.325025367614e+03 
       1.122000448474e-03       1.339208583634e+03 
       1.134992601346e-03       1.353532334504e+03 
       1.148135196259e-03       1.367997728651e+03 
       1.161429975248e-03       1.382605870612e+03 
       1.174878700523e-03       1.397357862441e+03 
       1.188483154696e-03       1.412254826497e+03 
       1.202245141025e-03       1.427297862307e+03 
       1.216166483645e-03       1.442488075802e+03 
       1.230249027814e-03       1.457826590221e+03 
       1.244494640160e-03       1.473314491556e+03 
       1.258905208923e-03       1.488952903641e+03 
       1.273482644207e-03       1.504742922556e+03 
       1.288228878236e-03       1.520685668578e+03 
       1.303145865608e-03       1.536782219397e+03 
       1.318235583553e-03       1.553033708077e+03 
       1.333500032196e-03       1.569441195537e+03 
       1.348941234825e-03       1.586005807158e+03 
       1.364561238153e-03       1.602728611552e+03 
       1.380362112595e-03       1.619610702511e+03 
       1.396345952540e-03       1.636653163327e+03 
       1.412514876628e-03       1.653857085038e+03 
       1.428871028033e-03       1.671223523478e+03 
       1.445416574746e-03       1.688753534977e+03 
       1.462153709860e-03       1.706448227436e+03 
       1.479084651864e-03       1.724308630092e+03 
       1.496211644937e-03       1.742335740566e+03 
       1.513536959242e-03       1.760530691023e+03 
       1.531062891233e-03       1.778894347759e+03 
       1.548791763951e-03       1.797426314105e+03 
       1.566725927339e-03       1.816129124207e+03 
       1.584867758553e-03       1.835003789007e+03 
       1.603219662271e-03       1.854051284081e+03 
       1.621784071019e-03       1.873272646414e+03 
       1.640563445489e-03       1.892668782777e+03 
       1.659560274866e-03       1.912240780743e+03 
       1.678777077160e-03       1.931989479502e+03 
       1.698216399538e-03       1.951915824856e+03 
       1.717880818660e-03       1.972020833470e+03 
       1.737772941023e-03       1.992305377973e+03 
       1.757895403308e-03       2.012770343539e+03 
       1.778250872724e-03       2.033416668567e+03 
       1.798842047368e-03       2.054245198282e+03 
       1.819671656576e-03       2.075256801478e+03 
       1.840742461291e-03       2.096452311491e+03 
       1.862057254426e-03       2.117832625235e+03 
       1.883618861233e-03       2.139398488938e+03 
       1.905430139680e-03       2.161150731931e+03 
       1.927493980828e-03       2.183090147210e+03 
       1.949813309215e-03       2.205217490846e+03 
       1.972391083244e-03       2.227533500948e+03 
       1.995230295575e-03       2.250038888884e+03 
       2.018333973521e-03       2.272734412147e+03 
       2.041705179448e-03       2.295620701791e+03 
       2.065347011186e-03       2.318698419264e+03 
       2.089262602433e-03       2.341968271929e+03 
       2.113455123175e-03       2.365430818135e+03 
       2.137927780104e-03       2.389086697729e+03 
       2.162683817045e-03       2.412936408350e+03 
       2.187726515383e-03       2.436980561021e+03 
       2.213059194501e-03       2.461219650949e+03 
       2.238685212218e-03       2.485654149036e+03 
       2.264607965235e-03       2.510284539123e+03 
       2.290830889585e-03       2.535111282437e+03 
       2.317357461088e-03       2.560134743410e+03 
       2.344191195813e-03       2.585355318706e+03 
       2.371335650541e-03       2.610773299981e+03 
       2.398794423241e-03       2.636389047699e+03 
       2.426571153544e-03       2.662202793926e+03 
       2.454669523225e-03       2.688214784764e+03 
       2.483093256692e-03       2.714425270121e+03 
       2.511846121481e-03       2.740834438549e+03 
       2.540931928753e-03       2.767442253267e+03 
       2.570354533799e-03       2.794248971695e+03 
       2.600117836555e-03       2.821254589071e+03 
       2.630225782114e-03       2.848459120420e+03 
       2.660682361251e-03       2.875862570972e+03 
       2.691491610953e-03       2.903464820504e+03 
       2.722657614953e-03       2.931265827498e+03 
       2.754184504271e-03       2.959265346769e+03 
       2.786076457762e-03       2.987463243503e+03 
       2.818337702669e-03       3.015859229808e+03 
       2.850972515186e-03       3.044453061330e+03 
       2.883985221022e-03       3.073244368203e+03 
       2.917380195975e-03       3.102232734474e+03 
       2.951161866513e-03       3.131417826082e+03 
       2.985334710360e-03       3.160799083598e+03 
       3.019903257089e-03       3.190375940870e+03 
       3.054872088724e-03       3.220147760265e+03 
       3.090245840345e-03       3.250114055263e+03 
       3.126029200705e-03       3.280274069117e+03 
       3.162226912850e-03       3.310626980481e+03 
       3.198843774746e-03       3.341171960756e+03 
       3.235884639921e-03       3.371908120444e+03 
       3.273354418099e-03       3.402834544940e+03 
       3.311258075860e-03       3.433950269368e+03 
       3.349600637292e-03       3.465254180107e+03 
       3.388387184660e-03       3.496745174169e+03 
       3.427622859080e-03       3.528421987355e+03 
       3.467312861197e-03       3.560283383554e+03 
       3.507462451878e-03       3.592328009885e+03 
       3.548076952907e-03       3.624554333884e+03 
       3.589161747694e-03       3.656961192974e+03 
       3.630722281983e-03       3.689546888409e+03 
       3.672764064578e-03       3.722309712733e+03 
       3.715292668071e-03       3.755248001477e+03 
       3.758313729583e-03       3.788359955610e+03 
       3.801832951509e-03       3.821643733036e+03 
       3.845856102275e-03       3.855097336430e+03 
       3.890389017101e-03       3.888719324209e+03 
       3.935437598778e-03       3.922506508530e+03 
       3.981007818446e-03       3.956457614280e+03 
       4.027105716388e-03       3.990569954764e+03 
       4.073737402830e-03       4.024841536720e+03 
       4.120909058753e-03       4.059269838757e+03 
       4.168626936708e-03       4.093852106171e+03 
       4.216897361649e-03       4.128586012034e+03 
       4.265726731766e-03       4.163468284630e+03 
       4.315121519342e-03       4.198497398394e+03 
       4.365088271601e-03       4.233669347125e+03 
       4.415633611583e-03       4.268981518276e+03 
       4.466764239016e-03       4.304430223024e+03 
       4.518486931212e-03       4.340014036819e+03 
       4.570808543956e-03       4.375728155155e+03 
       4.623736012421e-03       4.411569534456e+03 
       4.677276352087e-03       4.447534656081e+03 
       4.731436659667e-03       4.483620552944e+03 
       4.786224114051e-03       4.519822675820e+03 
       4.841645977257e-03       4.556137595982e+03 
       4.897709595394e-03       4.592561821219e+03 
       4.954422399632e-03       4.629091160824e+03 
       5.011791907193e-03       4.665721329892e+03 
       5.069825722342e-03       4.702448814951e+03 
       5.128531537400e-03       4.739267965196e+03 
       5.187917133757e-03       4.776175442346e+03 
       5.247990382912e-03       4.813165767346e+03 
       5.308759247507e-03       4.850235038427e+03 
       5.370231782390e-03       4.887378247230e+03 
       5.432416135680e-03       4.924590273371e+03 
       5.495320549844e-03       4.961866198300e+03 
       5.558953362794e-03       4.999200763073e+03 
       5.623323008991e-03       5.036588715629e+03 
       5.688438020563e-03       5.074025239739e+03 
       5.754307028432e-03       5.111504367093e+03 
       5.820938763465e-03       5.149019745846e+03 
       5.888342057626e-03       5.186566522865e+03 
       5.956525845149e-03       5.224137053564e+03 
       6.025499163721e-03       5.261727989722e+03 
       6.095271155680e-03       5.299331553710e+03 
       6.165851069229e-03       5.336949586663e+03 
       6.237248259659e-03       5.374563490519e+03 
       6.309472190589e-03       5.412167406735e+03 
       6.382532435224e-03       5.449759441768e+03 
       6.456438677620e-03       5.487430058307e+03 
       6.531200713969e-03       5.525017311466e+03 
       6.606828453899e-03       5.562528445829e+03 
       6.683331921784e-03       5.599982208943e+03 
       6.760721258076e-03       5.637378594400e+03 
       6.839006720648e-03       5.674728774951e+03 
       6.918198686153e-03       5.712028979418e+03 
       6.998307651400e-03       5.749252065098e+03 
       7.079344234746e-03       5.786397707073e+03 
       7.161319177502e-03       5.823453905488e+03 
       7.244243345359e-03       5.860413183848e+03 
       7.328127729824e-03       5.897266294030e+03 
       7.412983449682e-03       5.934006124966e+03 
       7.498821752467e-03       5.970624315181e+03 
       7.585654015953e-03       6.007112787254e+03 
       7.673491749662e-03       6.043460365529e+03 
       7.762346596391e-03       6.079659432673e+03 
       7.852230333753e-03       6.115697768507e+03 
       7.943154875741e-03       6.151569436825e+03 
       8.035132274304e-03       6.187262016735e+03 
       8.128174720947e-03       6.222768701424e+03 
       8.222294548344e-03       6.258074442003e+03 
       8.317504231978e-03       6.293171084062e+03 
       8.413816391789e-03       6.328052248066e+03 
       8.511243793849e-03       6.362701133114e+03 
       8.609799352055e-03       6.397112337407e+03 
       8.709496129839e-03       6.431273017121e+03 
       8.810347341901e-03       6.465171981705e+03 
       8.912366355960e-03       6.498797524465e+03 
       9.015566694527e-03       6.532142061097e+03 
       9.119962036693e-03       6.565191443511e+03 
       9.225566219949e-03       6.597934248067e+03 
       9.332393242014e-03       6.630357729457e+03 
       9.440457262696e-03       6.662450788418e+03 
       9.549772605762e-03       6.694200020705e+03 
       9.660353760842e-03       6.725596512873e+03 
       9.772215385351e-03       6.756625267702e+03 
       9.885372306423e-03       6.787274437407e+03 
       9.999839522887e-03       6.817533167778e+03 
       1.011563220725e-02       6.847382552134e+03 
       1.023276570770e-02       6.876817633241e+03 
       1.035125555017e-02       6.905820164188e+03 
       1.047111744034e-02       6.934379995849e+03 
       1.059236726579e-02       6.962481770353e+03 
       1.071502109805e-02       6.990114810251e+03 
       1.083909519475e-02       7.017261232236e+03 
       1.096460600178e-02       7.043907641007e+03 
       1.109157015545e-02       7.070042019578e+03 
       1.122000448474e-02       7.095654714616e+03 
       1.134992601346e-02       7.120725556458e+03 
       1.148135196259e-02       7.145239416914e+03 
       1.161429975248e-02       7.169186603288e+03 
       1.174878700523e-02       7.192551164112e+03 
       1.188483154696e-02       7.215318244721e+03 
       1.202245141025e-02       7.237473026350e+03 
       1.216166483645e-02       7.259001100004e+03 
       1.230249027814e-02       7.279889456865e+03 
       1.244494640160e-02       7.300128426278e+03 
       1.258905208923e-02       7.319683929843e+03 
       1.273482644207e-02       7.338558797417e+03 
       1.288228878236e-02       7.356736533482e+03 
       1.303145865608e-02       7.374198645886e+03 
       1.318235583553e-02       7.390934798258e+03 
       1.333500032196e-02       7.406921011906e+03 
       1.348941234825e-02       7.422151544813e+03 
       1.364561238153e-02       7.436605891199e+03 
       1.380362112595e-02       7.450270878182e+03 
       1.396345952540e-02       7.463136515142e+03 
       1.412514876629e-02       7.475179482492e+03 
       1.428871028035e-02       7.486391604946e+03 
       1.445416574748e-02       7.496754740393e+03 
       1.462153709863e-02       7.506259907936e+03 
       1.479084651869e-02       7.514879949340e+03 
       1.496211644945e-02       7.522617634782e+03 
       1.513536959255e-02       7.529444603807e+03 
       1.531062891252e-02       7.535359182998e+03 
       1.548791763980e-02       7.540340322068e+03 
       1.566725927383e-02       7.544377093078e+03 
       1.584867758619e-02       7.547458665715e+03 
       1.603219662370e-02       7.549561574045e+03 
       1.621784071166e-02       7.550691330846e+03 
       1.640563445708e-02       7.550816585617e+03 
       1.659560275189e-02       7.549938770017e+03 
       1.678777077635e-02       7.548042211464e+03 
       1.698216400231e-02       7.545116204039e+03 
       1.717880819668e-02       7.541146849533e+03 
       1.737772942481e-02       7.536126269664e+03 
       1.757895405406e-02       7.530037485670e+03 
       1.778250875730e-02       7.522815653126e+03 
       1.798842051653e-02       7.514652243187e+03 
       1.819671662657e-02       7.505261803645e+03 
       1.840742469879e-02       7.494834077052e+03 
       1.862057266498e-02       7.483316799113e+03 
       1.883618878126e-02       7.470755839144e+03 
       1.905430163210e-02       7.457009884178e+03 
       1.927494013457e-02       7.442136683399e+03 
       1.949813354262e-02       7.426140944089e+03 
       1.972391145159e-02       7.409014885141e+03 
       1.995230380304e-02       7.390751877563e+03 
       2.018334088970e-02       7.371357036560e+03 
       2.041705336085e-02       7.350832373494e+03 
       2.065347222808e-02       7.329159440784e+03 
       2.089262887146e-02       7.306358241173e+03 
       2.113455504640e-02       7.282418365280e+03 
       2.137928289111e-02       7.257350610699e+03 
       2.162684493488e-02       7.231148253614e+03 
       2.187727410742e-02       7.203833561722e+03 
       2.213060374930e-02       7.175388020418e+03 
       2.238686762384e-02       7.145835740909e+03 
       2.264609993062e-02       7.115156138487e+03 
       2.290833532092e-02       7.083394453812e+03 
       2.317360891551e-02       7.050525041066e+03 
       2.344195632501e-02       7.016511431508e+03 
       2.371341367341e-02       6.981695652171e+03 
       2.398801762515e-02       6.945531006863e+03 
       2.426580541636e-02       6.908623146261e+03 
       2.454681489081e-02       6.870440148195e+03 
       2.483108454130e-02       6.831431767664e+03 
       2.511865355717e-02       6.791444409056e+03 
       2.540956187888e-02       6.750424259016e+03 
       2.570385026033e-02       6.708473844343e+03 
       2.600156034006e-02       6.665620825851e+03 
       2.630273472228e-02       6.621870982917e+03 
       2.660741706885e-02       6.577258411852e+03 
       2.691565220329e-02       6.531782462364e+03 
       2.722748622822e-02       6.485544078244e+03 
       2.754296665735e-02       6.438501771907e+03 
       2.786214256343e-02       6.390681491445e+03 
       2.818506474362e-02       6.342165828597e+03 
       2.851178590357e-02       6.292980180648e+03 
       2.884236086182e-02       6.243114885482e+03 
       2.917684677594e-02       6.192639770588e+03 
       2.951530339197e-02       6.141575117218e+03 
       2.985779331875e-02       6.089976533769e+03 
       3.020438232853e-02       6.037848314730e+03 
       3.055513968569e-02       5.985261968340e+03 
       3.091013850489e-02       5.932244390373e+03 
       3.126945614048e-02       5.878825092561e+03 
       3.163317460855e-02       5.825047007967e+03 
       3.200138104347e-02       5.770956680114e+03 
       3.237416819043e-02       5.716589082857e+03 
       3.275163493587e-02       5.661990588159e+03 
       3.313388687738e-02       5.607189656575e+03 
       3.352103693528e-02       5.552232697898e+03 
       3.391320600760e-02       5.497165979694e+03 
       3.431052367094e-02       5.442043929291e+03 
       3.471312892942e-02       5.386866854047e+03 
       3.512117101449e-02       5.331712860126e+03 
       3.553481023855e-02       5.276596875210e+03 
       3.595421890566e-02       5.221577515497e+03 
       3.637958228313e-02       5.166653319052e+03 
       3.681109963815e-02       5.111907467206e+03 
       3.724898534422e-02       5.057371673095e+03 
       3.769347006274e-02       5.003047900255e+03 
       3.814480200589e-02       4.949000447042e+03 
       3.860324828743e-02       4.895250507668e+03 
       3.906909636923e-02       4.841867516718e+03 
       3.954265561201e-02       4.788808355469e+03 
       4.002425893992e-02       4.736169277477e+03 
       4.051426462952e-02       4.683960751371e+03 
       4.101305823511e-02       4.632178948239e+03 
       4.152105466343e-02       4.580919912323e+03 
       4.203870041216e-02       4.530139454393e+03 
       4.256647598814e-02       4.479924238562e+03 
       4.310489852260e-02       4.430222433614e+03 
       4.365452460234e-02       4.381120449981e+03 
       4.421595333735e-02       4.332583400670e+03 
       4.478982968705e-02       4.284666126458e+03 
       4.537684806879e-02       4.237361791024e+03 
       4.597775627396e-02       4.190675870735e+03 
       4.659335971845e-02       4.144621510784e+03 
       4.722452605511e-02       4.099177129626e+03 
       4.787219017728e-02       4.054349007943e+03 
       4.853735964226e-02       4.010164755549e+03 
       4.922112054369e-02       3.966542547694e+03 
       4.992464386035e-02       3.923479073951e+03 
       5.064919230670e-02       3.880938168149e+03 
       5.139612770593e-02       3.838864810948e+03 
       5.216691890048e-02       3.797129585451e+03 
       5.296315020578e-02       3.755847063010e+03 
       5.378653040035e-02       3.714633980347e+03 
       5.463890222892e-02       3.673681411966e+03 
       5.552225237262e-02       3.632630630328e+03 
       5.643872181197e-02       3.591328066705e+03 
       5.739061647159e-02       3.549590657274e+03 
       5.838041799029e-02       3.507166200737e+03 
       5.941079440420e-02       3.463772382121e+03 
       6.048461046367e-02       3.419077565615e+03 
       6.160493722562e-02       3.372702188316e+03 
       6.277506047302e-02       3.324220683240e+03 
       6.399848741306e-02       3.273169136365e+03 
       6.527895100009e-02       3.219045308264e+03 
       6.662041112393e-02       3.161316188676e+03 
       6.802705181018e-02       3.099449255401e+03 
       6.950327350938e-02       3.032915626838e+03 
       7.105367952683e-02       2.961243960755e+03 
       7.268305568723e-02       2.884054502930e+03 
       7.439634246446e-02       2.801121159663e+03 
       7.619859906443e-02       2.712417466435e+03 
       7.809495934902e-02       2.618186382337e+03 
       8.009058004290e-02       2.519000429750e+03 
       8.219058236221e-02       2.415803145286e+03 
       8.439998900776e-02       2.309878508177e+03 
       8.672365930251e-02       2.203076878347e+03 
       8.916622601951e-02       2.097250399550e+03 
       9.173203801135e-02       1.994614255401e+03 
       9.442511298275e-02       1.897322535414e+03 
       9.724910453408e-02       1.807331280584e+03 
       1.002072868948e-01       1.726056012564e+03 
       1.033025595900e-01       1.654261013088e+03 
       1.065374727633e-01       1.591769382561e+03 
       1.099142722084e-01       1.537385552789e+03 
       1.134349615767e-01       1.488915867812e+03 
       1.171013779497e-01       1.443369912397e+03 
       1.209152761541e-01       1.397216418418e+03 
       1.248784169236e-01       1.347167541003e+03 
       1.289926542460e-01       1.290703155435e+03 
       1.332600178656e-01       1.226891801652e+03 
       1.376827877846e-01       1.156724227600e+03 
       1.422635585631e-01       1.083032343101e+03 
       1.470052921031e-01       1.009887091477e+03 
       1.519113583382e-01       9.415794954876e+02 
       1.569855637614e-01       8.816041840341e+02 
       1.622321680106e-01       8.316972253283e+02 
       1.676558888095e-01       7.914386891083e+02 
       1.732618954563e-01       7.583217585382e+02 
       1.790557908168e-01       7.284458707509e+02 
       1.850435814453e-01       6.977599681312e+02 
       1.912316350768e-01       6.632561531911e+02 
       1.976266243323e-01       6.240700320267e+02 
       2.042354551091e-01       5.821372806506e+02 
       2.110651778147e-01       5.411996668233e+02 
       2.181228794039e-01       5.046751300717e+02 
       2.254155541405e-01       4.741067582615e+02 
       2.329499512010e-01       4.489828480491e+02 
       2.407323977340e-01       4.271072894640e+02 
       2.487685968812e-01       4.055080601731e+02 
       2.570634016167e-01       3.821769733238e+02 
       2.656205671424e-01       3.573606939907e+02 
       2.744424869993e-01       3.329104278102e+02 
       2.835299209526e-01       3.109253441131e+02 
       2.928817259357e-01       2.923121952254e+02 
       3.024946045730e-01       2.761162870610e+02 
       3.123628886251e-01       2.606394367267e+02 
       3.224783765328e-01       2.449487570935e+02 
       3.328302444716e-01       2.292282266821e+02 
       3.434050484103e-01       2.145518449156e+02 
       3.541868302671e-01       2.015446697933e+02 
       3.651573344164e-01       1.899892770264e+02 
       3.762963320504e-01       1.792060028149e+02 
       3.875820412639e-01       1.687289999831e+02 
       3.989916215641e-01       1.587436268614e+02 
       4.105017142607e-01       1.495367481990e+02 
       4.220889960585e-01       1.412143366059e+02 
       4.337307128026e-01       1.335871979981e+02 
       4.454051636697e-01       1.264778351627e+02 
       4.570921124404e-01       1.197836856248e+02 
       4.687731106534e-01       1.135266548618e+02 
       4.804317260914e-01       1.077641853410e+02 
       4.920536779860e-01       1.024732005651e+02 
       5.036268866850e-01       9.758782931615e+01 
       5.151414498896e-01       9.300649159533e+01 
       5.265895598829e-01       8.872568420944e+01 
       5.379653767271e-01       8.473465057661e+01 
       5.492648715947e-01       8.103610440435e+01 
       5.604856527201e-01       7.759025294874e+01 
       5.716267843036e-01       7.436809915970e+01 
       5.826886064416e-01       7.134524373213e+01 
       5.936725619997e-01       6.850387900472e+01 
       6.045810344576e-01       6.584078700196e+01 
       6.154171991793e-01       6.333574827277e+01 
       6.261848893289e-01       6.098393239971e+01 
       6.368884767208e-01       5.876210034644e+01 
       6.475327672376e-01       5.666288456765e+01 
       6.581229100084e-01       5.467612895027e+01 
       6.686643192736e-01       5.279250168651e+01 
       6.791626077290e-01       5.100924880025e+01 
       6.896235300962e-01       4.931282320095e+01 
       7.000529356906e-01       4.770149932447e+01 
       7.104567288204e-01       4.616522802789e+01 
       7.208408359402e-01       4.469914577071e+01 
       7.312111785825e-01       4.330083821668e+01 
       7.415736511962e-01       4.196200988628e+01 
       7.519341031256e-01       4.068286925162e+01 
       7.622983240598e-01       3.945577626122e+01 
       7.726720323755e-01       3.827885045033e+01 
       7.830608658770e-01       3.714957635734e+01 
       7.934703745120e-01       3.606261314900e+01 
       8.039060147075e-01       3.501867205054e+01 
       8.143731450260e-01       3.401214318093e+01 
       8.248770228947e-01       3.304293109907e+01 
       8.354228022015e-01       3.210832718589e+01 
       8.460155315903e-01       3.120538733929e+01 
       8.566601533188e-01       3.033456200750e+01 
       8.673615025719e-01       2.949157930653e+01 
       8.781243071437e-01       2.867745493638e+01 
       8.889531874236e-01       2.788907744473e+01 
       8.998526566366e-01       2.712583190063e+01 
       9.108271213023e-01       2.638689788325e+01 
       9.218808818884e-01       2.566995060748e+01 
       9.330181336438e-01       2.497581028118e+01 
       9.442429676021e-01       2.430142593717e+01 
       9.555593717537e-01       2.364784986274e+01 
       9.669712323878e-01       2.301279327887e+01 
       9.784823356075e-01       2.239637341702e+01 
       9.900963690251e-01       2.179713912337e+01 
       1.001816923641e+00       2.121496440059e+01 
       1.013647495916e+00       2.064926659954e+01 
       1.025591490037e+00       2.009893899307e+01 
       1.037652220380e+00       1.956414263141e+01 
       1.049832914177e+00       1.904343404559e+01 
       1.062136714378e+00       1.853730222229e+01 
       1.074566682701e+00       1.804429442229e+01 
       1.087125802878e+00       1.756515374027e+01 
       1.099816984065e+00       1.709808372978e+01 
       1.112643064424e+00       1.664400072495e+01 
       1.125606814846e+00       1.620143675565e+01 
       1.138710942802e+00       1.577100336042e+01 
       1.151958096308e+00       1.535154496126e+01 
       1.165350867969e+00       1.494342418987e+01 
       1.178891799093e+00       1.454571352722e+01 
       1.192583383845e+00       1.415859119524e+01 
       1.206428073409e+00       1.378149636738e+01 
       1.220428280151e+00       1.341418673782e+01 
       1.234586381745e+00       1.305665446029e+01 
       1.248904725247e+00       1.270810574876e+01 
       1.263385631092e+00       1.236893587699e+01 
       1.278031396992e+00       1.203823395032e+01 
       1.292844301733e+00       1.171639206491e+01 
       1.307826608829e+00       1.140274913495e+01 
       1.322980570043e+00       1.109724243005e+01 
       1.338308428751e+00       1.079983851484e+01 
       1.353812423150e+00       1.050993192776e+01 
       1.369494789287e+00       1.022779036939e+01 
       1.385357763932e+00       9.952922538396e+00 
       1.401403587261e+00       9.685135485375e+00 
       1.417634505379e+00       9.424537637596e+00 
       1.434052772661e+00       9.170591738637e+00 
       1.450660653935e+00       8.923301334758e+00 
       1.467460426496e+00       8.682582545275e+00 
       1.484454381968e+00       8.448034247476e+00 
       1.501644828013e+00       8.219647964711e+00 
       1.519034089907e+00       7.997339589113e+00 
       1.536624511979e+00       7.780748415714e+00 
       1.554418458928e+00       7.569827506709e+00 
       1.572418317030e+00       7.364556936979e+00 
       1.590626495241e+00       7.164663444110e+00 
       1.609045426206e+00       6.969957755952e+00 
       1.627677567178e+00       6.780428106489e+00 
       1.646525400870e+00       6.595968259984e+00 
       1.665591436233e+00       6.416321242119e+00 
       1.684878209174e+00       6.241406120187e+00 
       1.704388283224e+00       6.071165071339e+00 
       1.724124250159e+00       5.905468957354e+00 
       1.744088730582e+00       5.744134807379e+00 
       1.764284374469e+00       5.587045688945e+00 
       1.784713861690e+00       5.434145264377e+00 
       1.805379902505e+00       5.285332823095e+00 
       1.826285238035e+00       5.140497410237e+00 
       1.847432640726e+00       4.999514274463e+00 
       1.868824914792e+00       4.862267597488e+00 
       1.890464896654e+00       4.728672674964e+00 
       1.912355455363e+00       4.598693557993e+00 
       1.934499493029e+00       4.472186400647e+00 
       1.956899945233e+00       4.349066624318e+00 
       1.979559781448e+00       4.229253254814e+00 
       2.002482005453e+00       4.112661917760e+00 
       2.025669655746e+00       3.999173319479e+00 
       2.049125805965e+00       3.888761073546e+00 
       2.072853565299e+00       3.781277897998e+00 
       2.096856078916e+00       3.676710629153e+00 
       2.121136528379e+00       3.574963593554e+00 
       2.145698132080e+00       3.475959655610e+00 
       2.170544145662e+00       3.379634718985e+00 
       2.195677862461e+00       3.285985149793e+00 
       2.221102613941e+00       3.194781114204e+00 
       2.246821770137e+00       3.106065026279e+00 
       2.272838740104e+00       3.019748484478e+00 
       2.299156972370e+00       2.935782870520e+00 
       2.325779955391e+00       2.854079847955e+00 
       2.352711218019e+00       2.774602057470e+00 
       2.379954329966e+00       2.697285608513e+00 
       2.407512902278e+00       2.622073290415e+00 
       2.435390587815e+00       2.548915210285e+00 
       2.463591081735e+00       2.477737604145e+00 
       2.492118121983e+00       2.408504779843e+00 
       2.520975489788e+00       2.341160121874e+00 
       2.550167010164e+00       2.275665808212e+00 
       2.579696552414e+00       2.211962549451e+00 
       2.609568030647e+00       2.149997876724e+00 
       2.639785404296e+00       2.089725910020e+00 
       2.670352678641e+00       2.031096495807e+00 
       2.701273905342e+00       1.974096893277e+00 
       2.732553182972e+00       1.918660019769e+00 
       2.764194657567e+00       1.864744307532e+00 
       2.796202523170e+00       1.812294957380e+00 
       2.828581022388e+00       1.761299329754e+00 
       2.861334446958e+00       1.711712339885e+00 
       2.894467138308e+00       1.663483664547e+00 
       2.927983488143e+00       1.616583047902e+00 
       2.961887939018e+00       1.570987340748e+00 
       2.996184984931e+00       1.526644419413e+00 
       3.030879171918e+00       1.483524010889e+00 
       3.065975098656e+00       1.441611368064e+00 
       3.101477417073e+00       1.400843763776e+00 
       3.137390832962e+00       1.361216360456e+00 
       3.173720106608e+00       1.322675647409e+00 
       3.210470053416e+00       1.285207273672e+00 
       3.247645544553e+00       1.248756470284e+00 
       3.285251507588e+00       1.213341639947e+00 
       3.323292927152e+00       1.178912955661e+00 
       3.361774845595e+00       1.145473659638e+00 
       3.400702363651e+00       1.112935281117e+00 
       3.440080641123e+00       1.081280072235e+00 
       3.479914897557e+00       1.050527678986e+00 
       3.520210412942e+00       1.020628097760e+00 
       3.560972528403e+00       9.915669934953e-01 
       3.602206646917e+00       9.633192566925e-01 
       3.643918234020e+00       9.358619714825e-01 
       3.686112818537e+00       9.091696036073e-01 
       3.728795993316e+00       8.832305304818e-01 
       3.771973415965e+00       8.580150440268e-01 
       3.815650809605e+00       8.335039917713e-01 
       3.859833963627e+00       8.096815753911e-01 
       3.904528734459e+00       7.865491853256e-01 
       3.949741046346e+00       7.640437497357e-01 
       3.995476892131e+00       7.421718269127e-01 
       4.041742334050e+00       7.209112729759e-01 
       4.088543504537e+00       7.002524753624e-01 
       4.135886607038e+00       6.801752250264e-01 
       4.183777916828e+00       6.606637504258e-01 
       4.232223781850e+00       6.417013988839e-01 
       4.281230623549e+00       6.232724003519e-01 
       4.330804937731e+00       6.053645778724e-01 
       4.380953295416e+00       5.879629322397e-01 
       4.431682343715e+00       5.710545238342e-01 
       4.482998806708e+00       5.546197967894e-01 
       4.534909486338e+00       5.386563922561e-01 
       4.587421263307e+00       5.231407127454e-01 
       4.640541097997e+00       5.080644598901e-01 
       4.694276031382e+00       4.934139434059e-01 
       4.748633185971e+00       4.791790781696e-01 
       4.803619766745e+00       4.653488427078e-01 
       4.859243062116e+00       4.519127948999e-01 
       4.915510444891e+00       4.388574277377e-01 
       4.972429373252e+00       4.261709220487e-01 
       5.030007391740e+00       4.138482460393e-01 
       5.088252132260e+00       4.018733224365e-01 
       5.147171315088e+00       3.902324223193e-01 
       5.206772749899e+00       3.789386581225e-01 
       5.267064336798e+00       3.679625481690e-01 
       5.328054067370e+00       3.572968957605e-01 
       5.389750025737e+00       3.469286810314e-01 
       5.452160389633e+00       3.368692666686e-01 
       5.515293431482e+00       3.270822447398e-01 
       5.579157519502e+00       3.175849200401e-01 
       5.643761118808e+00       3.083628489329e-01 
       5.709112792537e+00       2.994011629026e-01 
       5.775221202983e+00       2.906967910353e-01 
       5.842095112743e+00       2.822380040394e-01 
       5.909743385883e+00       2.740238467610e-01 
       5.978174989108e+00       2.660457158044e-01 
       6.047398992952e+00       2.582944197865e-01 
       6.117424572982e+00       2.507662517428e-01 
       6.188261011013e+00       2.434559921549e-01 
       6.259917696339e+00       2.363537849855e-01 
       6.332404126974e+00       2.294574807790e-01 
       6.405729910918e+00       2.227558770506e-01 
       6.479904767422e+00       2.162512565318e-01 
       6.554938528285e+00       2.099321650031e-01 
       6.630841139150e+00       2.037944586737e-01 
       6.707622660825e+00       1.978357486326e-01 
       6.785293270619e+00       1.920451450016e-01 
       6.863863263686e+00       1.864262206696e-01 
       6.943343054394e+00       1.809672117100e-01 
       7.023743177703e+00       1.756639633594e-01 
       7.105074290563e+00       1.705158059359e-01 
       7.187347173324e+00       1.655178352387e-01 
       7.270572731167e+00       1.606626033325e-01 
       7.354761995551e+00       1.559477067687e-01 
       7.439926125671e+00       1.513701655204e-01 
       7.526076409940e+00       1.469249843631e-01 
       7.613224267486e+00       1.426087931063e-01 
       7.701381249661e+00       1.384173986074e-01 
       7.790559041580e+00       1.343477600157e-01 
       7.880769463661e+00       1.303960506952e-01 
       7.972024473198e+00       1.265604045340e-01 
       8.064336165944e+00       1.228350209597e-01 
       8.157716777714e+00       1.192174845529e-01 
       8.252178686007e+00       1.157052247250e-01 
       8.347734411646e+00       1.122953992003e-01 
       8.444396620440e+00       1.089843879578e-01 
       8.542178124858e+00       1.057699170109e-01 
       8.641091885735e+00       1.026493245214e-01 
       8.741151013981e+00       9.961938944158e-02 
       8.842368772327e+00       9.667783254893e-02 
       8.944758577075e+00       9.382199781630e-02 
       9.048333999884e+00       9.104962897424e-02 
       9.153108769564e+00       8.835808279676e-02 
       9.259096773897e+00       8.574504733770e-02 
       9.366312061478e+00       8.320886513178e-02 
       9.474768843578e+00       8.074581548409e-02 
       9.584481496026e+00       7.835534612086e-02 
       9.695464561114e+00       7.603497578836e-02 
       9.807732749528e+00       7.378248914291e-02 
       9.921300942294e+00       7.159501379401e-02 
       1.003618419275e+01       6.947223812768e-02 
       1.015239772856e+01       6.741177047205e-02 
       1.026995695368e+01       6.541170508590e-02 
       1.038887745048e+01       6.346998475313e-02 
       1.050917498173e+01       6.158543668771e-02 
       1.063086549274e+01       5.975679435554e-02 
       1.075396511346e+01       5.798086072995e-02 
       1.087849016060e+01       5.625733518837e-02 
       1.100445713983e+01       5.458479593177e-02 
       1.113188274794e+01       5.296067051900e-02 
       1.126078387504e+01       5.138517452885e-02 
       1.139117760686e+01       4.985588172494e-02 
       1.152308122692e+01       4.837135626104e-02 
       1.165651221892e+01       4.693059782893e-02 
       1.179148826899e+01       4.553200941536e-02 
       1.192802726806e+01       4.417494084938e-02 
       1.206614731422e+01       4.285809949119e-02 
       1.220586671514e+01       4.157971869469e-02 
       1.234720399047e+01       4.033855957274e-02 
       1.249017787431e+01       3.913468882042e-02 
       1.263480731770e+01       3.796692385229e-02 
       1.278111149112e+01       3.683287581063e-02 
       1.292910978703e+01       3.573256910334e-02 
       1.307882182243e+01       3.466460281464e-02 
       1.323026744149e+01       3.362843027302e-02 
       1.338346671818e+01       3.262260734788e-02 
       1.353843995888e+01       3.164643494070e-02 
       1.369520770513e+01       3.069972125326e-02 
       1.385379073633e+01       2.978079730702e-02 
       1.401421007249e+01       2.888901506663e-02 
       1.417648697701e+01       2.802378292882e-02 
       1.434064295953e+01       2.718408279144e-02 
       1.450669977874e+01       2.636920958218e-02 
       1.467467944529e+01       2.557868692229e-02 
       1.484460422470e+01       2.481136903904e-02 
       1.501649664033e+01       2.406709733126e-02 
       1.519037947632e+01       2.334490528839e-02 
       1.536627578066e+01       2.264395228406e-02 
       1.554420886820e+01       2.196402397923e-02 
       1.572420232380e+01       2.130425793882e-02 
       1.590628000538e+01       2.066404196533e-02 
       1.609046604715e+01       2.004298440651e-02 
       1.627678486276e+01       1.944032788938e-02 
       1.646526114858e+01       1.885563199286e-02 
       1.665591988693e+01       1.828840598899e-02 
       1.684878634941e+01       1.773804648792e-02 
       1.704388610028e+01       1.720401215878e-02 
       1.724124499979e+01       1.668591854564e-02 
       1.744088920765e+01       1.618336438035e-02 
       1.764284518648e+01       1.569572022775e-02 
       1.784713970533e+01       1.522261100499e-02 
       1.805379984322e+01       1.476378216497e-02 
       1.826285299272e+01       1.431854678705e-02 
       1.847432686361e+01       1.388661220525e-02 
       1.868824948651e+01       1.346762612580e-02 
       1.890464921663e+01       1.306115462642e-02 
       1.912355473754e+01       1.266666105511e-02 
       1.934499506491e+01       1.228404875368e-02 
       1.956899955042e+01       1.191300542066e-02 
       1.979559788562e+01       1.155300642794e-02 
       2.002482010589e+01       1.120380383417e-02 
       2.025669659437e+01       1.086499883940e-02 
       2.049125808604e+01       1.053641793087e-02 
       2.072853567177e+01       1.021760418391e-02 
       2.096856080246e+01       9.908400880776e-03 
       2.121136529317e+01       9.608392424741e-03 
       2.145698132737e+01       9.317483740600e-03 
       2.170544146121e+01       9.035261489323e-03 
       2.195677862780e+01       8.761523756655e-03 
       2.221102614161e+01       8.496004642954e-03 
       2.246821770288e+01       8.238364090370e-03 
       2.272838740208e+01       7.988627600826e-03 
       2.299156972440e+01       7.746300808385e-03 
       2.325779955439e+01       7.511294652385e-03 
       2.352711218051e+01       7.283321932286e-03 
       2.379954329987e+01       7.062218110233e-03 
       2.407512902292e+01       6.847761268827e-03 
       2.435390587824e+01       6.639826178645e-03 
       2.463591081741e+01       6.438028254882e-03 
       2.492118121987e+01       6.242412209860e-03 
       2.520975489791e+01       6.052658133165e-03 
       2.550167010165e+01       5.868613032115e-03 
       2.579696552415e+01       5.690105787888e-03 
       2.609568030648e+01       5.516973578838e-03 
       2.639785404297e+01       5.349076739002e-03 
       2.670352678642e+01       5.186272930137e-03 
       2.701273905342e+01       5.028336920174e-03 
       2.732553182972e+01       4.875213801637e-03 
       2.764194657567e+01       4.726685769723e-03 
       2.796202523170e+01       4.582622882453e-03 
       2.828581022388e+01       4.442932225795e-03 
       2.861334446958e+01       4.307466878241e-03 
       2.894467138308e+01       4.176131203106e-03 
       2.927983488143e+01       4.048703551507e-03 
       2.961887939018e+01       3.925170476095e-03 
       2.996184984931e+01       3.805367103034e-03 
       3.030879171918e+01       3.689195633340e-03 
