# Matter power spectrum P(k) at redshift z=0
# for k=1.03751e-05 to 30.031 h/Mpc,
# number of wavenumbers equal to 1161
#    1:k (h/Mpc)              2:P (Mpc/h)^3        
       1.037513961068e-05       4.786732889061e+01 
       1.049527806524e-05       4.840320922129e+01 
       1.061680765754e-05       4.894509134424e+01 
       1.073974449620e-05       4.949303750550e+01 
       1.086410487636e-05       5.004711598566e+01 
       1.098990528185e-05       5.060739509724e+01 
       1.111716238738e-05       5.117397078052e+01 
       1.124589306074e-05       5.174685433653e+01 
       1.137611436505e-05       5.232617649181e+01 
       1.150784356100e-05       5.291196770886e+01 
       1.164109810914e-05       5.350433471538e+01 
       1.177589567223e-05       5.410331912942e+01 
       1.191225411754e-05       5.470900543598e+01 
       1.205019151923e-05       5.532147275174e+01 
       1.218972616075e-05       5.594081521916e+01 
       1.233087653726e-05       5.656707008774e+01 
       1.247366135811e-05       5.720035604986e+01 
       1.261809954926e-05       5.784071973825e+01 
       1.276421025584e-05       5.848823469391e+01 
       1.291201284466e-05       5.914301883728e+01 
       1.306152690680e-05       5.980512589805e+01 
       1.321277226018e-05       6.047464888474e+01 
       1.336576895221e-05       6.115166726013e+01 
       1.352053726244e-05       6.183628062967e+01 
       1.367709770524e-05       6.252853295797e+01 
       1.383547103253e-05       6.322854331396e+01 
       1.399567823651e-05       6.393640212026e+01 
       1.415774055249e-05       6.465215763184e+01 
       1.432167946164e-05       6.537596003930e+01 
       1.448751669389e-05       6.610783626211e+01 
       1.465527423079e-05       6.684791759765e+01 
       1.482497430841e-05       6.759629250263e+01 
       1.499663942032e-05       6.835302859543e+01 
       1.517029232054e-05       6.911824464606e+01 
       1.534595602657e-05       6.989202629904e+01 
       1.552365382246e-05       7.067448818607e+01 
       1.570340926184e-05       7.146569318373e+01 
       1.588524617111e-05       7.226574548668e+01 
       1.606918865256e-05       7.307476740841e+01 
       1.625526108756e-05       7.389284039508e+01 
       1.644348813980e-05       7.472007368467e+01 
       1.663389475859e-05       7.555655693362e+01 
       1.682650618211e-05       7.640242371595e+01 
       1.702134794080e-05       7.725773142528e+01 
       1.721844586072e-05       7.812264613691e+01 
       1.741782606699e-05       7.899721474962e+01 
       1.761951498724e-05       7.988159716790e+01 
       1.782353935512e-05       8.077588996804e+01 
       1.802992621383e-05       8.168014690043e+01 
       1.823870291973e-05       8.259457381375e+01 
       1.844989714595e-05       8.351921447330e+01 
       1.866353688605e-05       8.445421089534e+01 
       1.887965045775e-05       8.539967520291e+01 
       1.909826650667e-05       8.635571631561e+01 
       1.931941401013e-05       8.732246925018e+01 
       1.954312228099e-05       8.830004129392e+01 
       1.976942097154e-05       8.928856485693e+01 
       1.999834007742e-05       9.028813250763e+01 
       2.022990994162e-05       9.129892692861e+01 
       2.046416125847e-05       9.232101010809e+01 
       2.070112507773e-05       9.335453344096e+01 
       2.094083280870e-05       9.439961859914e+01 
       2.118331622437e-05       9.545643013081e+01 
       2.142860746566e-05       9.652503614802e+01 
       2.167673904567e-05       9.760562435593e+01 
       2.192774385395e-05       9.869833190005e+01 
       2.218165516093e-05       9.980323333845e+01 
       2.243850662227e-05       1.009205117668e+02 
       2.269833228337e-05       1.020503250497e+02 
       2.296116658382e-05       1.031927563538e+02 
       2.322704436203e-05       1.043479745890e+02 
       2.349600085981e-05       1.055161360891e+02 
       2.376807172706e-05       1.066973739404e+02 
       2.404329302647e-05       1.078918298338e+02 
       2.432170123833e-05       1.090996546239e+02 
       2.460333326534e-05       1.103210054418e+02 
       2.488822643752e-05       1.115560276640e+02 
       2.517641851717e-05       1.128048834287e+02 
       2.546794770382e-05       1.140677075699e+02 
       2.576285263935e-05       1.153446663695e+02 
       2.606117241309e-05       1.166359267048e+02 
       2.636294656700e-05       1.179416404724e+02 
       2.666821510093e-05       1.192619634043e+02 
       2.697701847789e-05       1.205970757776e+02 
       2.728939762942e-05       1.219471330093e+02 
       2.760539396105e-05       1.233122970877e+02 
       2.792504935775e-05       1.246927303588e+02 
       2.824840618949e-05       1.260886327216e+02 
       2.857550731688e-05       1.275001553134e+02 
       2.890639609681e-05       1.289274832501e+02 
       2.924111638823e-05       1.303707837059e+02 
       2.957971255795e-05       1.318302404133e+02 
       2.992222948654e-05       1.333060216881e+02 
       3.026871257423e-05       1.347983314299e+02 
       3.061920774699e-05       1.363073517044e+02 
       3.097376146257e-05       1.378332535295e+02 
       3.133242071669e-05       1.393762388733e+02 
       3.169523304923e-05       1.409364944377e+02 
       3.206224655058e-05       1.425142179472e+02 
       3.243350986798e-05       1.441095942186e+02 
       3.280907221198e-05       1.457228434200e+02 
       3.318898336297e-05       1.473541404540e+02 
       3.357329367776e-05       1.490036940639e+02 
       3.396205409625e-05       1.506717075361e+02 
       3.435531614823e-05       1.523583948224e+02 
       3.475313196015e-05       1.540639618625e+02 
       3.515555426208e-05       1.557886177208e+02 
       3.556263639463e-05       1.575325850542e+02 
       3.597443231613e-05       1.592960629891e+02 
       3.639099660966e-05       1.610792812081e+02 
       3.681238449037e-05       1.628824575170e+02 
       3.723865181278e-05       1.647058205243e+02 
       3.766985507814e-05       1.665495851496e+02 
       3.810605144200e-05       1.684139803064e+02 
       3.854729872169e-05       1.702992559908e+02 
       3.899365540409e-05       1.722056154122e+02 
       3.944518065326e-05       1.741333397685e+02 
       3.990193431841e-05       1.760826159070e+02 
       4.036397694173e-05       1.780537146489e+02 
       4.083136976648e-05       1.800468832476e+02 
       4.130417474506e-05       1.820623312009e+02 
       4.178245454726e-05       1.841003664510e+02 
       4.226627256856e-05       1.861611974697e+02 
       4.275569293850e-05       1.882450929672e+02 
       4.325078052923e-05       1.903523157560e+02 
       4.375160096408e-05       1.924831197013e+02 
       4.425822062624e-05       1.946377668515e+02 
       4.477070666760e-05       1.968165289401e+02 
       4.528912701764e-05       1.990196765298e+02 
       4.581355039241e-05       2.012474775756e+02 
       4.634404630367e-05       2.035002111331e+02 
       4.688068506806e-05       2.057781537048e+02 
       4.742353781648e-05       2.080815880945e+02 
       4.797267650347e-05       2.104107987717e+02 
       4.852817391676e-05       2.127660859825e+02 
       4.909010368695e-05       2.151477171108e+02 
       4.965854029720e-05       2.175560037474e+02 
       5.023355909319e-05       2.199912409200e+02 
       5.081523629302e-05       2.224537323059e+02 
       5.140364899738e-05       2.249437744146e+02 
       5.199887519974e-05       2.274616813993e+02 
       5.260099379668e-05       2.300077645078e+02 
       5.321008459837e-05       2.325823358251e+02 
       5.382622833915e-05       2.351857168684e+02 
       5.444950668818e-05       2.378182239268e+02 
       5.508000226035e-05       2.404801932506e+02 
       5.571779862716e-05       2.431719570195e+02 
       5.636298032783e-05       2.458938200864e+02 
       5.701563288048e-05       2.486461426738e+02 
       5.767584279352e-05       2.514292693712e+02 
       5.834369757705e-05       2.542435474865e+02 
       5.901928575450e-05       2.570892739837e+02 
       5.970269687434e-05       2.599668688952e+02 
       6.039402152199e-05       2.628766529642e+02 
       6.109335133178e-05       2.658189927598e+02 
       6.180077899911e-05       2.687942505823e+02 
       6.251639829276e-05       2.718027979657e+02 
       6.324030406728e-05       2.748449931026e+02 
       6.397259227561e-05       2.779212394632e+02 
       6.471335998175e-05       2.810318854730e+02 
       6.546270537367e-05       2.841773370811e+02 
       6.622072777627e-05       2.873579763292e+02 
       6.698752766461e-05       2.905741958358e+02 
       6.776320667719e-05       2.938263863682e+02 
       6.854786762941e-05       2.971149798160e+02 
       6.934161452724e-05       3.004403320311e+02 
       7.014455258096e-05       3.038028864820e+02 
       7.095678821916e-05       3.072030581184e+02 
       7.177842910277e-05       3.106412564156e+02 
       7.260958413941e-05       3.141179166447e+02 
       7.345036349778e-05       3.176334670055e+02 
       7.430087862228e-05       3.211883326654e+02 
       7.516124224776e-05       3.247829588818e+02 
       7.603156841448e-05       3.284177825161e+02 
       7.691197248325e-05       3.320932637320e+02 
       7.780257115065e-05       3.358098493353e+02 
       7.870348246460e-05       3.395680101392e+02 
       7.961482583989e-05       3.433681763648e+02 
       8.053672207411e-05       3.472108486034e+02 
       8.146929336361e-05       3.510964983897e+02 
       8.241266331970e-05       3.550255881215e+02 
       8.336695698505e-05       3.589986183822e+02 
       8.433230085024e-05       3.630160713462e+02 
       8.530882287057e-05       3.670784499596e+02 
       8.629665248297e-05       3.711862471667e+02 
       8.729592062318e-05       3.753399710915e+02 
       8.830675974311e-05       3.795401366070e+02 
       8.932930382839e-05       3.837872615737e+02 
       9.036368841614e-05       3.880818653864e+02 
       9.141005061291e-05       3.924244806615e+02 
       9.246852911288e-05       3.968156440084e+02 
       9.353926421622e-05       4.012558849090e+02 
       9.462239784772e-05       4.057457725868e+02 
       9.571807357556e-05       4.102858367568e+02 
       9.682643663037e-05       4.148766571101e+02 
       9.794763392448e-05       4.195187841463e+02 
       9.908181407138e-05       4.242127940704e+02 
       1.002291274054e-04       4.289592650815e+02 
       1.013897260017e-04       4.337587817641e+02 
       1.025637636964e-04       4.386119334592e+02 
       1.037513961068e-04       4.435193313224e+02 
       1.049527806524e-04       4.484815381540e+02 
       1.061680765754e-04       4.534992201717e+02 
       1.073974449620e-04       4.585729415764e+02 
       1.086410487636e-04       4.637033596759e+02 
       1.098990528185e-04       4.688910959839e+02 
       1.111716238738e-04       4.741367947830e+02 
       1.124589306074e-04       4.794410850710e+02 
       1.137611436505e-04       4.848046357592e+02 
       1.150784356100e-04       4.902281021265e+02 
       1.164109810914e-04       4.957121412899e+02 
       1.177589567223e-04       5.012574294758e+02 
       1.191225411754e-04       5.068646525278e+02 
       1.205019151923e-04       5.125344917148e+02 
       1.218972616075e-04       5.182676452609e+02 
       1.233087653726e-04       5.240648293385e+02 
       1.247366135811e-04       5.299267309464e+02 
       1.261809954926e-04       5.358540914648e+02 
       1.276421025584e-04       5.418476226826e+02 
       1.291201284466e-04       5.479080674265e+02 
       1.306152690680e-04       5.540361555958e+02 
       1.321277226018e-04       5.602326624793e+02 
       1.336576895221e-04       5.664983254173e+02 
       1.352053726244e-04       5.728339156172e+02 
       1.367709770524e-04       5.792402114144e+02 
       1.383547103253e-04       5.857179965923e+02 
       1.399567823652e-04       5.922680649656e+02 
       1.415774055249e-04       5.988912209171e+02 
       1.432167946164e-04       6.055882567937e+02 
       1.448751669389e-04       6.123600162234e+02 
       1.465527423079e-04       6.192073041388e+02 
       1.482497430841e-04       6.261309676187e+02 
       1.499663942032e-04       6.331318526739e+02 
       1.517029232054e-04       6.402108136223e+02 
       1.534595602657e-04       6.473687033390e+02 
       1.552365382246e-04       6.546064221198e+02 
       1.570340926184e-04       6.619248259002e+02 
       1.588524617111e-04       6.693248152792e+02 
       1.606918865256e-04       6.768072826636e+02 
       1.625526108756e-04       6.843731598645e+02 
       1.644348813980e-04       6.920233627082e+02 
       1.663389475859e-04       6.997588032646e+02 
       1.682650618211e-04       7.075804422751e+02 
       1.702134794080e-04       7.154892206191e+02 
       1.721844586072e-04       7.234861029258e+02 
       1.741782606699e-04       7.315720713244e+02 
       1.761951498724e-04       7.397480808970e+02 
       1.782353935512e-04       7.480151424721e+02 
       1.802992621383e-04       7.563742615014e+02 
       1.823870291973e-04       7.648264492868e+02 
       1.844989714595e-04       7.733727259063e+02 
       1.866353688605e-04       7.820141279270e+02 
       1.887965045775e-04       7.907516993188e+02 
       1.909826650667e-04       7.995865029979e+02 
       1.931941401013e-04       8.085196018989e+02 
       1.954312228099e-04       8.175520864222e+02 
       1.976942097154e-04       8.266850330039e+02 
       1.999834007742e-04       8.359195450855e+02 
       2.022990994162e-04       8.452567635809e+02 
       2.046416125847e-04       8.546977810559e+02 
       2.070112507773e-04       8.642437488377e+02 
       2.094083280870e-04       8.738958183911e+02 
       2.118331622437e-04       8.836551510554e+02 
       2.142860746566e-04       8.935229211385e+02 
       2.167673904567e-04       9.035003039595e+02 
       2.192774385395e-04       9.135885167740e+02 
       2.218165516093e-04       9.237888050779e+02 
       2.243850662227e-04       9.341022782402e+02 
       2.269833228337e-04       9.445302721436e+02 
       2.296116658382e-04       9.550740110935e+02 
       2.322704436203e-04       9.657347561917e+02 
       2.349600085981e-04       9.765137773901e+02 
       2.376807172706e-04       9.874123746607e+02 
       2.404329302647e-04       9.984318353627e+02 
       2.432170123833e-04       1.009573475798e+03 
       2.460333326534e-04       1.020838647330e+03 
       2.488822643752e-04       1.032228663844e+03 
       2.517641851717e-04       1.043744888760e+03 
       2.546794770382e-04       1.055388698101e+03 
       2.576285263935e-04       1.067161489301e+03 
       2.606117241309e-04       1.079064631702e+03 
       2.636294656700e-04       1.091099543917e+03 
       2.666821510093e-04       1.103267670772e+03 
       2.697701847789e-04       1.115570434703e+03 
       2.728939762942e-04       1.128009297566e+03 
       2.760539396105e-04       1.140585721245e+03 
       2.792504935775e-04       1.153301190578e+03 
       2.824840618949e-04       1.166157266649e+03 
       2.857550731688e-04       1.179155332065e+03 
       2.890639609681e-04       1.192297011505e+03 
       2.924111638823e-04       1.205583848084e+03 
       2.957971255796e-04       1.219017384023e+03 
       2.992222948654e-04       1.232599192695e+03 
       3.026871257423e-04       1.246330879093e+03 
       3.061920774699e-04       1.260214018124e+03 
       3.097376146257e-04       1.274250249239e+03 
       3.133242071669e-04       1.288441216123e+03 
       3.169523304923e-04       1.302788576209e+03 
       3.206224655058e-04       1.317294016141e+03 
       3.243350986798e-04       1.331959160542e+03 
       3.280907221198e-04       1.346785781205e+03 
       3.318898336297e-04       1.361775532229e+03 
       3.357329367776e-04       1.376930208775e+03 
       3.396205409625e-04       1.392251573672e+03 
       3.435531614823e-04       1.407741305455e+03 
       3.475313196016e-04       1.423401266700e+03 
       3.515555426208e-04       1.439233293515e+03 
       3.556263639464e-04       1.455239069853e+03 
       3.597443231613e-04       1.471420550208e+03 
       3.639099660966e-04       1.487779560164e+03 
       3.681238449037e-04       1.504317967256e+03 
       3.723865181278e-04       1.521037661558e+03 
       3.766985507814e-04       1.537940551130e+03 
       3.810605144200e-04       1.555028549000e+03 
       3.854729872170e-04       1.572303632679e+03 
       3.899365540409e-04       1.589767733080e+03 
       3.944518065326e-04       1.607422805667e+03 
       3.990193431841e-04       1.625270922259e+03 
       4.036397694173e-04       1.643314088463e+03 
       4.083136976648e-04       1.661554171838e+03 
       4.130417474506e-04       1.679993448267e+03 
       4.178245454726e-04       1.698633865113e+03 
       4.226627256856e-04       1.717477553264e+03 
       4.275569293850e-04       1.736526602769e+03 
       4.325078052923e-04       1.755783188919e+03 
       4.375160096408e-04       1.775249314310e+03 
       4.425822062624e-04       1.794927292380e+03 
       4.477070666760e-04       1.814819243518e+03 
       4.528912701764e-04       1.834927407295e+03 
       4.581355039242e-04       1.855253942054e+03 
       4.634404630367e-04       1.875801176376e+03 
       4.688068506806e-04       1.896571338288e+03 
       4.742353781648e-04       1.917566584778e+03 
       4.797267650347e-04       1.938789368760e+03 
       4.852817391676e-04       1.960241999417e+03 
       4.909010368695e-04       1.981926740106e+03 
       4.965854029721e-04       2.003845985431e+03 
       5.023355909319e-04       2.026002122010e+03 
       5.081523629302e-04       2.048397529213e+03 
       5.140364899738e-04       2.071034650139e+03 
       5.199887519974e-04       2.093915884489e+03 
       5.260099379668e-04       2.117043728851e+03 
       5.321008459838e-04       2.140420624862e+03 
       5.382622833915e-04       2.164049106811e+03 
       5.444950668818e-04       2.187931705955e+03 
       5.508000226035e-04       2.212070851549e+03 
       5.571779862716e-04       2.236469221477e+03 
       5.636298032783e-04       2.261129411441e+03 
       5.701563288049e-04       2.286053812984e+03 
       5.767584279352e-04       2.311245284880e+03 
       5.834369757705e-04       2.336706404279e+03 
       5.901928575450e-04       2.362439862074e+03 
       5.970269687435e-04       2.388448137409e+03 
       6.039402152199e-04       2.414734135849e+03 
       6.109335133178e-04       2.441300509276e+03 
       6.180077899911e-04       2.468150042588e+03 
       6.251639829276e-04       2.495285423257e+03 
       6.324030406728e-04       2.522709512542e+03 
       6.397259227561e-04       2.550425123833e+03 
       6.471335998175e-04       2.578434955024e+03 
       6.546270537367e-04       2.606741951955e+03 
       6.622072777627e-04       2.635349003162e+03 
       6.698752766461e-04       2.664258895462e+03 
       6.776320667719e-04       2.693474612160e+03 
       6.854786762941e-04       2.722999063581e+03 
       6.934161452724e-04       2.752835206165e+03 
       7.014455258096e-04       2.782985975129e+03 
       7.095678821916e-04       2.813454347666e+03 
       7.177842910277e-04       2.844243357326e+03 
       7.260958413941e-04       2.875356013823e+03 
       7.345036349779e-04       2.906795354604e+03 
       7.430087862228e-04       2.938564445612e+03 
       7.516124224776e-04       2.970666416723e+03 
       7.603156841448e-04       3.003104419637e+03 
       7.691197248325e-04       3.035881256232e+03 
       7.780257115066e-04       3.069000399361e+03 
       7.870348246460e-04       3.102464988825e+03 
       7.961482583989e-04       3.136278026174e+03 
       8.053672207411e-04       3.170442809055e+03 
       8.146929336361e-04       3.204962589159e+03 
       8.241266331970e-04       3.239840519225e+03 
       8.336695698505e-04       3.275079834540e+03 
       8.433230085025e-04       3.310683889373e+03 
       8.530882287057e-04       3.346655835101e+03 
       8.629665248297e-04       3.382999138311e+03 
       8.729592062318e-04       3.419716977268e+03 
       8.830675974311e-04       3.456812731018e+03 
       8.932930382839e-04       3.494289724630e+03 
       9.036368841614e-04       3.532151388661e+03 
       9.141005061291e-04       3.570401020207e+03 
       9.246852911288e-04       3.609041887572e+03 
       9.353926421622e-04       3.648077669117e+03 
       9.462239784772e-04       3.687511615067e+03 
       9.571807357556e-04       3.727347163037e+03 
       9.682643663037e-04       3.767587718609e+03 
       9.794763392448e-04       3.808237046555e+03 
       9.908181407138e-04       3.849297957891e+03 
       1.002291274054e-03       3.890774471451e+03 
       1.013897260017e-03       3.932669936859e+03 
       1.025637636964e-03       3.974987812411e+03 
       1.037513961068e-03       4.017731582961e+03 
       1.049527806524e-03       4.060904773129e+03 
       1.061680765754e-03       4.104510949186e+03 
       1.073974449620e-03       4.148553575826e+03 
       1.086410487636e-03       4.193036215752e+03 
       1.098990528185e-03       4.237962362198e+03 
       1.111716238738e-03       4.283335608379e+03 
       1.124589306074e-03       4.329159484170e+03 
       1.137611436505e-03       4.375437631420e+03 
       1.150784356100e-03       4.422173308996e+03 
       1.164109810914e-03       4.469370330867e+03 
       1.177589567223e-03       4.517032387790e+03 
       1.191225411754e-03       4.565162575838e+03 
       1.205019151923e-03       4.613764802836e+03 
       1.218972616075e-03       4.662842692101e+03 
       1.233087653726e-03       4.712399357833e+03 
       1.247366135811e-03       4.762438859397e+03 
       1.261809954926e-03       4.812964594039e+03 
       1.276421025584e-03       4.863979860615e+03 
       1.291201284466e-03       4.915488307090e+03 
       1.306152690680e-03       4.967493683381e+03 
       1.321277226018e-03       5.019999313992e+03 
       1.336576895221e-03       5.073008891368e+03 
       1.352053726244e-03       5.126525800466e+03 
       1.367709770524e-03       5.180553326593e+03 
       1.383547103253e-03       5.235095275265e+03 
       1.399567823652e-03       5.290155090648e+03 
       1.415774055249e-03       5.345736269904e+03 
       1.432167946164e-03       5.401841849041e+03 
       1.448751669389e-03       5.458475711364e+03 
       1.465527423079e-03       5.515641195010e+03 
       1.482497430841e-03       5.573341610862e+03 
       1.499663942032e-03       5.631580335575e+03 
       1.517029232054e-03       5.690360738371e+03 
       1.534595602657e-03       5.749684563056e+03 
       1.552365382246e-03       5.809552974640e+03 
       1.570340926184e-03       5.869972841829e+03 
       1.588524617111e-03       5.930947208445e+03 
       1.606918865256e-03       5.992479794691e+03 
       1.625526108756e-03       6.054573472429e+03 
       1.644348813980e-03       6.117231492567e+03 
       1.663389475859e-03       6.180457168916e+03 
       1.682650618211e-03       6.244253174346e+03 
       1.702134794080e-03       6.308622735055e+03 
       1.721844586072e-03       6.373568664515e+03 
       1.741782606699e-03       6.439094396127e+03 
       1.761951498724e-03       6.505202609173e+03 
       1.782353935512e-03       6.571896359052e+03 
       1.802992621383e-03       6.639177885642e+03 
       1.823870291973e-03       6.707050588048e+03 
       1.844989714595e-03       6.775517229533e+03 
       1.866353688605e-03       6.844579787190e+03 
       1.887965045775e-03       6.914241686227e+03 
       1.909826650667e-03       6.984504994162e+03 
       1.931941401013e-03       7.055372622250e+03 
       1.954312228099e-03       7.126846507520e+03 
       1.976942097154e-03       7.198929484463e+03 
       1.999834007742e-03       7.271623819824e+03 
       2.022990994162e-03       7.344931515911e+03 
       2.046416125847e-03       7.418854980755e+03 
       2.070112507773e-03       7.493396042249e+03 
       2.094083280870e-03       7.568557211326e+03 
       2.118331622437e-03       7.644340147362e+03 
       2.142860746566e-03       7.720746807645e+03 
       2.167673904567e-03       7.797778931447e+03 
       2.192774385395e-03       7.875438549523e+03 
       2.218165516093e-03       7.953726925773e+03 
       2.243850662227e-03       8.032645472271e+03 
       2.269833228337e-03       8.112196476895e+03 
       2.296116658382e-03       8.192380421712e+03 
       2.322704436203e-03       8.273199033893e+03 
       2.349600085981e-03       8.354653445467e+03 
       2.376807172706e-03       8.436744746935e+03 
       2.404329302647e-03       8.519473767361e+03 
       2.432170123833e-03       8.602841473895e+03 
       2.460333326534e-03       8.686848415274e+03 
       2.488822643753e-03       8.771495627574e+03 
       2.517641851717e-03       8.856783598998e+03 
       2.546794770382e-03       8.942712014705e+03 
       2.576285263935e-03       9.029282115875e+03 
       2.606117241309e-03       9.116493300675e+03 
       2.636294656700e-03       9.204345832599e+03 
       2.666821510093e-03       9.292839870595e+03 
       2.697701847789e-03       9.381975185780e+03 
       2.728939762942e-03       9.471750895807e+03 
       2.760539396105e-03       9.562166981727e+03 
       2.792504935775e-03       9.653222130173e+03 
       2.824840618949e-03       9.744916401047e+03 
       2.857550731688e-03       9.837248316196e+03 
       2.890639609681e-03       9.930216827083e+03 
       2.924111638823e-03       1.002382059394e+04 
       2.957971255796e-03       1.011805830203e+04 
       2.992222948654e-03       1.021292807033e+04 
       3.026871257423e-03       1.030842818480e+04 
       3.061920774699e-03       1.040455717915e+04 
       3.097376146257e-03       1.050131250116e+04 
       3.133242071669e-03       1.059869186703e+04 
       3.169523304923e-03       1.069669276146e+04 
       3.206224655058e-03       1.079531251402e+04 
       3.243350986798e-03       1.089454797981e+04 
       3.280907221199e-03       1.099439634965e+04 
       3.318898336297e-03       1.109485454172e+04 
       3.357329367776e-03       1.119591959790e+04 
       3.396205409625e-03       1.129758535451e+04 
       3.435531614823e-03       1.139985023128e+04 
       3.475313196016e-03       1.150270942833e+04 
       3.515555426208e-03       1.160615796957e+04 
       3.556263639464e-03       1.171019295170e+04 
       3.597443231613e-03       1.181480772659e+04 
       3.639099660966e-03       1.191999852058e+04 
       3.681238449037e-03       1.202575951166e+04 
       3.723865181278e-03       1.213208459425e+04 
       3.766985507814e-03       1.223896910652e+04 
       3.810605144200e-03       1.234640586071e+04 
       3.854729872170e-03       1.245438972736e+04 
       3.899365540409e-03       1.256291454163e+04 
       3.944518065326e-03       1.267197101686e+04 
       3.990193431841e-03       1.278155446399e+04 
       4.036397694173e-03       1.289165625919e+04 
       4.083136976648e-03       1.300226975791e+04 
       4.130417474506e-03       1.311338709534e+04 
       4.178245454726e-03       1.322499947040e+04 
       4.226627256856e-03       1.333709869065e+04 
       4.275569293850e-03       1.344967528307e+04 
       4.325078052923e-03       1.356272225412e+04 
       4.375160096408e-03       1.367622804625e+04 
       4.425822062624e-03       1.379018469730e+04 
       4.477070666760e-03       1.390458097556e+04 
       4.528912701764e-03       1.401940760904e+04 
       4.581355039242e-03       1.413465380677e+04 
       4.634404630367e-03       1.425030735508e+04 
       4.688068506806e-03       1.436635784397e+04 
       4.742353781648e-03       1.448279401816e+04 
       4.797267650347e-03       1.459960277011e+04 
       4.852817391676e-03       1.471676667957e+04 
       4.909010368695e-03       1.483427846701e+04 
       4.965854029721e-03       1.495212071416e+04 
       5.023355909319e-03       1.507029226656e+04 
       5.081523629302e-03       1.518878810001e+04 
       5.140364899738e-03       1.530757536488e+04 
       5.199887519974e-03       1.542664519987e+04 
       5.260099379668e-03       1.554597811650e+04 
       5.321008459838e-03       1.566556028345e+04 
       5.382622833915e-03       1.578537944299e+04 
       5.444950668818e-03       1.590541688347e+04 
       5.508000226035e-03       1.602565299310e+04 
       5.571779862716e-03       1.614607921471e+04 
       5.636298032783e-03       1.626667310100e+04 
       5.701563288049e-03       1.638741271328e+04 
       5.767584279352e-03       1.650829715185e+04 
       5.834369757705e-03       1.662928144243e+04 
       5.901928575450e-03       1.675037264602e+04 
       5.970269687435e-03       1.687153468940e+04 
       6.039402152200e-03       1.699275115441e+04 
       6.109335133178e-03       1.711399211973e+04 
       6.180077899911e-03       1.723528555340e+04 
       6.251639829276e-03       1.735653777804e+04 
       6.324030406728e-03       1.747780429016e+04 
       6.397259227561e-03       1.759898961660e+04 
       6.471335998175e-03       1.772014720292e+04 
       6.546270537367e-03       1.784117769991e+04 
       6.622072777627e-03       1.796213882062e+04 
       6.698752766461e-03       1.808293505797e+04 
       6.776320667719e-03       1.820356448669e+04 
       6.854786762941e-03       1.832395894805e+04 
       6.934161452724e-03       1.844419679947e+04 
       7.014455258097e-03       1.856415839997e+04 
       7.095678821916e-03       1.868392699296e+04 
       7.177842910277e-03       1.880348723362e+04 
       7.260958413941e-03       1.892262802601e+04 
       7.345036349779e-03       1.904140348968e+04 
       7.430087862228e-03       1.915980788500e+04 
       7.516124224776e-03       1.927781037934e+04 
       7.603156841448e-03       1.939538485120e+04 
       7.691197248325e-03       1.951250268870e+04 
       7.780257115066e-03       1.962912156148e+04 
       7.870348246460e-03       1.974522603304e+04 
       7.961482583989e-03       1.986077505687e+04 
       8.053672207411e-03       1.997574884084e+04 
       8.146929336361e-03       2.009010062912e+04 
       8.241266331970e-03       2.020381150763e+04 
       8.336695698505e-03       2.031684506627e+04 
       8.433230085025e-03       2.042916737115e+04 
       8.530882287057e-03       2.054073709887e+04 
       8.629665248297e-03       2.065151252415e+04 
       8.729592062318e-03       2.076148827132e+04 
       8.830675974311e-03       2.087060573108e+04 
       8.932930382840e-03       2.097883319049e+04 
       9.036368841614e-03       2.108613966529e+04 
       9.141005061292e-03       2.119249515079e+04 
       9.246852911288e-03       2.129783562966e+04 
       9.353926421623e-03       2.140215769257e+04 
       9.462239784772e-03       2.150538862532e+04 
       9.571807357556e-03       2.160750957888e+04 
       9.682643663037e-03       2.170847614907e+04 
       9.794763392449e-03       2.180825173360e+04 
       9.908181407138e-03       2.190679170972e+04 
       1.002291274054e-02       2.200405643805e+04 
       1.013897260017e-02       2.210000432387e+04 
       1.025637636964e-02       2.219459258845e+04 
       1.037513961068e-02       2.228778702755e+04 
       1.049527806524e-02       2.237953218852e+04 
       1.061680765754e-02       2.246979596020e+04 
       1.073974449620e-02       2.255853374573e+04 
       1.086410487636e-02       2.264568918581e+04 
       1.098990528185e-02       2.273123647193e+04 
       1.111716238738e-02       2.281511736919e+04 
       1.124589306074e-02       2.289729630616e+04 
       1.137611436505e-02       2.297771640411e+04 
       1.150784356100e-02       2.305633739420e+04 
       1.164109810914e-02       2.313312229295e+04 
       1.177589567223e-02       2.320800854387e+04 
       1.191225411754e-02       2.328096567760e+04 
       1.205019151923e-02       2.335193643197e+04 
       1.218972616075e-02       2.342086678302e+04 
       1.233087653726e-02       2.348773691825e+04 
       1.247366135811e-02       2.355247148392e+04 
       1.261809954926e-02       2.361503846196e+04 
       1.276421025584e-02       2.367538839326e+04 
       1.291201284466e-02       2.373346677065e+04 
       1.306152690680e-02       2.378922864017e+04 
       1.321277226018e-02       2.384263526579e+04 
       1.336576895221e-02       2.389362767841e+04 
       1.352053726245e-02       2.394216007631e+04 
       1.367709770525e-02       2.398818388309e+04 
       1.383547103253e-02       2.403164124495e+04 
       1.399567823652e-02       2.407250881193e+04 
       1.415774055250e-02       2.411073008492e+04 
       1.432167946166e-02       2.414624857998e+04 
       1.448751669392e-02       2.417902706151e+04 
       1.465527423083e-02       2.420902563962e+04 
       1.482497430847e-02       2.423617271995e+04 
       1.499663942041e-02       2.426045031087e+04 
       1.517029232068e-02       2.428181365729e+04 
       1.534595602678e-02       2.430020739012e+04 
       1.552365382277e-02       2.431556566415e+04 
       1.570340926232e-02       2.432788046971e+04 
       1.588524617183e-02       2.433711285497e+04 
       1.606918865363e-02       2.434319520468e+04 
       1.625526108916e-02       2.434608407055e+04 
       1.644348814217e-02       2.434575499457e+04 
       1.663389476209e-02       2.434219480546e+04 
       1.682650618724e-02       2.433533012477e+04 
       1.702134794828e-02       2.432513359852e+04 
       1.721844587159e-02       2.431156170700e+04 
       1.741782608270e-02       2.429461762224e+04 
       1.761951500982e-02       2.427422162858e+04 
       1.782353938743e-02       2.425036506420e+04 
       1.802992625986e-02       2.422303710481e+04 
       1.823870298498e-02       2.419215746939e+04 
       1.844989723801e-02       2.415778739312e+04 
       1.866353701534e-02       2.411983684925e+04 
       1.887965063850e-02       2.407831744840e+04 
       1.909826675822e-02       2.403319023403e+04 
       1.931941435863e-02       2.398439285466e+04 
       1.954312276167e-02       2.393201375537e+04 
       1.976942163163e-02       2.387597967828e+04 
       1.999834097995e-02       2.381629237126e+04 
       2.022991117031e-02       2.375293942304e+04 
       2.046416292407e-02       2.368593079251e+04 
       2.070112732608e-02       2.361528625892e+04 
       2.094083583104e-02       2.354091574545e+04 
       2.118332027040e-02       2.346294609452e+04 
       2.142861286000e-02       2.338131054944e+04 
       2.167674620859e-02       2.329603536854e+04 
       2.192775332733e-02       2.320712126657e+04 
       2.218166764050e-02       2.311462972935e+04 
       2.243852299776e-02       2.301855997671e+04 
       2.269835368794e-02       2.291892020190e+04 
       2.296119445501e-02       2.281579488138e+04 
       2.322708051628e-02       2.270914157829e+04 
       2.349604758345e-02       2.259903704227e+04 
       2.376813188673e-02       2.248553091036e+04 
       2.404337020278e-02       2.236864905365e+04 
       2.432179988681e-02       2.224848304591e+04 
       2.460345890959e-02       2.212499902753e+04 
       2.488838590004e-02       2.199829162546e+04 
       2.517662019409e-02       2.186852511786e+04 
       2.546820189075e-02       2.173566913726e+04 
       2.576317191616e-02       2.159972319500e+04 
       2.606157209669e-02       2.146092655742e+04 
       2.636344524213e-02       2.131928527303e+04 
       2.666883523997e-02       2.117474629829e+04 
       2.697778716206e-02       2.102768494931e+04 
       2.729034738490e-02       2.087796744778e+04 
       2.760656372473e-02       2.072569600682e+04 
       2.792648558894e-02       2.057105984701e+04 
       2.825016414507e-02       2.041413850688e+04 
       2.857765250893e-02       2.025504174137e+04 
       2.890900595325e-02       2.009385558667e+04 
       2.924428213846e-02       1.993068778960e+04 
       2.958354136704e-02       1.976565399065e+04 
       2.992684686301e-02       1.959888914206e+04 
       3.027426507818e-02       1.943049289024e+04 
       3.062586602665e-02       1.926058261367e+04 
       3.098172364922e-02       1.908937217013e+04 
       3.134191620922e-02       1.891679161026e+04 
       3.170652672150e-02       1.874323723223e+04 
       3.207564341604e-02       1.856856956875e+04 
       3.244936023812e-02       1.839310004884e+04 
       3.282777738651e-02       1.821689875639e+04 
       3.321100189172e-02       1.804009040054e+04 
       3.359914823617e-02       1.786280120710e+04 
       3.399233901834e-02       1.768521741844e+04 
       3.439070566307e-02       1.750739320463e+04 
       3.479438918069e-02       1.732945287390e+04 
       3.520354097743e-02       1.715165151493e+04 
       3.561832372033e-02       1.697396856143e+04 
       3.603891226000e-02       1.679659344899e+04 
       3.646549461497e-02       1.661968023131e+04 
       3.689827302212e-02       1.644326609108e+04 
       3.733746505785e-02       1.626749865090e+04 
       3.778330483565e-02       1.609256092430e+04 
       3.823604428619e-02       1.591841771335e+04 
       3.869595452690e-02       1.574537064278e+04 
       3.916332732886e-02       1.557340841738e+04 
       3.963847668985e-02       1.540266594070e+04 
       4.012174052318e-02       1.523311712602e+04 
       4.061348247338e-02       1.506512700697e+04 
       4.111409387063e-02       1.489850372208e+04 
       4.162399583749e-02       1.473349444102e+04 
       4.214364156249e-02       1.457017426045e+04 
       4.267351875683e-02       1.440853887413e+04 
       4.321415231178e-02       1.424869149607e+04 
       4.376610717613e-02       1.409073170975e+04 
       4.432999147433e-02       1.393464240030e+04 
       4.490645988801e-02       1.378052273937e+04 
       4.549621732474e-02       1.362834508672e+04 
       4.610002289974e-02       1.347826722313e+04 
       4.671869425736e-02       1.333014948632e+04 
       4.735311226058e-02       1.318405906293e+04 
       4.800422607721e-02       1.303999640586e+04 
       4.867305869208e-02       1.289782433948e+04 
       4.936071287385e-02       1.275758804527e+04 
       5.006837762354e-02       1.261908465460e+04 
       5.079733512943e-02       1.248222762370e+04 
       5.154896824809e-02       1.234685270977e+04 
       5.232476852490e-02       1.221270673008e+04 
       5.312634475738e-02       1.207954644092e+04 
       5.395543209179e-02       1.194704965115e+04 
       5.481390162531e-02       1.181477487978e+04 
       5.570377046278e-02       1.168225743719e+04 
       5.662721214684e-02       1.154882952996e+04 
       5.758656734211e-02       1.141385976775e+04 
       5.858435460639e-02       1.127652145113e+04 
       5.962328102407e-02       1.113584185827e+04 
       6.070625240727e-02       1.099072753914e+04 
       6.183638268902e-02       1.083992105161e+04 
       6.301700204061e-02       1.068207318604e+04 
       6.425166314351e-02       1.051560710733e+04 
       6.554414494016e-02       1.033886550523e+04 
       6.689845308407e-02       1.015017272239e+04 
       6.831881621895e-02       9.947821891887e+03 
       6.980967715457e-02       9.730037374805e+03 
       7.137567799333e-02       9.495501643962e+03 
       7.302163832101e-02       9.242914891872e+03 
       7.475252573365e-02       8.971825756191e+03 
       7.657341825783e-02       8.682130346784e+03 
       7.848945865213e-02       8.374941421741e+03 
       8.050580116253e-02       8.052368955230e+03 
       8.262755202707e-02       7.717567302700e+03 
       8.485970584258e-02       7.375199572479e+03 
       8.720708073856e-02       7.030892925147e+03 
       8.967425603980e-02       6.691299816713e+03 
       9.226551660651e-02       6.363456457413e+03 
       9.498480818881e-02       6.054211940419e+03 
       9.783570781967e-02       5.769526295144e+03 
       1.008214124613e-01       5.513620365155e+03 
       1.039447478624e-01       5.288498191962e+03 
       1.072081980139e-01       5.092744206101e+03 
       1.106139539201e-01       4.922024897411e+03 
       1.141639788612e-01       4.768556391552e+03 
       1.178600861296e-01       4.622249700275e+03 
       1.217040245192e-01       4.471764042538e+03 
       1.256975666801e-01       4.306701013548e+03 
       1.298425957791e-01       4.119947546011e+03 
       1.341411865989e-01       3.909646593798e+03 
       1.385956781125e-01       3.680269505327e+03 
       1.432087355211e-01       3.442009574912e+03 
       1.479834006075e-01       3.208367221899e+03 
       1.529231299464e-01       2.992935412564e+03 
       1.580318209826e-01       2.805973562652e+03 
       1.633138262277e-01       2.651773999854e+03 
       1.687739558650e-01       2.527546210465e+03 
       1.744174689172e-01       2.424020838682e+03 
       1.802500528699e-01       2.328089206281e+03 
       1.862777913042e-01       2.227372457461e+03 
       1.925071186949e-01       2.113013090551e+03 
       1.989447611429e-01       1.984157313547e+03 
       2.055976614405e-01       1.848657715767e+03 
       2.124728865779e-01       1.718876235639e+03 
       2.195775156286e-01       1.604914390069e+03 
       2.269185059531e-01       1.510303217919e+03 
       2.345025359112e-01       1.432131909493e+03 
       2.423358228458e-01       1.362569471200e+03 
       2.504239160762e-01       1.292139245084e+03 
       2.587714660972e-01       1.215685539671e+03 
       2.673819731701e-01       1.135381907392e+03 
       2.762575210181e-01       1.057724372975e+03 
       2.853985043218e-01       9.890191835525e+02 
       2.948033619664e-01       9.310461710114e+02 
       3.044683311851e-01       8.797055726904e+02 
       3.143872404130e-01       8.298191502703e+02 
       3.245513602248e-01       7.790571325473e+02 
       3.349493315660e-01       7.287889515361e+02 
       3.455671880845e-01       6.825099681833e+02 
       3.563884844521e-01       6.416625164341e+02 
       3.673945352804e-01       6.051319610898e+02 
       3.785647602105e-01       5.706239387791e+02 
       3.898771210959e-01       5.370896491180e+02 
       4.013086283103e-01       5.053645811801e+02 
       4.128358865142e-01       4.762634501718e+02 
       4.244356468159e-01       4.499680165313e+02 
       4.360853326677e-01       4.257562508144e+02 
       4.477635108748e-01       4.031390038602e+02 
       4.594502859027e-01       3.818237736165e+02 
       4.711276040479e-01       3.619811178060e+02 
       4.827794626232e-01       3.437254172419e+02 
       4.943920269849e-01       3.269736858081e+02 
       5.059536642011e-01       3.114377756296e+02 
       5.174549060940e-01       2.968686578054e+02 
       5.288883563268e-01       2.832619289672e+02 
       5.402485564359e-01       2.705935933111e+02 
       5.515318246933e-01       2.588571503289e+02 
       5.627360798694e-01       2.478972719397e+02 
       5.738606597714e-01       2.376530330468e+02 
       5.849061421762e-01       2.280293408970e+02 
       5.958741736682e-01       2.189962436389e+02 
       6.067673100625e-01       2.105196860706e+02 
       6.175888705911e-01       2.025489639487e+02 
       6.283428068576e-01       1.950606326560e+02 
       6.390335866978e-01       1.879798807066e+02 
       6.496660924720e-01       1.812927840516e+02 
       6.602455329158e-01       1.749571525622e+02 
       6.707773674402e-01       1.689546712635e+02 
       6.812672416559e-01       1.632669182088e+02 
       6.917209328713e-01       1.578552992011e+02 
       7.021443043443e-01       1.527149722101e+02 
       7.125432671388e-01       1.478090175786e+02 
       7.229237485284e-01       1.431306268054e+02 
       7.332916659929e-01       1.386639728762e+02 
       7.436529059569e-01       1.343883649845e+02 
       7.540133065256e-01       1.303022348905e+02 
       7.643786435666e-01       1.263796641286e+02 
       7.747546195772e-01       1.226196515366e+02 
       7.851468548581e-01       1.190079647745e+02 
       7.955608805851e-01       1.155333277714e+02 
       8.060021334362e-01       1.121947988355e+02 
       8.164759514844e-01       1.089747384088e+02 
       8.269875711181e-01       1.058752722749e+02 
       8.375421247922e-01       1.028835420749e+02 
       8.481446394473e-01       9.999508741755e+01 
       8.588000354681e-01       9.720744031134e+01 
       8.695131260783e-01       9.450905916394e+01 
       8.802886170888e-01       9.190339812625e+01 
       8.911311069390e-01       8.937831100306e+01 
       9.020450869837e-01       8.693543639159e+01 
       9.130349419938e-01       8.456813610630e+01 
       9.241049508470e-01       8.227272674330e+01 
       9.352592873958e-01       8.004891795929e+01 
       9.465020215055e-01       7.788870836778e+01 
       9.578371202601e-01       7.579526127566e+01 
       9.692684493397e-01       7.376019540564e+01 
       9.807997745714e-01       7.178583453746e+01 
       9.924347636608e-01       6.986503644664e+01 
       1.004176988111e+00       6.800035901850e+01 
       1.016029925331e+00       6.618686059626e+01 
       1.027996960946e+00       6.442388900496e+01 
       1.040081391298e+00       6.270928964745e+01 
       1.052286426151e+00       6.104101723123e+01 
       1.064615191598e+00       5.941837800771e+01 
       1.077070733143e+00       5.783883576487e+01 
       1.089656018989e+00       5.630225408706e+01 
       1.102373943479e+00       5.480573017267e+01 
       1.115227330709e+00       5.334978116454e+01 
       1.128218938279e+00       5.193160884901e+01 
       1.141351461169e+00       5.055150086732e+01 
       1.154627535719e+00       4.920735455897e+01 
       1.168049743694e+00       4.789862216039e+01 
       1.181620616404e+00       4.662418878791e+01 
       1.195342638861e+00       4.538256937400e+01 
       1.209218253947e+00       4.417419848507e+01 
       1.223249866566e+00       4.299647306712e+01 
       1.237439847766e+00       4.185056700492e+01 
       1.251790538795e+00       4.073312138993e+01 
       1.266304255082e+00       3.964573530283e+01 
       1.280983290116e+00       3.858582586631e+01 
       1.295829919210e+00       3.755386066514e+01 
       1.310846403135e+00       3.654860323014e+01 
       1.326034991607e+00       3.556895837550e+01 
       1.341397926622e+00       3.461564137821e+01 
       1.356937445622e+00       3.368642548532e+01 
       1.372655784501e+00       3.278167776707e+01 
       1.388555180431e+00       3.190079957685e+01 
       1.404637874520e+00       3.104230313354e+01 
       1.420906114292e+00       3.020677333983e+01 
       1.437362155998e+00       2.939296388960e+01 
       1.454008266763e+00       2.860002827952e+01 
       1.470846726571e+00       2.782837751252e+01 
       1.487879830091e+00       2.707666918599e+01 
       1.505109888362e+00       2.634440107943e+01 
       1.522539230339e+00       2.563168024846e+01 
       1.540170204306e+00       2.493758743102e+01 
       1.558005179171e+00       2.426141365466e+01 
       1.576046545650e+00       2.360324919192e+01 
       1.594296717350e+00       2.296266127539e+01 
       1.612758131758e+00       2.233859254869e+01 
       1.631433251153e+00       2.173090383073e+01 
       1.650324563429e+00       2.113956041196e+01 
       1.669434582872e+00       2.056387486530e+01 
       1.688765850862e+00       2.000324548166e+01 
       1.708320936531e+00       1.945743017859e+01 
       1.728102437377e+00       1.892623983242e+01 
       1.748112979837e+00       1.840916635687e+01 
       1.768355219828e+00       1.790573808170e+01 
       1.788831843262e+00       1.741562727745e+01 
       1.809545566538e+00       1.693854498569e+01 
       1.830499137011e+00       1.647425470460e+01 
       1.851695333450e+00       1.602237396579e+01 
       1.873136966480e+00       1.558255363821e+01 
       1.894826879020e+00       1.515441063289e+01 
       1.916767946705e+00       1.473775101571e+01 
       1.938963078309e+00       1.433231452237e+01 
       1.961415216168e+00       1.393757890763e+01 
       1.984127336586e+00       1.355344573673e+01 
       2.007102450260e+00       1.317973831943e+01 
       2.030343602689e+00       1.281606519224e+01 
       2.053853874593e+00       1.246212726128e+01 
       2.077636382331e+00       1.211767702780e+01 
       2.101694278322e+00       1.178257967949e+01 
       2.126030751467e+00       1.145648190818e+01 
       2.150649027580e+00       1.113916598363e+01 
       2.175552369816e+00       1.083043173682e+01 
       2.200744079108e+00       1.053006202376e+01 
       2.226227494605e+00       1.023777183703e+01 
       2.252005994117e+00       9.953445247874e+00 
       2.278082994565e+00       9.676778567107e+00 
       2.304461952432e+00       9.407666301254e+00 
       2.331146364226e+00       9.145792415700e+00 
       2.358139766938e+00       8.891068544662e+00 
       2.385445738518e+00       8.643258054616e+00 
       2.413067898344e+00       8.402197755056e+00 
       2.441009907703e+00       8.167758547912e+00 
       2.469275470281e+00       7.939635723677e+00 
       2.497868332646e+00       7.717781667417e+00 
       2.526792284752e+00       7.501980607139e+00 
       2.556051160439e+00       7.292080183846e+00 
       2.585648837938e+00       7.087900186456e+00 
       2.615589240389e+00       6.889297239356e+00 
       2.645876336361e+00       6.696109750049e+00 
       2.676514140375e+00       6.508300021867e+00 
       2.707506713440e+00       6.325641283966e+00 
       2.738858163587e+00       6.147956180776e+00 
       2.770572646416e+00       5.975133113472e+00 
       2.802654365649e+00       5.807091714200e+00 
       2.835107573683e+00       5.643692538399e+00 
       2.867936572154e+00       5.484747411829e+00 
       2.901145712511e+00       5.330187736888e+00 
       2.934739396591e+00       5.179954529375e+00 
       2.968722077198e+00       5.033789183045e+00 
       3.003098258702e+00       4.891682219058e+00 
       3.037872497626e+00       4.753537499417e+00 
       3.073049403260e+00       4.619183293912e+00 
       3.108633638263e+00       4.488555245506e+00 
       3.144629919288e+00       4.361550317819e+00 
       3.181043017603e+00       4.238055503858e+00 
       3.217877759724e+00       4.118001933489e+00 
       3.255139028057e+00       4.001259114753e+00 
       3.292831761542e+00       3.887790834696e+00 
       3.330960956310e+00       3.777464100101e+00 
       3.369531666345e+00       3.670204255007e+00 
       3.408549004153e+00       3.565914799066e+00 
       3.448018141439e+00       3.464556069066e+00 
       3.487944309795e+00       3.365992960979e+00 
       3.528332801392e+00       3.270206166940e+00 
       3.569188969679e+00       3.177094147897e+00 
       3.610518230098e+00       3.086567464260e+00 
       3.652326060798e+00       2.998587045896e+00 
       3.694618003362e+00       2.913056321793e+00 
       3.737399663539e+00       2.829924232099e+00 
       3.780676711994e+00       2.749125651378e+00 
       3.824454885052e+00       2.670584706877e+00 
       3.868739985463e+00       2.594256897384e+00 
       3.913537883168e+00       2.520048292895e+00 
       3.958854516080e+00       2.447942216467e+00 
       4.004695890871e+00       2.377859699555e+00 
       4.051068083764e+00       2.309738807780e+00 
       4.097977241344e+00       2.243541771041e+00 
       4.145429581368e+00       2.179200955485e+00 
       4.193431393593e+00       2.116680916535e+00 
       4.241989040607e+00       2.055920792579e+00 
       4.291108958674e+00       1.996876528309e+00 
       4.340797658585e+00       1.939495599127e+00 
       4.391061726524e+00       1.883738424649e+00 
       4.441907824939e+00       1.829560639763e+00 
       4.493342693424e+00       1.776902826266e+00 
       4.545373149617e+00       1.725750467180e+00 
       4.598006090097e+00       1.676034043184e+00 
       4.651248491304e+00       1.627727217793e+00 
       4.705107410461e+00       1.580787461256e+00 
       4.759589986508e+00       1.535179401167e+00 
       4.814703441053e+00       1.490871093270e+00 
       4.870455079323e+00       1.447817668384e+00 
       4.926852291139e+00       1.405977331386e+00 
       4.983902551890e+00       1.365336339203e+00 
       5.041613423525e+00       1.325850699989e+00 
       5.099992555559e+00       1.287489699751e+00 
       5.159047686082e+00       1.250214576380e+00 
       5.218786642787e+00       1.214013156459e+00 
       5.279217344010e+00       1.178833901948e+00 
       5.340347799773e+00       1.144661341395e+00 
       5.402186112852e+00       1.111468438006e+00 
       5.464740479849e+00       1.079215431344e+00 
       5.528019192278e+00       1.047888680382e+00 
       5.592030637663e+00       1.017452949939e+00 
       5.656783300652e+00       9.878926110807e-01 
       5.722285764140e+00       9.591729810494e-01 
       5.788546710408e+00       9.312810099073e-01 
       5.855574922272e+00       9.041859407136e-01 
       5.923379284250e+00       8.778634830788e-01 
       5.991968783736e+00       8.523013416784e-01 
       6.061352512194e+00       8.274713670444e-01 
       6.131539666362e+00       8.033522760680e-01 
       6.202539549471e+00       7.799259163984e-01 
       6.274361572480e+00       7.571736838156e-01 
       6.347015255318e+00       7.350768256802e-01 
       6.420510228154e+00       7.136133267512e-01 
       6.494856232666e+00       6.927661713464e-01 
       6.570063123337e+00       6.725235888757e-01 
       6.646140868758e+00       6.528607516131e-01 
       6.723099552953e+00       6.337643896159e-01 
       6.800949376711e+00       6.152209245546e-01 
       6.879700658943e+00       5.972112270652e-01 
       6.959363838045e+00       5.797209406917e-01 
       7.039949473285e+00       5.627369082699e-01 
       7.121468246203e+00       5.462443501194e-01 
       7.203930962024e+00       5.302260079130e-01 
       7.287348551090e+00       5.146706323453e-01 
       7.371732070313e+00       4.995702897406e-01 
       7.457092704637e+00       4.849047561767e-01 
       7.543441768523e+00       4.706623871856e-01 
       7.630790707443e+00       4.568350279554e-01 
       7.719151099407e+00       4.434065525861e-01 
       7.808534656488e+00       4.303685780219e-01 
       7.898953226380e+00       4.177082334217e-01 
       7.990418793966e+00       4.054163778675e-01 
       8.082943482908e+00       3.934807244720e-01 
       8.176539557253e+00       3.818925510089e-01 
       8.271219423061e+00       3.706410433385e-01 
       8.366995630044e+00       3.597168505900e-01 
       8.463880873235e+00       3.491078779093e-01 
       8.561887994667e+00       3.388116020896e-01 
       8.661029985080e+00       3.288138663815e-01 
       8.761319985636e+00       3.191073081111e-01 
       8.862771289666e+00       3.096839700044e-01 
       8.965397344431e+00       3.005347619208e-01 
       9.069211752902e+00       2.916526768431e-01 
       9.174228275568e+00       2.830304417435e-01 
       9.280460832255e+00       2.746601408462e-01 
       9.387923503973e+00       2.665341716452e-01 
       9.496630534783e+00       2.586441577540e-01 
       9.606596333683e+00       2.509858636697e-01 
       9.717835476523e+00       2.435527629945e-01 
       9.830362707928e+00       2.363359554404e-01 
       9.944192943263e+00       2.293300286722e-01 
       1.005934127060e+01       2.225297724327e-01 
       1.017582295273e+01       2.159311751028e-01 
       1.029365342917e+01       2.095225977084e-01 
       1.041284831822e+01       2.033028392285e-01 
       1.053342341903e+01       1.972661397125e-01 
       1.065539471371e+01       1.914062805772e-01 
       1.077877836942e+01       1.857178945127e-01 
       1.090359074053e+01       1.801974512878e-01 
       1.102984837078e+01       1.748396920661e-01 
       1.115756799548e+01       1.696380094289e-01 
       1.128676654374e+01       1.645901794301e-01 
       1.141746114067e+01       1.596908764351e-01 
       1.154966910971e+01       1.549352392056e-01 
       1.168340797489e+01       1.503200628417e-01 
       1.181869546313e+01       1.458406552700e-01 
       1.195554950666e+01       1.414932285940e-01 
       1.209398824532e+01       1.372733199678e-01 
       1.223403002903e+01       1.331793814825e-01 
       1.237569342016e+01       1.292057247984e-01 
       1.251899719606e+01       1.253487291263e-01 
       1.266396035147e+01       1.216062840054e-01 
       1.281060210111e+01       1.179738766533e-01 
       1.295894188218e+01       1.144490403251e-01 
       1.310899935696e+01       1.110283315678e-01 
       1.326079441541e+01       1.077084021481e-01 
       1.341434717779e+01       1.044873275559e-01 
       1.356967799736e+01       1.013611603300e-01 
       1.372680746306e+01       9.832738740938e-02 
       1.388575640221e+01       9.538403330233e-02 
       1.404654588333e+01       9.252785203620e-02 
       1.420919721890e+01       8.975626017611e-02 
       1.437373196816e+01       8.706587328922e-02 
       1.454017194003e+01       8.445622861667e-02 
       1.470853919594e+01       8.192343242966e-02 
       1.487885605279e+01       7.946567278610e-02 
       1.505114508590e+01       7.708148362665e-02 
       1.522542913198e+01       7.476824135329e-02 
       1.540173129220e+01       7.252363647044e-02 
       1.558007493522e+01       7.034527281598e-02 
       1.576048370030e+01       6.823161463923e-02 
       1.594298150042e+01       6.618128372141e-02 
       1.612759252547e+01       6.419141818958e-02 
       1.631434124544e+01       6.226140663078e-02 
       1.650325241367e+01       6.038872756292e-02 
       1.669435107014e+01       5.857174582234e-02 
       1.688766254475e+01       5.680883322511e-02 
       1.708321246074e+01       5.509840392216e-02 
       1.728102673805e+01       5.343909724509e-02 
       1.748113159672e+01       5.182908259071e-02 
       1.768355356046e+01       5.026720987004e-02 
       1.788831946006e+01       4.875214467237e-02 
       1.809545643704e+01       4.728202152976e-02 
       1.830499194716e+01       4.585608981149e-02 
       1.851695376414e+01       4.447240566218e-02 
       1.873136998329e+01       4.313017525644e-02 
       1.894826902523e+01       4.182813542644e-02 
       1.916767963972e+01       4.056502004459e-02 
       1.938963090937e+01       3.933961066357e-02 
       1.961415225360e+01       3.815123325856e-02 
       1.984127343247e+01       3.699814124912e-02 
       2.007102455064e+01       3.587949611189e-02 
       2.030343606137e+01       3.479449680905e-02 
       2.053853877057e+01       3.374186191897e-02 
       2.077636384083e+01       3.272087207180e-02 
       2.101694279561e+01       3.173040521275e-02 
       2.126030752339e+01       3.076948082584e-02 
       2.150649028191e+01       2.983748424455e-02 
       2.175552370242e+01       2.893383430768e-02 
       2.200744079403e+01       2.805709420125e-02 
       2.226227494808e+01       2.720662646917e-02 
       2.252005994257e+01       2.638177662980e-02 
       2.278082994660e+01       2.558166406199e-02 
       2.304461952497e+01       2.480547617155e-02 
       2.331146364270e+01       2.405277371458e-02 
       2.358139766968e+01       2.332276668056e-02 
       2.385445738538e+01       2.261449525632e-02 
       2.413067898357e+01       2.192781068919e-02 
       2.441009907712e+01       2.126155654210e-02 
       2.469275470286e+01       2.061546393138e-02 
       2.497868332650e+01       1.998871821604e-02 
       2.526792284755e+01       1.938111674834e-02 
       2.556051160440e+01       1.879159338432e-02 
       2.585648837939e+01       1.821975910237e-02 
       2.615589240390e+01       1.766541266460e-02 
       2.645876336361e+01       1.712773010363e-02 
       2.676514140376e+01       1.660619361153e-02 
       2.707506713440e+01       1.610041077309e-02 
       2.738858163587e+01       1.560989111616e-02 
       2.770572646416e+01       1.513417377575e-02 
       2.802654365649e+01       1.467289729237e-02 
       2.835107573683e+01       1.422550969527e-02 
       2.867936572154e+01       1.379170842490e-02 
       2.901145712511e+01       1.337094510872e-02 
       2.934739396591e+01       1.296295861995e-02 
       2.968722077198e+01       1.256725647906e-02 
       3.003098258702e+01       1.218358886157e-02 
