# Matter power spectrum P(k) at redshift z=0.5
# for k=1.03751e-05 to 30.031 h/Mpc,
# number of wavenumbers equal to 1161
#    1:k (h/Mpc)              2:P (Mpc/h)^3        
       1.037513961068e-05       2.835727931771e+01 
       1.049527806524e-05       2.867474276788e+01 
       1.061680765754e-05       2.899575816009e+01 
       1.073974449620e-05       2.932036928654e+01 
       1.086410487636e-05       2.964861599732e+01 
       1.098990528185e-05       2.998053644171e+01 
       1.111716238738e-05       3.031617323824e+01 
       1.124589306074e-05       3.065556713666e+01 
       1.137611436505e-05       3.099875966874e+01 
       1.150784356100e-05       3.134579298632e+01 
       1.164109810914e-05       3.169671510477e+01 
       1.177589567223e-05       3.205156383325e+01 
       1.191225411754e-05       3.241038581136e+01 
       1.205019151923e-05       3.277322050320e+01 
       1.218972616075e-05       3.314012284458e+01 
       1.233087653726e-05       3.351113122078e+01 
       1.247366135811e-05       3.388629035478e+01 
       1.261809954926e-05       3.426565100441e+01 
       1.276421025584e-05       3.464925508394e+01 
       1.291201284466e-05       3.503715781097e+01 
       1.306152690680e-05       3.542940315909e+01 
       1.321277226018e-05       3.582603607129e+01 
       1.336576895221e-05       3.622711193392e+01 
       1.352053726244e-05       3.663268322883e+01 
       1.367709770524e-05       3.704278724671e+01 
       1.383547103253e-05       3.745748687490e+01 
       1.399567823651e-05       3.787682794544e+01 
       1.415774055249e-05       3.830085483330e+01 
       1.432167946164e-05       3.872964344696e+01 
       1.448751669389e-05       3.916322383811e+01 
       1.465527423079e-05       3.960165905904e+01 
       1.482497430841e-05       4.004499763931e+01 
       1.499663942032e-05       4.049330898697e+01 
       1.517029232054e-05       4.094663422004e+01 
       1.534595602657e-05       4.140503343639e+01 
       1.552365382246e-05       4.186856579983e+01 
       1.570340926184e-05       4.233728470564e+01 
       1.588524617111e-05       4.281125031240e+01 
       1.606918865256e-05       4.329052515312e+01 
       1.625526108756e-05       4.377516358385e+01 
       1.644348813980e-05       4.426522838770e+01 
       1.663389475859e-05       4.476078183319e+01 
       1.682650618211e-05       4.526187808183e+01 
       1.702134794080e-05       4.576859103149e+01 
       1.721844586072e-05       4.628096806839e+01 
       1.741782606699e-05       4.679908823901e+01 
       1.761951498724e-05       4.732300466106e+01 
       1.782353935512e-05       4.785278599399e+01 
       1.802992621383e-05       4.838849628086e+01 
       1.823870291973e-05       4.893020657329e+01 
       1.844989714595e-05       4.947798080575e+01 
       1.866353688605e-05       5.003188685933e+01 
       1.887965045775e-05       5.059199330660e+01 
       1.909826650667e-05       5.115836997998e+01 
       1.931941401013e-05       5.173108712954e+01 
       1.954312228099e-05       5.231021529999e+01 
       1.976942097154e-05       5.289582578955e+01 
       1.999834007742e-05       5.348799414916e+01 
       2.022990994162e-05       5.408678825289e+01 
       2.046416125847e-05       5.469228878424e+01 
       2.070112507773e-05       5.530456435606e+01 
       2.094083280870e-05       5.592369683483e+01 
       2.118331622437e-05       5.654975977957e+01 
       2.142860746566e-05       5.718282999536e+01 
       2.167673904567e-05       5.782298748845e+01 
       2.192774385395e-05       5.847031050859e+01 
       2.218165516093e-05       5.912487979491e+01 
       2.243850662227e-05       5.978677787857e+01 
       2.269833228337e-05       6.045608445383e+01 
       2.296116658382e-05       6.113288386730e+01 
       2.322704436203e-05       6.181725916256e+01 
       2.349600085981e-05       6.250929684377e+01 
       2.376807172706e-05       6.320908005369e+01 
       2.404329302647e-05       6.391669568312e+01 
       2.432170123833e-05       6.463223428597e+01 
       2.460333326534e-05       6.535577916717e+01 
       2.488822643752e-05       6.608742965522e+01 
       2.517641851717e-05       6.682726566773e+01 
       2.546794770382e-05       6.757538409906e+01 
       2.576285263935e-05       6.833187787892e+01 
       2.606117241309e-05       6.909683845489e+01 
       2.636294656700e-05       6.987036349200e+01 
       2.666821510093e-05       7.065254934435e+01 
       2.697701847789e-05       7.144348703547e+01 
       2.728939762942e-05       7.224328010226e+01 
       2.760539396105e-05       7.305202495185e+01 
       2.792504935775e-05       7.386982412170e+01 
       2.824840618949e-05       7.469677610981e+01 
       2.857550731688e-05       7.553298546811e+01 
       2.890639609681e-05       7.637855597691e+01 
       2.924111638823e-05       7.723359060670e+01 
       2.957971255795e-05       7.809819591975e+01 
       2.992222948654e-05       7.897247846460e+01 
       3.026871257423e-05       7.985655073146e+01 
       3.061920774699e-05       8.075051497773e+01 
       3.097376146257e-05       8.165448723580e+01 
       3.133242071669e-05       8.256857831881e+01 
       3.169523304923e-05       8.349290106580e+01 
       3.206224655058e-05       8.442756967841e+01 
       3.243350986798e-05       8.537270091683e+01 
       3.280907221198e-05       8.632841142251e+01 
       3.318898336297e-05       8.729481907444e+01 
       3.357329367776e-05       8.827204395291e+01 
       3.396205409625e-05       8.926020745567e+01 
       3.435531614823e-05       9.025943107360e+01 
       3.475313196015e-05       9.126983908584e+01 
       3.515555426208e-05       9.229155640256e+01 
       3.556263639463e-05       9.332471058401e+01 
       3.597443231613e-05       9.436942775522e+01 
       3.639099660966e-05       9.542583841881e+01 
       3.681238449037e-05       9.649407319897e+01 
       3.723865181278e-05       9.757426512104e+01 
       3.766985507814e-05       9.866654676170e+01 
       3.810605144200e-05       9.977105322435e+01 
       3.854729872169e-05       1.008879225529e+02 
       3.899365540409e-05       1.020172914654e+02 
       3.944518065326e-05       1.031593036977e+02 
       3.990193431841e-05       1.043140947622e+02 
       4.036397694173e-05       1.054818117672e+02 
       4.083136976648e-05       1.066625987048e+02 
       4.130417474506e-05       1.078565981871e+02 
       4.178245454726e-05       1.090639645543e+02 
       4.226627256856e-05       1.102848421611e+02 
       4.275569293850e-05       1.115193840476e+02 
       4.325078052923e-05       1.127677426608e+02 
       4.375160096408e-05       1.140300727595e+02 
       4.425822062624e-05       1.153065303575e+02 
       4.477070666760e-05       1.165972734434e+02 
       4.528912701764e-05       1.179024619468e+02 
       4.581355039241e-05       1.192222576199e+02 
       4.634404630367e-05       1.205568232112e+02 
       4.688068506806e-05       1.219063245993e+02 
       4.742353781648e-05       1.232709280415e+02 
       4.797267650347e-05       1.246508030649e+02 
       4.852817391676e-05       1.260461214016e+02 
       4.909010368695e-05       1.274570528748e+02 
       4.965854029720e-05       1.288837743538e+02 
       5.023355909319e-05       1.303264617694e+02 
       5.081523629302e-05       1.317852945733e+02 
       5.140364899738e-05       1.332604516212e+02 
       5.199887519974e-05       1.347521162111e+02 
       5.260099379668e-05       1.362604729416e+02 
       5.321008459837e-05       1.377857074963e+02 
       5.382622833915e-05       1.393280106544e+02 
       5.444950668818e-05       1.408875711465e+02 
       5.508000226035e-05       1.424645830799e+02 
       5.571779862716e-05       1.440592408684e+02 
       5.636298032783e-05       1.456717431409e+02 
       5.701563288048e-05       1.473022876379e+02 
       5.767584279352e-05       1.489510775955e+02 
       5.834369757705e-05       1.506183154538e+02 
       5.901928575450e-05       1.523042059014e+02 
       5.970269687434e-05       1.540089624013e+02 
       6.039402152199e-05       1.557327923079e+02 
       6.109335133178e-05       1.574759084600e+02 
       6.180077899911e-05       1.592385278313e+02 
       6.251639829276e-05       1.610208678654e+02 
       6.324030406728e-05       1.628231481749e+02 
       6.397259227561e-05       1.646455925748e+02 
       6.471335998175e-05       1.664884259717e+02 
       6.546270537367e-05       1.683518757883e+02 
       6.622072777627e-05       1.702361731869e+02 
       6.698752766461e-05       1.721415494738e+02 
       6.776320667719e-05       1.740682424898e+02 
       6.854786762941e-05       1.760164886225e+02 
       6.934161452724e-05       1.779865283757e+02 
       7.014455258096e-05       1.799786067086e+02 
       7.095678821916e-05       1.819929681781e+02 
       7.177842910277e-05       1.840298630190e+02 
       7.260958413941e-05       1.860895416672e+02 
       7.345036349778e-05       1.881722586014e+02 
       7.430087862228e-05       1.902782716988e+02 
       7.516124224776e-05       1.924078406761e+02 
       7.603156841448e-05       1.945612279133e+02 
       7.691197248325e-05       1.967387006409e+02 
       7.780257115065e-05       1.989405273427e+02 
       7.870348246460e-05       2.011669796727e+02 
       7.961482583989e-05       2.034183321687e+02 
       8.053672207411e-05       2.056948628946e+02 
       8.146929336361e-05       2.079968526200e+02 
       8.241266331970e-05       2.103245854733e+02 
       8.336695698505e-05       2.126783495306e+02 
       8.433230085024e-05       2.150584340025e+02 
       8.530882287057e-05       2.174651332779e+02 
       8.629665248297e-05       2.198987440722e+02 
       8.729592062318e-05       2.223595666529e+02 
       8.830675974311e-05       2.248479035323e+02 
       8.932930382839e-05       2.273640636100e+02 
       9.036368841614e-05       2.299083547275e+02 
       9.141005061291e-05       2.324810929304e+02 
       9.246852911288e-05       2.350825937016e+02 
       9.353926421622e-05       2.377131780511e+02 
       9.462239784772e-05       2.403731704179e+02 
       9.571807357556e-05       2.430628986490e+02 
       9.682643663037e-05       2.457826937647e+02 
       9.794763392448e-05       2.485328910758e+02 
       9.908181407138e-05       2.513138293353e+02 
       1.002291274054e-04       2.541258509597e+02 
       1.013897260017e-04       2.569693023463e+02 
       1.025637636964e-04       2.598445333872e+02 
       1.037513961068e-04       2.627518979493e+02 
       1.049527806524e-04       2.656917541276e+02 
       1.061680765754e-04       2.686644637785e+02 
       1.073974449620e-04       2.716703922976e+02 
       1.086410487636e-04       2.747099095835e+02 
       1.098990528185e-04       2.777833898231e+02 
       1.111716238738e-04       2.808912106774e+02 
       1.124589306074e-04       2.840337541206e+02 
       1.137611436505e-04       2.872114067603e+02 
       1.150784356100e-04       2.904245590787e+02 
       1.164109810914e-04       2.936736058899e+02 
       1.177589567223e-04       2.969589461926e+02 
       1.191225411754e-04       3.002809840134e+02 
       1.205019151923e-04       3.036401270355e+02 
       1.218972616075e-04       3.070367875342e+02 
       1.233087653726e-04       3.104713830586e+02 
       1.247366135811e-04       3.139443343343e+02 
       1.261809954926e-04       3.174560681118e+02 
       1.276421025584e-04       3.210070149674e+02 
       1.291201284466e-04       3.245976104436e+02 
       1.306152690680e-04       3.282282947119e+02 
       1.321277226018e-04       3.318995130962e+02 
       1.336576895221e-04       3.356117152527e+02 
       1.352053726244e-04       3.393653559371e+02 
       1.367709770524e-04       3.431608953110e+02 
       1.383547103253e-04       3.469987980362e+02 
       1.399567823652e-04       3.508795336824e+02 
       1.415774055249e-04       3.548035773748e+02 
       1.432167946164e-04       3.587714091855e+02 
       1.448751669389e-04       3.627835146932e+02 
       1.465527423079e-04       3.668403844058e+02 
       1.482497430841e-04       3.709425138524e+02 
       1.499663942032e-04       3.750662254697e+02 
       1.517029232054e-04       3.792598321604e+02 
       1.534595602657e-04       3.835002062949e+02 
       1.552365382246e-04       3.877878658449e+02 
       1.570340926184e-04       3.921233333993e+02 
       1.588524617111e-04       3.965071377116e+02 
       1.606918865256e-04       4.009398130988e+02 
       1.625526108756e-04       4.054218999131e+02 
       1.644348813980e-04       4.099539442696e+02 
       1.663389475859e-04       4.145364977340e+02 
       1.682650618211e-04       4.191701179306e+02 
       1.702134794080e-04       4.238553687148e+02 
       1.721844586072e-04       4.285928200120e+02 
       1.741782606699e-04       4.333830476242e+02 
       1.761951498724e-04       4.382266334945e+02 
       1.782353935512e-04       4.431241659922e+02 
       1.802992621383e-04       4.480762389584e+02 
       1.823870291973e-04       4.530834548458e+02 
       1.844989714595e-04       4.581464196204e+02 
       1.866353688605e-04       4.632657476353e+02 
       1.887965045775e-04       4.684420585490e+02 
       1.909826650667e-04       4.736759801143e+02 
       1.931941401013e-04       4.789681447323e+02 
       1.954312228099e-04       4.843191938321e+02 
       1.976942097154e-04       4.897297736001e+02 
       1.999834007742e-04       4.952005389434e+02 
       2.022990994162e-04       5.007321491628e+02 
       2.046416125847e-04       5.063252720410e+02 
       2.070112507773e-04       5.119805840317e+02 
       2.094083280870e-04       5.176987643273e+02 
       2.118331622437e-04       5.234805044799e+02 
       2.142860746566e-04       5.293264990762e+02 
       2.167673904567e-04       5.352374519644e+02 
       2.192774385395e-04       5.412140737788e+02 
       2.218165516093e-04       5.472570834957e+02 
       2.243850662227e-04       5.533672064557e+02 
       2.269833228337e-04       5.595451755719e+02 
       2.296116658382e-04       5.657917321276e+02 
       2.322704436203e-04       5.721076246193e+02 
       2.349600085981e-04       5.784936095092e+02 
       2.376807172706e-04       5.849504504817e+02 
       2.404329302647e-04       5.914789201149e+02 
       2.432170123833e-04       5.980797981828e+02 
       2.460333326534e-04       6.047538723502e+02 
       2.488822643752e-04       6.115019389977e+02 
       2.517641851717e-04       6.183248023364e+02 
       2.546794770382e-04       6.252232747441e+02 
       2.576285263935e-04       6.321981767474e+02 
       2.606117241309e-04       6.392503378025e+02 
       2.636294656700e-04       6.463805951331e+02 
       2.666821510093e-04       6.535897946328e+02 
       2.697701847789e-04       6.608787911054e+02 
       2.728939762942e-04       6.682484474160e+02 
       2.760539396105e-04       6.756996356082e+02 
       2.792504935775e-04       6.832332359812e+02 
       2.824840618949e-04       6.908501382632e+02 
       2.857550731688e-04       6.985512406056e+02 
       2.890639609681e-04       7.063374503781e+02 
       2.924111638823e-04       7.142096838432e+02 
       2.957971255796e-04       7.221688664234e+02 
       2.992222948654e-04       7.302159324306e+02 
       3.026871257423e-04       7.383518257526e+02 
       3.061920774699e-04       7.465774994777e+02 
       3.097376146257e-04       7.548939161829e+02 
       3.133242071669e-04       7.633020474080e+02 
       3.169523304923e-04       7.718028744443e+02 
       3.206224655058e-04       7.803973884171e+02 
       3.243350986798e-04       7.890865896378e+02 
       3.280907221198e-04       7.978714887480e+02 
       3.318898336297e-04       8.067531050255e+02 
       3.357329367776e-04       8.157324681923e+02 
       3.396205409625e-04       8.248106183343e+02 
       3.435531614823e-04       8.339886046775e+02 
       3.475313196016e-04       8.432674868447e+02 
       3.515555426208e-04       8.526483344589e+02 
       3.556263639464e-04       8.621322271916e+02 
       3.597443231613e-04       8.717202546930e+02 
       3.639099660966e-04       8.814135176724e+02 
       3.681238449037e-04       8.912131258233e+02 
       3.723865181278e-04       9.011202003988e+02 
       3.766985507814e-04       9.111358725897e+02 
       3.810605144200e-04       9.212612837269e+02 
       3.854729872170e-04       9.314975867301e+02 
       3.899365540409e-04       9.418459433371e+02 
       3.944518065326e-04       9.523075277445e+02 
       3.990193431841e-04       9.628835230559e+02 
       4.036397694173e-04       9.735751259803e+02 
       4.083136976648e-04       9.843835406269e+02 
       4.130417474506e-04       9.953099842102e+02 
       4.178245454726e-04       1.006355683566e+03 
       4.226627256856e-04       1.017521877651e+03 
       4.275569293850e-04       1.028809815716e+03 
       4.325078052923e-04       1.040220757335e+03 
       4.375160096408e-04       1.051755975005e+03 
       4.425822062624e-04       1.063416750994e+03 
       4.477070666760e-04       1.075204378990e+03 
       4.528912701764e-04       1.087120163127e+03 
       4.581355039242e-04       1.099165421871e+03 
       4.634404630367e-04       1.111341482144e+03 
       4.688068506806e-04       1.123649682083e+03 
       4.742353781648e-04       1.136091372008e+03 
       4.797267650347e-04       1.148667913312e+03 
       4.852817391676e-04       1.161380680954e+03 
       4.909010368695e-04       1.174231058337e+03 
       4.965854029721e-04       1.187220442423e+03 
       5.023355909319e-04       1.200350239780e+03 
       5.081523629302e-04       1.213621870437e+03 
       5.140364899738e-04       1.227036765872e+03 
       5.199887519974e-04       1.240596368244e+03 
       5.260099379668e-04       1.254302131749e+03 
       5.321008459838e-04       1.268155522536e+03 
       5.382622833915e-04       1.282158018221e+03 
       5.444950668818e-04       1.296311108062e+03 
       5.508000226035e-04       1.310616292985e+03 
       5.571779862716e-04       1.325075086671e+03 
       5.636298032783e-04       1.339689012995e+03 
       5.701563288049e-04       1.354459609394e+03 
       5.767584279352e-04       1.369388423871e+03 
       5.834369757705e-04       1.384477014934e+03 
       5.901928575450e-04       1.399726956383e+03 
       5.970269687435e-04       1.415139831152e+03 
       6.039402152199e-04       1.430717235176e+03 
       6.109335133178e-04       1.446460775198e+03 
       6.180077899911e-04       1.462372070849e+03 
       6.251639829276e-04       1.478452752940e+03 
       6.324030406728e-04       1.494704464054e+03 
       6.397259227561e-04       1.511128859205e+03 
       6.471335998175e-04       1.527727604761e+03 
       6.546270537367e-04       1.544502378310e+03 
       6.622072777627e-04       1.561454868741e+03 
       6.698752766461e-04       1.578586779457e+03 
       6.776320667719e-04       1.595899822528e+03 
       6.854786762941e-04       1.613395723835e+03 
       6.934161452724e-04       1.631076216743e+03 
       7.014455258096e-04       1.648943054183e+03 
       7.095678821916e-04       1.666997991010e+03 
       7.177842910277e-04       1.685242800634e+03 
       7.260958413941e-04       1.703679264759e+03 
       7.345036349779e-04       1.722309176119e+03 
       7.430087862228e-04       1.741134341042e+03 
       7.516124224776e-04       1.760156570942e+03 
       7.603156841448e-04       1.779377703626e+03 
       7.691197248325e-04       1.798799569408e+03 
       7.780257115066e-04       1.818424019065e+03 
       7.870348246460e-04       1.838252908871e+03 
       7.961482583989e-04       1.858288118896e+03 
       8.053672207411e-04       1.878531525126e+03 
       8.146929336361e-04       1.898985018999e+03 
       8.241266331970e-04       1.919650502692e+03 
       8.336695698505e-04       1.940529891353e+03 
       8.433230085025e-04       1.961625107748e+03 
       8.530882287057e-04       1.982938081889e+03 
       8.629665248297e-04       2.004470755128e+03 
       8.729592062318e-04       2.026225085789e+03 
       8.830675974311e-04       2.048203028537e+03 
       8.932930382839e-04       2.070406557595e+03 
       9.036368841614e-04       2.092837655411e+03 
       9.141005061291e-04       2.115498302908e+03 
       9.246852911288e-04       2.138390505042e+03 
       9.353926421622e-04       2.161516263043e+03 
       9.462239784772e-04       2.184877588890e+03 
       9.571807357556e-04       2.208476508631e+03 
       9.682643663037e-04       2.232315047839e+03 
       9.794763392448e-04       2.256395244395e+03 
       9.908181407138e-04       2.280719134382e+03 
       1.002291274054e-03       2.305288776597e+03 
       1.013897260017e-03       2.330106221183e+03 
       1.025637636964e-03       2.355173537497e+03 
       1.037513961068e-03       2.380492780308e+03 
       1.049527806524e-03       2.406066032185e+03 
       1.061680765754e-03       2.431895362939e+03 
       1.073974449620e-03       2.457982857875e+03 
       1.086410487636e-03       2.484330605028e+03 
       1.098990528185e-03       2.510940687078e+03 
       1.111716238738e-03       2.537815200647e+03 
       1.124589306074e-03       2.564956240056e+03 
       1.137611436505e-03       2.592365898934e+03 
       1.150784356100e-03       2.620046281242e+03 
       1.164109810914e-03       2.647999477911e+03 
       1.177589567223e-03       2.676227592936e+03 
       1.191225411754e-03       2.704732727536e+03 
       1.205019151923e-03       2.733516983949e+03 
       1.218972616075e-03       2.762582454661e+03 
       1.233087653726e-03       2.791931251181e+03 
       1.247366135811e-03       2.821565448905e+03 
       1.261809954926e-03       2.851487154622e+03 
       1.276421025584e-03       2.881698453354e+03 
       1.291201284466e-03       2.912201433737e+03 
       1.306152690680e-03       2.942998168084e+03 
       1.321277226018e-03       2.974090748420e+03 
       1.336576895221e-03       3.005481236863e+03 
       1.352053726244e-03       3.037171675728e+03 
       1.367709770524e-03       3.069164151623e+03 
       1.383547103253e-03       3.101460710941e+03 
       1.399567823652e-03       3.134063387366e+03 
       1.415774055249e-03       3.166974218828e+03 
       1.432167946164e-03       3.200195220069e+03 
       1.448751669389e-03       3.233728407859e+03 
       1.465527423079e-03       3.267575797553e+03 
       1.482497430841e-03       3.301739349444e+03 
       1.499663942032e-03       3.336221070087e+03 
       1.517029232054e-03       3.371022905813e+03 
       1.534595602657e-03       3.406145880322e+03 
       1.552365382246e-03       3.441590592639e+03 
       1.570340926184e-03       3.477361160175e+03 
       1.588524617111e-03       3.513459505414e+03 
       1.606918865256e-03       3.549887489585e+03 
       1.625526108756e-03       3.586647010453e+03 
       1.644348813980e-03       3.623739876744e+03 
       1.663389475859e-03       3.661167959003e+03 
       1.682650618211e-03       3.698933024595e+03 
       1.702134794080e-03       3.737036854179e+03 
       1.721844586072e-03       3.775481232328e+03 
       1.741782606699e-03       3.814267888560e+03 
       1.761951498724e-03       3.853398527603e+03 
       1.782353935512e-03       3.892874804294e+03 
       1.802992621383e-03       3.932698435165e+03 
       1.823870291973e-03       3.972871005582e+03 
       1.844989714595e-03       4.013394112522e+03 
       1.866353688605e-03       4.054269326921e+03 
       1.887965045775e-03       4.095498207233e+03 
       1.909826650667e-03       4.137082210608e+03 
       1.931941401013e-03       4.179022832459e+03 
       1.954312228099e-03       4.221321492982e+03 
       1.976942097154e-03       4.263979585048e+03 
       1.999834007742e-03       4.306998446901e+03 
       2.022990994162e-03       4.350379399382e+03 
       2.046416125847e-03       4.394123695360e+03 
       2.070112507773e-03       4.438232565575e+03 
       2.094083280870e-03       4.482707195995e+03 
       2.118331622437e-03       4.527548738982e+03 
       2.142860746566e-03       4.572758285190e+03 
       2.167673904567e-03       4.618336764270e+03 
       2.192774385395e-03       4.664285290471e+03 
       2.218165516093e-03       4.710604757826e+03 
       2.243850662227e-03       4.757295991640e+03 
       2.269833228337e-03       4.804359944703e+03 
       2.296116658382e-03       4.851797320911e+03 
       2.322704436203e-03       4.899608840777e+03 
       2.349600085981e-03       4.947795147433e+03 
       2.376807172706e-03       4.996356838441e+03 
       2.404329302647e-03       5.045294476560e+03 
       2.432170123833e-03       5.094608446024e+03 
       2.460333326534e-03       5.144299191217e+03 
       2.488822643753e-03       5.194367122535e+03 
       2.517641851717e-03       5.244812566223e+03 
       2.546794770382e-03       5.295635400549e+03 
       2.576285263935e-03       5.346836053013e+03 
       2.606117241309e-03       5.398414434332e+03 
       2.636294656700e-03       5.450370592715e+03 
       2.666821510093e-03       5.502704405365e+03 
       2.697701847789e-03       5.555415686434e+03 
       2.728939762942e-03       5.608504155010e+03 
       2.760539396105e-03       5.661969402224e+03 
       2.792504935775e-03       5.715810949839e+03 
       2.824840618949e-03       5.770028539061e+03 
       2.857550731688e-03       5.824621301001e+03 
       2.890639609681e-03       5.879588552896e+03 
       2.924111638823e-03       5.934929522343e+03 
       2.957971255796e-03       5.990643297926e+03 
       2.992222948654e-03       6.046728802760e+03 
       3.026871257423e-03       6.103184775523e+03 
       3.061920774699e-03       6.160010481801e+03 
       3.097376146257e-03       6.217204302953e+03 
       3.133242071669e-03       6.274764825602e+03 
       3.169523304923e-03       6.332690446985e+03 
       3.206224655058e-03       6.390979593465e+03 
       3.243350986798e-03       6.449630317697e+03 
       3.280907221199e-03       6.508640943950e+03 
       3.318898336297e-03       6.568009447772e+03 
       3.357329367776e-03       6.627734201718e+03 
       3.396205409625e-03       6.687811395574e+03 
       3.435531614823e-03       6.748240068861e+03 
       3.475313196016e-03       6.809017295164e+03 
       3.515555426208e-03       6.870140051669e+03 
       3.556263639464e-03       6.931606577828e+03 
       3.597443231613e-03       6.993412888654e+03 
       3.639099660966e-03       7.055556638929e+03 
       3.681238449037e-03       7.118034280983e+03 
       3.723865181278e-03       7.180842234881e+03 
       3.766985507814e-03       7.243977569939e+03 
       3.810605144200e-03       7.307436047620e+03 
       3.854729872170e-03       7.371214486028e+03 
       3.899365540409e-03       7.435309203847e+03 
       3.944518065326e-03       7.499714604781e+03 
       3.990193431841e-03       7.564427891239e+03 
       4.036397694173e-03       7.629443800662e+03 
       4.083136976648e-03       7.694758396249e+03 
       4.130417474506e-03       7.760366875242e+03 
       4.178245454726e-03       7.826263979267e+03 
       4.226627256856e-03       7.892444828981e+03 
       4.275569293850e-03       7.958903720373e+03 
       4.325078052923e-03       8.025636356766e+03 
       4.375160096408e-03       8.092635915530e+03 
       4.425822062624e-03       8.159897528682e+03 
       4.477070666760e-03       8.227414515244e+03 
       4.528912701764e-03       8.295181289012e+03 
       4.581355039242e-03       8.363191358139e+03 
       4.634404630367e-03       8.431437407996e+03 
       4.688068506806e-03       8.499913598000e+03 
       4.742353781648e-03       8.568613347288e+03 
       4.797267650347e-03       8.637528916182e+03 
       4.852817391676e-03       8.706652458452e+03 
       4.909010368695e-03       8.775977162072e+03 
       4.965854029721e-03       8.845495140361e+03 
       5.023355909319e-03       8.915198665029e+03 
       5.081523629302e-03       8.985080140444e+03 
       5.140364899738e-03       9.055128776047e+03 
       5.199887519974e-03       9.125338648749e+03 
       5.260099379668e-03       9.195698490075e+03 
       5.321008459838e-03       9.266200662139e+03 
       5.382622833915e-03       9.336836295064e+03 
       5.444950668818e-03       9.407607630294e+03 
       5.508000226035e-03       9.478476196005e+03 
       5.571779862716e-03       9.549444818342e+03 
       5.636298032783e-03       9.620507255546e+03 
       5.701563288049e-03       9.691652699786e+03 
       5.767584279352e-03       9.762878926093e+03 
       5.834369757705e-03       9.834164838769e+03 
       5.901928575450e-03       9.905501749360e+03 
       5.970269687435e-03       9.976874884918e+03 
       6.039402152200e-03       1.004827757387e+04 
       6.109335133178e-03       1.011969201762e+04 
       6.180077899911e-03       1.019110298211e+04 
       6.251639829276e-03       1.026251196321e+04 
       6.324030406728e-03       1.033388934866e+04 
       6.397259227561e-03       1.040524022872e+04 
       6.471335998175e-03       1.047654138219e+04 
       6.546270537367e-03       1.054778240602e+04 
       6.622072777627e-03       1.061894536699e+04 
       6.698752766461e-03       1.069002264159e+04 
       6.776320667719e-03       1.076099296752e+04 
       6.854786762941e-03       1.083184150745e+04 
       6.934161452724e-03       1.090255537686e+04 
       7.014455258097e-03       1.097312084182e+04 
       7.095678821916e-03       1.104352737913e+04 
       7.177842910277e-03       1.111376996420e+04 
       7.260958413941e-03       1.118381359490e+04 
       7.345036349779e-03       1.125362656435e+04 
       7.430087862228e-03       1.132321147679e+04 
       7.516124224776e-03       1.139254988032e+04 
       7.603156841448e-03       1.146162599177e+04 
       7.691197248325e-03       1.153042163791e+04 
       7.780257115066e-03       1.159891504956e+04 
       7.870348246460e-03       1.166709261911e+04 
       7.961482583989e-03       1.173493415505e+04 
       8.053672207411e-03       1.180242401218e+04 
       8.146929336361e-03       1.186953778466e+04 
       8.241266331970e-03       1.193626137211e+04 
       8.336695698505e-03       1.200256708777e+04 
       8.433230085025e-03       1.206845006383e+04 
       8.530882287057e-03       1.213387852931e+04 
       8.629665248297e-03       1.219883631815e+04 
       8.729592062318e-03       1.226330009027e+04 
       8.830675974311e-03       1.232724890960e+04 
       8.932930382840e-03       1.239065993422e+04 
       9.036368841614e-03       1.245351656187e+04 
       9.141005061292e-03       1.251580014744e+04 
       9.246852911288e-03       1.257747268317e+04 
       9.353926421623e-03       1.263852872757e+04 
       9.462239784772e-03       1.269893572822e+04 
       9.571807357556e-03       1.275867326326e+04 
       9.682643663037e-03       1.281771856181e+04 
       9.794763392449e-03       1.287605124272e+04 
       9.908181407138e-03       1.293363904994e+04 
       1.002291274054e-02       1.299046192656e+04 
       1.013897260017e-02       1.304649596532e+04 
       1.025637636964e-02       1.310171480735e+04 
       1.037513961068e-02       1.315609698820e+04 
       1.049527806524e-02       1.320961444882e+04 
       1.061680765754e-02       1.326224513811e+04 
       1.073974449620e-02       1.331396475734e+04 
       1.086410487636e-02       1.336473485845e+04 
       1.098990528185e-02       1.341454622201e+04 
       1.111716238738e-02       1.346335768040e+04 
       1.124589306074e-02       1.351115393443e+04 
       1.137611436505e-02       1.355790092646e+04 
       1.150784356100e-02       1.360357241041e+04 
       1.164109810914e-02       1.364814813996e+04 
       1.177589567223e-02       1.369159289161e+04 
       1.191225411754e-02       1.373388637215e+04 
       1.205019151923e-02       1.377499361131e+04 
       1.218972616075e-02       1.381488649743e+04 
       1.233087653726e-02       1.385355005280e+04 
       1.247366135811e-02       1.389094086881e+04 
       1.261809954926e-02       1.392704131123e+04 
       1.276421025584e-02       1.396182264075e+04 
       1.291201284466e-02       1.399525006755e+04 
       1.306152690680e-02       1.402730425428e+04 
       1.321277226018e-02       1.405794731188e+04 
       1.336576895221e-02       1.408715954298e+04 
       1.352053726245e-02       1.411491160797e+04 
       1.367709770525e-02       1.414117141672e+04 
       1.383547103253e-02       1.416590369226e+04 
       1.399567823652e-02       1.418909886196e+04 
       1.415774055250e-02       1.421072379531e+04 
       1.432167946166e-02       1.423073573921e+04 
       1.448751669392e-02       1.424912839101e+04 
       1.465527423083e-02       1.426587311759e+04 
       1.482497430847e-02       1.428091537957e+04 
       1.499663942041e-02       1.429426229597e+04 
       1.517029232068e-02       1.430588850719e+04 
       1.534595602678e-02       1.431574009005e+04 
       1.552365382277e-02       1.432380147290e+04 
       1.570340926232e-02       1.433005847135e+04 
       1.588524617183e-02       1.433448808173e+04 
       1.606918865363e-02       1.433704929976e+04 
       1.625526108916e-02       1.433772336314e+04 
       1.644348814217e-02       1.433649597689e+04 
       1.663389476209e-02       1.433335256858e+04 
       1.682650618724e-02       1.432825167550e+04 
       1.702134794828e-02       1.432119042948e+04 
       1.721844587159e-02       1.431212835876e+04 
       1.741782608270e-02       1.430107032054e+04 
       1.761951500982e-02       1.428797927198e+04 
       1.782353938743e-02       1.427283596120e+04 
       1.802992625986e-02       1.425564719474e+04 
       1.823870298498e-02       1.423636433249e+04 
       1.844989723801e-02       1.421501641788e+04 
       1.866353701534e-02       1.419156368275e+04 
       1.887965063850e-02       1.416599991664e+04 
       1.909826675822e-02       1.413831878305e+04 
       1.931941435863e-02       1.410846565317e+04 
       1.954312276167e-02       1.407650744974e+04 
       1.976942163163e-02       1.404239896190e+04 
       1.999834097995e-02       1.400613696451e+04 
       2.022991117031e-02       1.396771940751e+04 
       2.046416292407e-02       1.392715295582e+04 
       2.070112732608e-02       1.388445283281e+04 
       2.094083583104e-02       1.383955414539e+04 
       2.118332027040e-02       1.379254749150e+04 
       2.142861286000e-02       1.374339158433e+04 
       2.167674620859e-02       1.369209480508e+04 
       2.192775332733e-02       1.363866251625e+04 
       2.218166764050e-02       1.358313939992e+04 
       2.243852299776e-02       1.352551112608e+04 
       2.269835368794e-02       1.346579668227e+04 
       2.296119445501e-02       1.340404248183e+04 
       2.322708051628e-02       1.334022582430e+04 
       2.349604758345e-02       1.327438896568e+04 
       2.376813188673e-02       1.320656500819e+04 
       2.404337020278e-02       1.313677129755e+04 
       2.432179988681e-02       1.306505620005e+04 
       2.460345890959e-02       1.299140903995e+04 
       2.488838590004e-02       1.291588555486e+04 
       2.517662019409e-02       1.283857938222e+04 
       2.546820189075e-02       1.275947979623e+04 
       2.576317191616e-02       1.267857855786e+04 
       2.606157209669e-02       1.259602466762e+04 
       2.636344524213e-02       1.251181501304e+04 
       2.666883523997e-02       1.242593169494e+04 
       2.697778716206e-02       1.233859199528e+04 
       2.729034738490e-02       1.224970409280e+04 
       2.760656372473e-02       1.215934657853e+04 
       2.792648558894e-02       1.206762229359e+04 
       2.825016414507e-02       1.197458811822e+04 
       2.857765250893e-02       1.188029838710e+04 
       2.890900595325e-02       1.178481270125e+04 
       2.924428213846e-02       1.168818831958e+04 
       2.958354136704e-02       1.159050330570e+04 
       2.992684686301e-02       1.149182850398e+04 
       3.027426507818e-02       1.139222724773e+04 
       3.062586602665e-02       1.129176740467e+04 
       3.098172364922e-02       1.119057729904e+04 
       3.134191620922e-02       1.108861431513e+04 
       3.170652672150e-02       1.098611302133e+04 
       3.207564341604e-02       1.088299512926e+04 
       3.244936023812e-02       1.077943059707e+04 
       3.282777738651e-02       1.067547686173e+04 
       3.321100189172e-02       1.057120305378e+04 
       3.359914823617e-02       1.046667052210e+04 
       3.399233901834e-02       1.036200603351e+04 
       3.439070566307e-02       1.025723635800e+04 
       3.479438918069e-02       1.015242942135e+04 
       3.520354097743e-02       1.004773415153e+04 
       3.561832372033e-02       9.943145119970e+03 
       3.603891226000e-02       9.838773578266e+03 
       3.646549461497e-02       9.734693680192e+03 
       3.689827302212e-02       9.630953487007e+03 
       3.733746505785e-02       9.527619431529e+03 
       3.778330483565e-02       9.424801911736e+03 
       3.823604428619e-02       9.322477981712e+03 
       3.869595452690e-02       9.220831288487e+03 
       3.916332732886e-02       9.119845190386e+03 
       3.963847668985e-02       9.019606187956e+03 
       4.012174052318e-02       8.920092930556e+03 
       4.061348247338e-02       8.821518432247e+03 
       4.111409387063e-02       8.723772128746e+03 
       4.162399583749e-02       8.626992162134e+03 
       4.214364156249e-02       8.531227280970e+03 
       4.267351875683e-02       8.436469071959e+03 
       4.321415231178e-02       8.342779489129e+03 
       4.376610717613e-02       8.250210147742e+03 
       4.432999147433e-02       8.158759854859e+03 
       4.490645988801e-02       8.068476168917e+03 
       4.549621732474e-02       7.979350208534e+03 
       4.610002289974e-02       7.891456950944e+03 
       4.671869425736e-02       7.804723977546e+03 
       4.735311226058e-02       7.719191144094e+03 
       4.800422607721e-02       7.634846352175e+03 
       4.867305869208e-02       7.551618210251e+03 
       4.936071287385e-02       7.469526027047e+03 
       5.006837762354e-02       7.388447479796e+03 
       5.079733512943e-02       7.308347151844e+03 
       5.154896824809e-02       7.229107865769e+03 
       5.232476852490e-02       7.150590563796e+03 
       5.312634475738e-02       7.072656745671e+03 
       5.395543209179e-02       6.995108257832e+03 
       5.481390162531e-02       6.917703533249e+03 
       5.570377046278e-02       6.840146890788e+03 
       5.662721214684e-02       6.762098566936e+03 
       5.758656734211e-02       6.683165097525e+03 
       5.858435460639e-02       6.602875876898e+03 
       5.962328102407e-02       6.520684858939e+03 
       6.070625240727e-02       6.435966387943e+03 
       6.183638268902e-02       6.348009146916e+03 
       6.301700204061e-02       6.256040482239e+03 
       6.425166314351e-02       6.159190191545e+03 
       6.554414494016e-02       6.056534224141e+03 
       6.689845308407e-02       5.947114826400e+03 
       6.831881621895e-02       5.829982244776e+03 
       6.980967715457e-02       5.704194391611e+03 
       7.137567799333e-02       5.568986159963e+03 
       7.302163832101e-02       5.423711221272e+03 
       7.475252573365e-02       5.268100022628e+03 
       7.657341825783e-02       5.102195192095e+03 
       7.848945865213e-02       4.926645747673e+03 
       8.050580116253e-02       4.742667991717e+03 
       8.262755202707e-02       4.552123064529e+03 
       8.485970584258e-02       4.357634917086e+03 
       8.720708073856e-02       4.162406109228e+03 
       8.967425603980e-02       3.970168121704e+03 
       9.226551660651e-02       3.784841365784e+03 
       9.498480818881e-02       3.610231247461e+03 
       9.783570781967e-02       3.449616431850e+03 
       1.008214124613e-01       3.305275810545e+03 
       1.039447478624e-01       3.178224428441e+03 
       1.072081980139e-01       3.067619426526e+03 
       1.106139539201e-01       2.970946717664e+03 
       1.141639788612e-01       2.883868559208e+03 
       1.178600861296e-01       2.800779721850e+03 
       1.217040245192e-01       2.715465933222e+03 
       1.256975666801e-01       2.622272039772e+03 
       1.298425957791e-01       2.517387157496e+03 
       1.341411865989e-01       2.399899552526e+03 
       1.385956781125e-01       2.272338477963e+03 
       1.432087355211e-01       2.140304560234e+03 
       1.479834006075e-01       2.011138283261e+03 
       1.529231299464e-01       1.892150764285e+03 
       1.580318209826e-01       1.788786380101e+03 
       1.633138262277e-01       1.703231964494e+03 
       1.687739558650e-01       1.633865249960e+03 
       1.744174689172e-01       1.575633658051e+03 
       1.802500528699e-01       1.521500398042e+03 
       1.862777913042e-01       1.464891373150e+03 
       1.925071186949e-01       1.401165286511e+03 
       1.989447611429e-01       1.329946224268e+03 
       2.055976614405e-01       1.255439361176e+03 
       2.124728865779e-01       1.184154974430e+03 
       2.195775156286e-01       1.121336490069e+03 
       2.269185059531e-01       1.068740105884e+03 
       2.345025359112e-01       1.024767460376e+03 
       2.423358228458e-01       9.853093654475e+02 
       2.504239160762e-01       9.454700784170e+02 
       2.587714660972e-01       9.026340565418e+02 
       2.673819731701e-01       8.579603721508e+02 
       2.762575210181e-01       8.147818369041e+02 
       2.853985043218e-01       7.762751749599e+02 
       2.948033619664e-01       7.432863429096e+02 
       3.044683311851e-01       7.137112375664e+02 
       3.143872404130e-01       6.849500860617e+02 
       3.245513602248e-01       6.558610446672e+02 
       3.349493315660e-01       6.271434617989e+02 
       3.455671880845e-01       6.005185831416e+02 
       3.563884844521e-01       5.766713029045e+02 
       3.673945352804e-01       5.550368794883e+02 
       3.785647602105e-01       5.344983990732e+02 
       3.898771210959e-01       5.145578017035e+02 
       4.013086283103e-01       4.956184362782e+02 
       4.128358865142e-01       4.780616019094e+02 
       4.244356468159e-01       4.619615952669e+02 
       4.360853326677e-01       4.469714200287e+02 
       4.477635108748e-01       4.328587732846e+02 
       4.594502859027e-01       4.194857689600e+02 
       4.711276040479e-01       4.069256837679e+02 
       4.827794626232e-01       3.952225961792e+02 
       4.943920269849e-01       3.843298714929e+02 
       5.059536642011e-01       3.741104503269e+02 
       5.174549060940e-01       3.644472572128e+02 
       5.288883563268e-01       3.553315209460e+02 
       5.402485564359e-01       3.467451695225e+02 
       5.515318246933e-01       3.386770893968e+02 
       5.627360798694e-01       3.310528430780e+02 
       5.738606597714e-01       3.238391219847e+02 
       5.849061421762e-01       3.169888792910e+02 
       5.958741736682e-01       3.104828111359e+02 
       6.067673100625e-01       3.043000754844e+02 
       6.175888705911e-01       2.984133743227e+02 
       6.283428068576e-01       2.928068620300e+02 
       6.390335866978e-01       2.874445543912e+02 
       6.496660924720e-01       2.823153551534e+02 
       6.602455329158e-01       2.773973161830e+02 
       6.707773674402e-01       2.726782652041e+02 
       6.812672416559e-01       2.681462422142e+02 
       6.917209328713e-01       2.637819263026e+02 
       7.021443043443e-01       2.595792169218e+02 
       7.125432671388e-01       2.555202051501e+02 
       7.229237485284e-01       2.515986173968e+02 
       7.332916659929e-01       2.478050373354e+02 
       7.436529059569e-01       2.441285677423e+02 
       7.540133065256e-01       2.405654852555e+02 
       7.643786435666e-01       2.371035324610e+02 
       7.747546195772e-01       2.337395955747e+02 
       7.851468548581e-01       2.304660450841e+02 
       7.955608805851e-01       2.272765215685e+02 
       8.060021334362e-01       2.241683869395e+02 
       8.164759514844e-01       2.211334615097e+02 
       8.269875711181e-01       2.181704357948e+02 
       8.375421247922e-01       2.152730951399e+02 
       8.481446394473e-01       2.124381877901e+02 
       8.588000354681e-01       2.096632137192e+02 
       8.695131260783e-01       2.069428698183e+02 
       8.802886170888e-01       2.042767758529e+02 
       8.911311069390e-01       2.016596984394e+02 
       9.020450869837e-01       1.990908525673e+02 
       9.130349419938e-01       1.965669582445e+02 
       9.241049508470e-01       1.940857553276e+02 
       9.352592873958e-01       1.916460775132e+02 
       9.465020215055e-01       1.892445441180e+02 
       9.578371202601e-01       1.868811457964e+02 
       9.692684493397e-01       1.845525706660e+02 
       9.807997745714e-01       1.822586686631e+02 
       9.924347636608e-01       1.799966595268e+02 
       1.004176988111e+00       1.777665482592e+02 
       1.016029925331e+00       1.755663047829e+02 
       1.027996960946e+00       1.733951370593e+02 
       1.040081391298e+00       1.712518914701e+02 
       1.052286426151e+00       1.691354960077e+02 
       1.064615191598e+00       1.670452724561e+02 
       1.077070733143e+00       1.649801098921e+02 
       1.089656018989e+00       1.629395438269e+02 
       1.102373943479e+00       1.609224562493e+02 
       1.115227330709e+00       1.589286032551e+02 
       1.128218938279e+00       1.569569676585e+02 
       1.141351461169e+00       1.550072984439e+02 
       1.154627535719e+00       1.530788082608e+02 
       1.168049743694e+00       1.511710975830e+02 
       1.181620616404e+00       1.492836590302e+02 
       1.195342638861e+00       1.474159298844e+02 
       1.209218253947e+00       1.455677806436e+02 
       1.223249866566e+00       1.437384518580e+02 
       1.237439847766e+00       1.419279941585e+02 
       1.251790538795e+00       1.401355422149e+02 
       1.266304255082e+00       1.383612509091e+02 
       1.280983290116e+00       1.366044539539e+02 
       1.295829919210e+00       1.348650960162e+02 
       1.310846403135e+00       1.331428032434e+02 
       1.326034991607e+00       1.314372462547e+02 
       1.341397926622e+00       1.297484281872e+02 
       1.356937445622e+00       1.280758375113e+02 
       1.372655784501e+00       1.264194285056e+02 
       1.388555180431e+00       1.247789904318e+02 
       1.404637874520e+00       1.231541785090e+02 
       1.420906114292e+00       1.215449896642e+02 
       1.437362155998e+00       1.199511324923e+02 
       1.454008266763e+00       1.183723908825e+02 
       1.470846726571e+00       1.168087388345e+02 
       1.487879830091e+00       1.152598964998e+02 
       1.505109888362e+00       1.137257152834e+02 
       1.522539230339e+00       1.122061312327e+02 
       1.540170204306e+00       1.107009441038e+02 
       1.558005179171e+00       1.092099903094e+02 
       1.576046545650e+00       1.077332099276e+02 
       1.594296717350e+00       1.062704772943e+02 
       1.612758131758e+00       1.048215991017e+02 
       1.631433251153e+00       1.033864949952e+02 
       1.650324563429e+00       1.019650944006e+02 
       1.669434582872e+00       1.005572574998e+02 
       1.688765850862e+00       9.916286013909e+01 
       1.708320936531e+00       9.778181715638e+01 
       1.728102437377e+00       9.641404995418e+01 
       1.748112979837e+00       9.505944952128e+01 
       1.768355219828e+00       9.371791592076e+01 
       1.788831843262e+00       9.238936423898e+01 
       1.809545566538e+00       9.107371447062e+01 
       1.830499137011e+00       8.977089200039e+01 
       1.851695333450e+00       8.848081180762e+01 
       1.873136966480e+00       8.720339511446e+01 
       1.894826879020e+00       8.593856167825e+01 
       1.916767946705e+00       8.468624655466e+01 
       1.938963078309e+00       8.344638108630e+01 
       1.961415216168e+00       8.221888223588e+01 
       1.984127336586e+00       8.100369518480e+01 
       2.007102450260e+00       7.980076001264e+01 
       2.030343602689e+00       7.861000642319e+01 
       2.053853874593e+00       7.743137113031e+01 
       2.077636382331e+00       7.626479485072e+01 
       2.101694278322e+00       7.511022442089e+01 
       2.126030751467e+00       7.396759749346e+01 
       2.150649027580e+00       7.283685921128e+01 
       2.175552369816e+00       7.171795619310e+01 
       2.200744079108e+00       7.061083511642e+01 
       2.226227494605e+00       6.951544115341e+01 
       2.252005994117e+00       6.843172622971e+01 
       2.278082994565e+00       6.735963651772e+01 
       2.304461952432e+00       6.629912534553e+01 
       2.331146364226e+00       6.525014019628e+01 
       2.358139766938e+00       6.421263569411e+01 
       2.385445738518e+00       6.318656276742e+01 
       2.413067898344e+00       6.217187472884e+01 
       2.441009907703e+00       6.116852587530e+01 
       2.469275470281e+00       6.017646701063e+01 
       2.497868332646e+00       5.919565473960e+01 
       2.526792284752e+00       5.822604231004e+01 
       2.556051160439e+00       5.726758437428e+01 
       2.585648837938e+00       5.632023522230e+01 
       2.615589240389e+00       5.538394976832e+01 
       2.645876336361e+00       5.445868261920e+01 
       2.676514140375e+00       5.354438977722e+01 
       2.707506713440e+00       5.264102467969e+01 
       2.738858163587e+00       5.174854134051e+01 
       2.770572646416e+00       5.086689429961e+01 
       2.802654365649e+00       4.999603789258e+01 
       2.835107573683e+00       4.913592550498e+01 
       2.867936572154e+00       4.828650980827e+01 
       2.901145712511e+00       4.744774390533e+01 
       2.934739396591e+00       4.661958029700e+01 
       2.968722077198e+00       4.580196973081e+01 
       3.003098258702e+00       4.499486378520e+01 
       3.037872497626e+00       4.419821280342e+01 
       3.073049403260e+00       4.341196607983e+01 
       3.108633638263e+00       4.263607260986e+01 
       3.144629919288e+00       4.187048041547e+01 
       3.181043017603e+00       4.111513660645e+01 
       3.217877759724e+00       4.036998753773e+01 
       3.255139028057e+00       3.963497844915e+01 
       3.292831761542e+00       3.891005384828e+01 
       3.330960956310e+00       3.819515701611e+01 
       3.369531666345e+00       3.749023033287e+01 
       3.408549004153e+00       3.679521508380e+01 
       3.448018141439e+00       3.611005155444e+01 
       3.487944309795e+00       3.543467879549e+01 
       3.528332801392e+00       3.476903488780e+01 
       3.569188969679e+00       3.411305668234e+01 
       3.610518230098e+00       3.346667991193e+01 
       3.652326060798e+00       3.282983920018e+01 
       3.694618003362e+00       3.220246797542e+01 
       3.737399663539e+00       3.158449854663e+01 
       3.780676711994e+00       3.097586206318e+01 
       3.824454885052e+00       3.037648852836e+01 
       3.868739985463e+00       2.978630682525e+01 
       3.913537883168e+00       2.920524470131e+01 
       3.958854516080e+00       2.863322882273e+01 
       4.004695890871e+00       2.807018475217e+01 
       4.051068083764e+00       2.751603699511e+01 
       4.097977241344e+00       2.697070902223e+01 
       4.145429581368e+00       2.643412328702e+01 
       4.193431393593e+00       2.590620126580e+01 
       4.241989040607e+00       2.538686348142e+01 
       4.291108958674e+00       2.487602954239e+01 
       4.340797658585e+00       2.437361817691e+01 
       4.391061726524e+00       2.387954727174e+01 
       4.441907824939e+00       2.339373391079e+01 
       4.493342693424e+00       2.291609441607e+01 
       4.545373149617e+00       2.244654439168e+01 
       4.598006090097e+00       2.198499876429e+01 
       4.651248491304e+00       2.153137183004e+01 
       4.705107410461e+00       2.108557729811e+01 
       4.759589986508e+00       2.064752833683e+01 
       4.814703441053e+00       2.021713761959e+01 
       4.870455079323e+00       1.979431737118e+01 
       4.926852291139e+00       1.937897941430e+01 
       4.983902551890e+00       1.897103521615e+01 
       5.041613423525e+00       1.857039593443e+01 
       5.099992555559e+00       1.817697246371e+01 
       5.159047686082e+00       1.779067548097e+01 
       5.218786642787e+00       1.741141549101e+01 
       5.279217344010e+00       1.703910287099e+01 
       5.340347799773e+00       1.667364791460e+01 
       5.402186112852e+00       1.631496087538e+01 
       5.464740479849e+00       1.596295200927e+01 
       5.528019192278e+00       1.561753161639e+01 
       5.592030637663e+00       1.527861008185e+01 
       5.656783300652e+00       1.494609791565e+01 
       5.722285764140e+00       1.461990579165e+01 
       5.788546710408e+00       1.429994458544e+01 
       5.855574922272e+00       1.398612541130e+01 
       5.923379284250e+00       1.367835965795e+01 
       5.991968783736e+00       1.337655902340e+01 
       6.061352512194e+00       1.308063554853e+01 
       6.131539666362e+00       1.279050164972e+01 
       6.202539549471e+00       1.250607015028e+01 
       6.274361572480e+00       1.222725431079e+01 
       6.347015255318e+00       1.195396785837e+01 
       6.420510228154e+00       1.168612501478e+01 
       6.494856232666e+00       1.142364052345e+01 
       6.570063123337e+00       1.116642967535e+01 
       6.646140868758e+00       1.091440833389e+01 
       6.723099552953e+00       1.066749295855e+01 
       6.800949376711e+00       1.042560062761e+01 
       6.879700658943e+00       1.018864905969e+01 
       6.959363838045e+00       9.956556634293e+00 
       7.039949473285e+00       9.729242411281e+00 
       7.121468246203e+00       9.506626149344e+00 
       7.203930962024e+00       9.288628323447e+00 
       7.287348551090e+00       9.075170141276e+00 
       7.371732070313e+00       8.866173558717e+00 
       7.457092704637e+00       8.661561294364e+00 
       7.543441768523e+00       8.461256843084e+00 
       7.630790707443e+00       8.265184488666e+00 
       7.719151099407e+00       8.073269315547e+00 
       7.808534656488e+00       7.885437219669e+00 
       7.898953226380e+00       7.701614918457e+00 
       7.990418793966e+00       7.521729959955e+00 
       8.082943482908e+00       7.345710731134e+00 
       8.176539557253e+00       7.173486465395e+00 
       8.271219423061e+00       7.004987249285e+00 
       8.366995630044e+00       6.840144028456e+00 
       8.463880873235e+00       6.678888612869e+00 
       8.561887994667e+00       6.521153681288e+00 
       8.661029985080e+00       6.366872785069e+00 
       8.761319985636e+00       6.215980351267e+00 
       8.862771289666e+00       6.068411685093e+00 
       8.965397344431e+00       5.924102971724e+00 
       9.069211752902e+00       5.782991277508e+00 
       9.174228275568e+00       5.645014550566e+00 
       9.280460832255e+00       5.510111620826e+00 
       9.387923503973e+00       5.378222199502e+00 
       9.496630534783e+00       5.249286878036e+00 
       9.606596333683e+00       5.123247126540e+00 
       9.717835476523e+00       5.000045291730e+00 
       9.830362707928e+00       4.879624594403e+00 
       9.944192943263e+00       4.761929126446e+00 
       1.005934127060e+01       4.646903847428e+00 
       1.017582295273e+01       4.534494580762e+00 
       1.029365342917e+01       4.424648009481e+00 
       1.041284831822e+01       4.317311671635e+00 
       1.053342341903e+01       4.212433955324e+00 
       1.065539471371e+01       4.109964093393e+00 
       1.077877836942e+01       4.009852157803e+00 
       1.090359074053e+01       3.912049053692e+00 
       1.102984837078e+01       3.816506513144e+00 
       1.115756799548e+01       3.723177088686e+00 
       1.128676654374e+01       3.632014146528e+00 
       1.141746114067e+01       3.542971859550e+00 
       1.154966910971e+01       3.456005200068e+00 
       1.168340797489e+01       3.371069932390e+00 
       1.181869546313e+01       3.288122605156e+00 
       1.195554950666e+01       3.207120543513e+00 
       1.209398824532e+01       3.128021841098e+00 
       1.223403002903e+01       3.050785351878e+00 
       1.237569342016e+01       2.975370681831e+00 
       1.251899719606e+01       2.901738180496e+00 
       1.266396035147e+01       2.829848932406e+00 
       1.281060210111e+01       2.759664748404e+00 
       1.295894188218e+01       2.691148156857e+00 
       1.310899935696e+01       2.624262394788e+00 
       1.326079441541e+01       2.558971398923e+00 
       1.341434717779e+01       2.495239796673e+00 
       1.356967799736e+01       2.433032897050e+00 
       1.372680746306e+01       2.372316681546e+00 
       1.388575640221e+01       2.313057794954e+00 
       1.404654588333e+01       2.255223536170e+00 
       1.420919721890e+01       2.198781848967e+00 
       1.437373196816e+01       2.143701312743e+00 
       1.454017194003e+01       2.089951133279e+00 
       1.470853919594e+01       2.037501133476e+00 
       1.487885605279e+01       1.986321744110e+00 
       1.505114508590e+01       1.936383994590e+00 
       1.522542913198e+01       1.887659503744e+00 
       1.540173129220e+01       1.840120470620e+00 
       1.558007493522e+01       1.793739665318e+00 
       1.576048370030e+01       1.748490419864e+00 
       1.594298150042e+01       1.704346619116e+00 
       1.612759252547e+01       1.661282691720e+00 
       1.631434124544e+01       1.619273601114e+00 
       1.650325241367e+01       1.578294836587e+00 
       1.669435107014e+01       1.538322404397e+00 
       1.688766254475e+01       1.499332818947e+00 
       1.708321246074e+01       1.461303094031e+00 
       1.728102673805e+01       1.424210734153e+00 
       1.748113159672e+01       1.388033725906e+00 
       1.768355356046e+01       1.352750529437e+00 
       1.788831946006e+01       1.318340069991e+00 
       1.809545643704e+01       1.284781729527e+00 
       1.830499194716e+01       1.252055338424e+00 
       1.851695376414e+01       1.220141167272e+00 
       1.873136998329e+01       1.189019918747e+00 
       1.894826902523e+01       1.158672719582e+00 
       1.916767963972e+01       1.129081112619e+00 
       1.938963090937e+01       1.100227048965e+00 
       1.961415225360e+01       1.072092880235e+00 
       1.984127343247e+01       1.044661350888e+00 
       2.007102455064e+01       1.017915590669e+00 
       2.030343606137e+01       9.918391071433e-01 
       2.053853877057e+01       9.664157783224e-01 
       2.077636384083e+01       9.416298454013e-01 
       2.101694279561e+01       9.174659055873e-01 
       2.126030752339e+01       8.939089050315e-01 
       2.150649028191e+01       8.709441318604e-01 
       2.175552370242e+01       8.485572093089e-01 
       2.200744079403e+01       8.267340889540e-01 
       2.226227494808e+01       8.054610440497e-01 
       2.252005994257e+01       7.847246629630e-01 
       2.278082994660e+01       7.645118427120e-01 
       2.304461952497e+01       7.448097826032e-01 
       2.331146364270e+01       7.256059779717e-01 
       2.358139766968e+01       7.068882140199e-01 
       2.385445738538e+01       6.886445597581e-01 
       2.413067898357e+01       6.708633620435e-01 
       2.441009907712e+01       6.535332397189e-01 
       2.469275470286e+01       6.366430778507e-01 
       2.497868332650e+01       6.201820220635e-01 
       2.526792284755e+01       6.041394729740e-01 
       2.556051160440e+01       5.885050807201e-01 
       2.585648837939e+01       5.732687395870e-01 
       2.615589240390e+01       5.584205827280e-01 
       2.645876336361e+01       5.439509769801e-01 
       2.676514140376e+01       5.298505177728e-01 
       2.707506713440e+01       5.161100241304e-01 
       2.738858163587e+01       5.027205337646e-01 
       2.770572646416e+01       4.896732982596e-01 
       2.802654365649e+01       4.769597783463e-01 
       2.835107573683e+01       4.645716392649e-01 
       2.867936572154e+01       4.525007462164e-01 
       2.901145712511e+01       4.407391599002e-01 
       2.934739396591e+01       4.292791321378e-01 
       2.968722077198e+01       4.181131015812e-01 
       3.003098258702e+01       4.072336895047e-01 
