# Matter power spectrum P(k) at redshift z=0.5
# for k=1.03414e-05 to 30.2798 h/Mpc,
# number of wavenumbers equal to 1162
#    1:k (h/Mpc)              2:P (Mpc/h)^3        
       1.034137077318e-05       2.888365454297e+01 
       1.046111820303e-05       2.920701682056e+01 
       1.058225224277e-05       2.953400011262e+01 
       1.070478894858e-05       2.986464365583e+01 
       1.082874456257e-05       3.019898861981e+01 
       1.095413551493e-05       3.053707709165e+01 
       1.108097842608e-05       3.087895085253e+01 
       1.120929010892e-05       3.122465230998e+01 
       1.133908757102e-05       3.157422367022e+01 
       1.147038801690e-05       3.192770904440e+01 
       1.160320885028e-05       3.228515202056e+01 
       1.173756767643e-05       3.264659644043e+01 
       1.187348230446e-05       3.301208777722e+01 
       1.201097074971e-05       3.338167211350e+01 
       1.215005123613e-05       3.375539250983e+01 
       1.229074219867e-05       3.413329769574e+01 
       1.243306228578e-05       3.451543415671e+01 
       1.257703036183e-05       3.490184858647e+01 
       1.272266550963e-05       3.529258856317e+01 
       1.286998703296e-05       3.568770393238e+01 
       1.301901445914e-05       3.608724296795e+01 
       1.316976754157e-05       3.649125517208e+01 
       1.332226626244e-05       3.689979108929e+01 
       1.347653083526e-05       3.731290017777e+01 
       1.363258170765e-05       3.773063517625e+01 
       1.379043956398e-05       3.815304671838e+01 
       1.395012532813e-05       3.858018731076e+01 
       1.411166016629e-05       3.901211029025e+01 
       1.427506548972e-05       3.944886932332e+01 
       1.444036295761e-05       3.989051821308e+01 
       1.460757447998e-05       4.033711188032e+01 
       1.477672222051e-05       4.078870552738e+01 
       1.494782859958e-05       4.124535553199e+01 
       1.512091629713e-05       4.170711252204e+01 
       1.529600825576e-05       4.217405040401e+01 
       1.547312768372e-05       4.264621104438e+01 
       1.565229805799e-05       4.312365917111e+01 
       1.583354312741e-05       4.360645056577e+01 
       1.601688691583e-05       4.409464831353e+01 
       1.620235372526e-05       4.458831209449e+01 
       1.638996813912e-05       4.508750231142e+01 
       1.657975502551e-05       4.559228404928e+01 
       1.677173954047e-05       4.610271388275e+01 
       1.696594713134e-05       4.661885992811e+01 
       1.716240354012e-05       4.714078654792e+01 
       1.736113480690e-05       4.766855772720e+01 
       1.756216727330e-05       4.820223494447e+01 
       1.776552758594e-05       4.874188896026e+01 
       1.797124270003e-05       4.928758584350e+01 
       1.817933988287e-05       4.983939039392e+01 
       1.838984671752e-05       5.039737520302e+01 
       1.860279110643e-05       5.096160649567e+01 
       1.881820127515e-05       5.153215732600e+01 
       1.903610577607e-05       5.210909414754e+01 
       1.925653349219e-05       5.269249165368e+01 
       1.947951364097e-05       5.328242051576e+01 
       1.970507577818e-05       5.387895551336e+01 
       1.993324980184e-05       5.448216920458e+01 
       2.016406595617e-05       5.509213819288e+01 
       2.039755483561e-05       5.570893596672e+01 
       2.063374738884e-05       5.633263959897e+01 
       2.087267492294e-05       5.696332701438e+01 
       2.111436910749e-05       5.760107625135e+01 
       2.135886197880e-05       5.824596641397e+01 
       2.160618594412e-05       5.889807748276e+01 
       2.185637378599e-05       5.955749080921e+01 
       2.210945866654e-05       6.022428726937e+01 
       2.236547413188e-05       6.089854883584e+01 
       2.262445411659e-05       6.158036185700e+01 
       2.288643294819e-05       6.226980876708e+01 
       2.315144535168e-05       6.296697599715e+01 
       2.341952645418e-05       6.367194960340e+01 
       2.369071178955e-05       6.438481682203e+01 
       2.396503730310e-05       6.510566666763e+01 
       2.424253935639e-05       6.583458750531e+01 
       2.452325473201e-05       6.657167039842e+01 
       2.480722063848e-05       6.731700805803e+01 
       2.509447471518e-05       6.807069096148e+01 
       2.538505503732e-05       6.883281380265e+01 
       2.567900012101e-05       6.960347026142e+01 
       2.597634892835e-05       7.038275757407e+01 
       2.627714087260e-05       7.117077116022e+01 
       2.658141582342e-05       7.196760584163e+01 
       2.688921411211e-05       7.277336696749e+01 
       2.720057653701e-05       7.358814843115e+01 
       2.751554436886e-05       7.441205685526e+01 
       2.783415935632e-05       7.524519042456e+01 
       2.815646373144e-05       7.608765318737e+01 
       2.848250021534e-05       7.693955055935e+01 
       2.881231202379e-05       7.780098819336e+01 
       2.914594287300e-05       7.867207226962e+01 
       2.948343698536e-05       7.955291136534e+01 
       2.982483909535e-05       8.044361471180e+01 
       3.017019445547e-05       8.134429326551e+01 
       3.051954884217e-05       8.225505800815e+01 
       3.087294856203e-05       8.317602192508e+01 
       3.123044045777e-05       8.410730009562e+01 
       3.159207191456e-05       8.504900775480e+01 
       3.195789086627e-05       8.600126174174e+01 
       3.232794580180e-05       8.696418038151e+01 
       3.270228577153e-05       8.793788311472e+01 
       3.308096039382e-05       8.892249079374e+01 
       3.346401986157e-05       8.991812574701e+01 
       3.385151494891e-05       9.092491147056e+01 
       3.424349701789e-05       9.194297278604e+01 
       3.464001802531e-05       9.297243640115e+01 
       3.504113052959e-05       9.401343003580e+01 
       3.544688769778e-05       9.506608313714e+01 
       3.585734331253e-05       9.613052610200e+01 
       3.627255177930e-05       9.720689040883e+01 
       3.669256813352e-05       9.829531099206e+01 
       3.711744804790e-05       9.939592176430e+01 
       3.754724783981e-05       1.005088608778e+02 
       3.798202447876e-05       1.016342656822e+02 
       3.842183559391e-05       1.027722765365e+02 
       3.886673948175e-05       1.039230334165e+02 
       3.931679511381e-05       1.050866810153e+02 
       3.977206214447e-05       1.062633629575e+02 
       4.023260091890e-05       1.074532250016e+02 
       4.069847248100e-05       1.086564153628e+02 
       4.116973858154e-05       1.098730832693e+02 
       4.164646168633e-05       1.111033803094e+02 
       4.212870498452e-05       1.123474590435e+02 
       4.261653239691e-05       1.136054743038e+02 
       4.311000858452e-05       1.148775824484e+02 
       4.360919895707e-05       1.161639410616e+02 
       4.411416968170e-05       1.174647104115e+02 
       4.462498769174e-05       1.187800525943e+02 
       4.514172069557e-05       1.201101294939e+02 
       4.566443718558e-05       1.214551076958e+02 
       4.619320644727e-05       1.228151547109e+02 
       4.672809856845e-05       1.241904382968e+02 
       4.726918444847e-05       1.255811299777e+02 
       4.781653580769e-05       1.269874029617e+02 
       4.837022519695e-05       1.284094325492e+02 
       4.893032600716e-05       1.298473945500e+02 
       4.949691247908e-05       1.313014686475e+02 
       5.007005971314e-05       1.327718336739e+02 
       5.064984367937e-05       1.342586747149e+02 
       5.123634122753e-05       1.357621767390e+02 
       5.182963009722e-05       1.372825241239e+02 
       5.242978892824e-05       1.388199095283e+02 
       5.303689727099e-05       1.403745206588e+02 
       5.365103559702e-05       1.419465539930e+02 
       5.427228530972e-05       1.435362030533e+02 
       5.490072875504e-05       1.451436670700e+02 
       5.553644923249e-05       1.467691445486e+02 
       5.617953100614e-05       1.484128391317e+02 
       5.683005931577e-05       1.500749539863e+02 
       5.748812038820e-05       1.517556975367e+02 
       5.815380144872e-05       1.534552780561e+02 
       5.882719073264e-05       1.551739074614e+02 
       5.950837749697e-05       1.569117995012e+02 
       6.019745203227e-05       1.586691712536e+02 
       6.089450567464e-05       1.604462393211e+02 
       6.159963081778e-05       1.622432279901e+02 
       6.231292092526e-05       1.640603585907e+02 
       6.303447054292e-05       1.658978595278e+02 
       6.376437531137e-05       1.677559579875e+02 
       6.450273197870e-05       1.696348857580e+02 
       6.524963841328e-05       1.715348775530e+02 
       6.600519361676e-05       1.734561700465e+02 
       6.676949773716e-05       1.753990022941e+02 
       6.754265208217e-05       1.773636167519e+02 
       6.832475913255e-05       1.793502574893e+02 
       6.911592255574e-05       1.813591730865e+02 
       6.991624721960e-05       1.833906132582e+02 
       7.072583920631e-05       1.854448317676e+02 
       7.154480582639e-05       1.875220840386e+02 
       7.237325563299e-05       1.896226301363e+02 
       7.321129843623e-05       1.917467317616e+02 
       7.405904531778e-05       1.938946529303e+02 
       7.491660864557e-05       1.960666631227e+02 
       7.578410208869e-05       1.982630317953e+02 
       7.666164063245e-05       2.004840332750e+02 
       7.754934059364e-05       2.027299454606e+02 
       7.844731963593e-05       2.050010488212e+02 
       7.935569678547e-05       2.072976256655e+02 
       8.027459244666e-05       2.096199633676e+02 
       8.120412841813e-05       2.119683515070e+02 
       8.214442790886e-05       2.143430836146e+02 
       8.309561555454e-05       2.167444562423e+02 
       8.405781743405e-05       2.191727688757e+02 
       8.503116108621e-05       2.216283252083e+02 
       8.601577552668e-05       2.241114320196e+02 
       8.701179126502e-05       2.266223991406e+02 
       8.801934032204e-05       2.291615406795e+02 
       8.903855624729e-05       2.317291738404e+02 
       9.006957413672e-05       2.343256193367e+02 
       9.111253065065e-05       2.369512017961e+02 
       9.216756403182e-05       2.396062495400e+02 
       9.323481412377e-05       2.422910944833e+02 
       9.431442238935e-05       2.450060722119e+02 
       9.540653192945e-05       2.477515223567e+02 
       9.651128750203e-05       2.505277885555e+02 
       9.762883554122e-05       2.533352171608e+02 
       9.875932417682e-05       2.561741602577e+02 
       9.990290325386e-05       2.590449729116e+02 
       1.010597243525e-04       2.619480138669e+02 
       1.022299408082e-04       2.648836466762e+02 
       1.034137077318e-04       2.678522390011e+02 
       1.046111820303e-04       2.708541620310e+02 
       1.058225224277e-04       2.738897915332e+02 
       1.070478894858e-04       2.769595078333e+02 
       1.082874456257e-04       2.800636950561e+02 
       1.095413551493e-04       2.832027420416e+02 
       1.108097842608e-04       2.863770417991e+02 
       1.120929010892e-04       2.895869918951e+02 
       1.133908757102e-04       2.928329945413e+02 
       1.147038801690e-04       2.961154558630e+02 
       1.160320885028e-04       2.994347874614e+02 
       1.173756767643e-04       3.027914050141e+02 
       1.187348230446e-04       3.061857293134e+02 
       1.201097074971e-04       3.096181854568e+02 
       1.215005123613e-04       3.130892038606e+02 
       1.229074219867e-04       3.165992189230e+02 
       1.243306228578e-04       3.201486707731e+02 
       1.257703036183e-04       3.237380042930e+02 
       1.272266550963e-04       3.273676693668e+02 
       1.286998703296e-04       3.310381208300e+02 
       1.301901445914e-04       3.347498186894e+02 
       1.316976754158e-04       3.385032281459e+02 
       1.332226626244e-04       3.422988194648e+02 
       1.347653083526e-04       3.461370686833e+02 
       1.363258170765e-04       3.500184564543e+02 
       1.379043956398e-04       3.539434694704e+02 
       1.395012532813e-04       3.579125995337e+02 
       1.411166016629e-04       3.619263439393e+02 
       1.427506548972e-04       3.659852057097e+02 
       1.444036295761e-04       3.700896934474e+02 
       1.460757447998e-04       3.742403210533e+02 
       1.477672222051e-04       3.784376086737e+02 
       1.494782859958e-04       3.826570552620e+02 
       1.512091629713e-04       3.869486730039e+02 
       1.529600825576e-04       3.912885324914e+02 
       1.547312768372e-04       3.956771763711e+02 
       1.565229805799e-04       4.001151538548e+02 
       1.583354312741e-04       4.046030202775e+02 
       1.601688691583e-04       4.091413366944e+02 
       1.620235372526e-04       4.137306703973e+02 
       1.638996813912e-04       4.183715950082e+02 
       1.657975502551e-04       4.230646905767e+02 
       1.677173954047e-04       4.278105432205e+02 
       1.696594713134e-04       4.326097452913e+02 
       1.716240354012e-04       4.374628961846e+02 
       1.736113480690e-04       4.423706008887e+02 
       1.756216727330e-04       4.473334719494e+02 
       1.776552758595e-04       4.523521283024e+02 
       1.797124270003e-04       4.574271941217e+02 
       1.817933988287e-04       4.625593025622e+02 
       1.838984671752e-04       4.677490917288e+02 
       1.860279110643e-04       4.729972076721e+02 
       1.881820127515e-04       4.783043023131e+02 
       1.903610577607e-04       4.836710351821e+02 
       1.925653349219e-04       4.890980725942e+02 
       1.947951364097e-04       4.945860879188e+02 
       1.970507577818e-04       5.001357608460e+02 
       1.993324980184e-04       5.057477808702e+02 
       2.016406595617e-04       5.114228396736e+02 
       2.039755483561e-04       5.171616420125e+02 
       2.063374738884e-04       5.229648948367e+02 
       2.087267492294e-04       5.288333149066e+02 
       2.111436910749e-04       5.347676260634e+02 
       2.135886197880e-04       5.407685597404e+02 
       2.160618594412e-04       5.468368536579e+02 
       2.185637378599e-04       5.529732540531e+02 
       2.210945866654e-04       5.591785139670e+02 
       2.236547413188e-04       5.654533945622e+02 
       2.262445411659e-04       5.717986644941e+02 
       2.288643294819e-04       5.782150992823e+02 
       2.315144535168e-04       5.847034827999e+02 
       2.341952645418e-04       5.912646063834e+02 
       2.369071178955e-04       5.978992686751e+02 
       2.396503730310e-04       6.046082768191e+02 
       2.424253935639e-04       6.113924449678e+02 
       2.452325473201e-04       6.182525955708e+02 
       2.480722063848e-04       6.251895581062e+02 
       2.509447471518e-04       6.322041709095e+02 
       2.538505503732e-04       6.392972794488e+02 
       2.567900012101e-04       6.464697371427e+02 
       2.597634892835e-04       6.537224054958e+02 
       2.627714087261e-04       6.610561537094e+02 
       2.658141582342e-04       6.684718589046e+02 
       2.688921411211e-04       6.759704062959e+02 
       2.720057653701e-04       6.835526889289e+02 
       2.751554436886e-04       6.912196076013e+02 
       2.783415935632e-04       6.989720714882e+02 
       2.815646373144e-04       7.068109973359e+02 
       2.848250021534e-04       7.147373101515e+02 
       2.881231202379e-04       7.227519428273e+02 
       2.914594287300e-04       7.308558362130e+02 
       2.948343698536e-04       7.390499392266e+02 
       2.982483909535e-04       7.473352086321e+02 
       3.017019445547e-04       7.557126094557e+02 
       3.051954884217e-04       7.641831145165e+02 
       3.087294856203e-04       7.727477046631e+02 
       3.123044045777e-04       7.814073690389e+02 
       3.159207191456e-04       7.901631045059e+02 
       3.195789086628e-04       7.990159159913e+02 
       3.232794580180e-04       8.079668164578e+02 
       3.270228577153e-04       8.170168269535e+02 
       3.308096039382e-04       8.261669765470e+02 
       3.346401986157e-04       8.354183020613e+02 
       3.385151494891e-04       8.447718492172e+02 
       3.424349701789e-04       8.542286708716e+02 
       3.464001802531e-04       8.637898277949e+02 
       3.504113052959e-04       8.734563896503e+02 
       3.544688769778e-04       8.832294337603e+02 
       3.585734331253e-04       8.931100457121e+02 
       3.627255177930e-04       9.030993178718e+02 
       3.669256813352e-04       9.131983532519e+02 
       3.711744804790e-04       9.234082606789e+02 
       3.754724783981e-04       9.337301577061e+02 
       3.798202447876e-04       9.441651707417e+02 
       3.842183559391e-04       9.547144340366e+02 
       3.886673948175e-04       9.653790890539e+02 
       3.931679511381e-04       9.761602869331e+02 
       3.977206214447e-04       9.870591863834e+02 
       4.023260091890e-04       9.980769539470e+02 
       4.069847248100e-04       1.009214765266e+03 
       4.116973858154e-04       1.020473803967e+03 
       4.164646168633e-04       1.031855262345e+03 
       4.212870498452e-04       1.043360341192e+03 
       4.261653239691e-04       1.054990249288e+03 
       4.311000858452e-04       1.066746204091e+03 
       4.360919895707e-04       1.078629432253e+03 
       4.411416968170e-04       1.090641168875e+03 
       4.462498769175e-04       1.102782657706e+03 
       4.514172069557e-04       1.115055149870e+03 
       4.566443718558e-04       1.127459910346e+03 
       4.619320644727e-04       1.139998208047e+03 
       4.672809856845e-04       1.152671322482e+03 
       4.726918444847e-04       1.165480542592e+03 
       4.781653580770e-04       1.178427166313e+03 
       4.837022519695e-04       1.191512502645e+03 
       4.893032600716e-04       1.204737868716e+03 
       4.949691247908e-04       1.218104590996e+03 
       5.007005971314e-04       1.231614006237e+03 
       5.064984367937e-04       1.245267461012e+03 
       5.123634122753e-04       1.259066312868e+03 
       5.182963009722e-04       1.273011927587e+03 
       5.242978892824e-04       1.287105682795e+03 
       5.303689727099e-04       1.301348966475e+03 
       5.365103559703e-04       1.315743176637e+03 
       5.427228530972e-04       1.330289721589e+03 
       5.490072875504e-04       1.344990022608e+03 
       5.553644923250e-04       1.359845510462e+03 
       5.617953100614e-04       1.374857625860e+03 
       5.683005931577e-04       1.390027823971e+03 
       5.748812038820e-04       1.405357570147e+03 
       5.815380144873e-04       1.420848338097e+03 
       5.882719073264e-04       1.436501620212e+03 
       5.950837749697e-04       1.452318915709e+03 
       6.019745203227e-04       1.468301737381e+03 
       6.089450567464e-04       1.484451610411e+03 
       6.159963081778e-04       1.500770073111e+03 
       6.231292092526e-04       1.517258675242e+03 
       6.303447054292e-04       1.533918980295e+03 
       6.376437531137e-04       1.550752565038e+03 
       6.450273197870e-04       1.567761018273e+03 
       6.524963841328e-04       1.584945940472e+03 
       6.600519361676e-04       1.602308954450e+03 
       6.676949773716e-04       1.619851683499e+03 
       6.754265208217e-04       1.637575773804e+03 
       6.832475913255e-04       1.655482881120e+03 
       6.911592255574e-04       1.673574677798e+03 
       6.991624721960e-04       1.691852847065e+03 
       7.072583920631e-04       1.710319090776e+03 
       7.154480582639e-04       1.728975122112e+03 
       7.237325563299e-04       1.747822667364e+03 
       7.321129843623e-04       1.766863469214e+03 
       7.405904531778e-04       1.786099286565e+03 
       7.491660864557e-04       1.805531885690e+03 
       7.578410208869e-04       1.825163056137e+03 
       7.666164063245e-04       1.844994601014e+03 
       7.754934059365e-04       1.865028333527e+03 
       7.844731963594e-04       1.885266080065e+03 
       7.935569678547e-04       1.905709688001e+03 
       8.027459244666e-04       1.926361013875e+03 
       8.120412841813e-04       1.947221934499e+03 
       8.214442790886e-04       1.968294335237e+03 
       8.309561555454e-04       1.989580119182e+03 
       8.405781743405e-04       2.011081201025e+03 
       8.503116108621e-04       2.032799518535e+03 
       8.601577552668e-04       2.054737004360e+03 
       8.701179126502e-04       2.076895628257e+03 
       8.801934032204e-04       2.099277354357e+03 
       8.903855624729e-04       2.121884174330e+03 
       9.006957413672e-04       2.144718089503e+03 
       9.111253065065e-04       2.167781102002e+03 
       9.216756403182e-04       2.191075248498e+03 
       9.323481412377e-04       2.214602562515e+03 
       9.431442238935e-04       2.238365092423e+03 
       9.540653192946e-04       2.262364905348e+03 
       9.651128750203e-04       2.286604070833e+03 
       9.762883554122e-04       2.311084680243e+03 
       9.875932417682e-04       2.335808822764e+03 
       9.990290325386e-04       2.360778611063e+03 
       1.010597243525e-03       2.385996164909e+03 
       1.022299408082e-03       2.411463604446e+03 
       1.034137077318e-03       2.437183075677e+03 
       1.046111820303e-03       2.463156718323e+03 
       1.058225224277e-03       2.489386686344e+03 
       1.070478894858e-03       2.515875144286e+03 
       1.082874456257e-03       2.542624258373e+03 
       1.095413551493e-03       2.569636210091e+03 
       1.108097842608e-03       2.596913175021e+03 
       1.120929010892e-03       2.624457352243e+03 
       1.133908757102e-03       2.652270925664e+03 
       1.147038801690e-03       2.680356099026e+03 
       1.160320885028e-03       2.708715070733e+03 
       1.173756767643e-03       2.737350044062e+03 
       1.187348230446e-03       2.766263233342e+03 
       1.201097074971e-03       2.795456845708e+03 
       1.215005123613e-03       2.824933086529e+03 
       1.229074219867e-03       2.854694188215e+03 
       1.243306228578e-03       2.884742336117e+03 
       1.257703036183e-03       2.915079755034e+03 
       1.272266550963e-03       2.945708646707e+03 
       1.286998703296e-03       2.976631225227e+03 
       1.301901445914e-03       3.007849689443e+03 
       1.316976754158e-03       3.039366243165e+03 
       1.332226626244e-03       3.071183077545e+03 
       1.347653083526e-03       3.103302380879e+03 
       1.363258170765e-03       3.135726338731e+03 
       1.379043956398e-03       3.168457130358e+03 
       1.395012532813e-03       3.201496922061e+03 
       1.411166016629e-03       3.234847884988e+03 
       1.427506548972e-03       3.268512140216e+03 
       1.444036295761e-03       3.302491859244e+03 
       1.460757447998e-03       3.336789153343e+03 
       1.477672222051e-03       3.371406141395e+03 
       1.494782859958e-03       3.406344946801e+03 
       1.512091629713e-03       3.441607634255e+03 
       1.529600825576e-03       3.477196274009e+03 
       1.547312768372e-03       3.513109681742e+03 
       1.565229805799e-03       3.549353131063e+03 
       1.583354312741e-03       3.585928610699e+03 
       1.601688691583e-03       3.622838135304e+03 
       1.620235372526e-03       3.660083688786e+03 
       1.638996813912e-03       3.697667246450e+03 
       1.657975502551e-03       3.735590749146e+03 
       1.677173954047e-03       3.773856143064e+03 
       1.696594713134e-03       3.812465285781e+03 
       1.716240354012e-03       3.851420063826e+03 
       1.736113480690e-03       3.890722345212e+03 
       1.756216727330e-03       3.930373934199e+03 
       1.776552758595e-03       3.970376595938e+03 
       1.797124270003e-03       4.010732161691e+03 
       1.817933988287e-03       4.051442309219e+03 
       1.838984671752e-03       4.092508788836e+03 
       1.860279110643e-03       4.133933203566e+03 
       1.881820127515e-03       4.175717263199e+03 
       1.903610577607e-03       4.217862490567e+03 
       1.925653349219e-03       4.260370509015e+03 
       1.947951364097e-03       4.303242813757e+03 
       1.970507577818e-03       4.346480899459e+03 
       1.993324980184e-03       4.390086195484e+03 
       2.016406595617e-03       4.434060106853e+03 
       2.039755483561e-03       4.478403988709e+03 
       2.063374738884e-03       4.523119168525e+03 
       2.087267492294e-03       4.568206851007e+03 
       2.111436910749e-03       4.613668327008e+03 
       2.135886197880e-03       4.659504757763e+03 
       2.160618594412e-03       4.705717143397e+03 
       2.185637378599e-03       4.752306686910e+03 
       2.210945866654e-03       4.799274356920e+03 
       2.236547413188e-03       4.846621076468e+03 
       2.262445411659e-03       4.894347710179e+03 
       2.288643294819e-03       4.942455215847e+03 
       2.315144535168e-03       4.990944306421e+03 
       2.341952645418e-03       5.039815697740e+03 
       2.369071178955e-03       5.089070032445e+03 
       2.396503730310e-03       5.138707926110e+03 
       2.424253935639e-03       5.188729855437e+03 
       2.452325473201e-03       5.239136339790e+03 
       2.480722063848e-03       5.289927726541e+03 
       2.509447471518e-03       5.341104398752e+03 
       2.538505503732e-03       5.392666382519e+03 
       2.567900012101e-03       5.444614158759e+03 
       2.597634892835e-03       5.496947607497e+03 
       2.627714087261e-03       5.549666818643e+03 
       2.658141582342e-03       5.602771746795e+03 
       2.688921411211e-03       5.656262198973e+03 
       2.720057653701e-03       5.710137959215e+03 
       2.751554436886e-03       5.764398668269e+03 
       2.783415935632e-03       5.819043936078e+03 
       2.815646373145e-03       5.874073222335e+03 
       2.848250021534e-03       5.929486034487e+03 
       2.881231202380e-03       5.985281555272e+03 
       2.914594287300e-03       6.041459378400e+03 
       2.948343698536e-03       6.098017762562e+03 
       2.982483909535e-03       6.154956427803e+03 
       3.017019445547e-03       6.212274046735e+03 
       3.051954884218e-03       6.269969408231e+03 
       3.087294856203e-03       6.328041410269e+03 
       3.123044045777e-03       6.386488466084e+03 
       3.159207191457e-03       6.445309037881e+03 
       3.195789086628e-03       6.504501431190e+03 
       3.232794580180e-03       6.564063843896e+03 
       3.270228577153e-03       6.623994438148e+03 
       3.308096039382e-03       6.684291304063e+03 
       3.346401986157e-03       6.744952254226e+03 
       3.385151494891e-03       6.805975061515e+03 
       3.424349701789e-03       6.867357210944e+03 
       3.464001802531e-03       6.929096208781e+03 
       3.504113052959e-03       6.991189354069e+03 
       3.544688769778e-03       7.053633709879e+03 
       3.585734331253e-03       7.116426928729e+03 
       3.627255177930e-03       7.179565662416e+03 
       3.669256813352e-03       7.243046535350e+03 
       3.711744804790e-03       7.306865980287e+03 
       3.754724783981e-03       7.371020668794e+03 
       3.798202447876e-03       7.435506954244e+03 
       3.842183559391e-03       7.500321215413e+03 
       3.886673948175e-03       7.565460010987e+03 
       3.931679511381e-03       7.630917231690e+03 
       3.977206214448e-03       7.696690472991e+03 
       4.023260091890e-03       7.762774419659e+03 
       4.069847248100e-03       7.829164871012e+03 
       4.116973858154e-03       7.895856897405e+03 
       4.164646168633e-03       7.962845739642e+03 
       4.212870498452e-03       8.030125759157e+03 
       4.261653239692e-03       8.097691621749e+03 
       4.311000858452e-03       8.165539028644e+03 
       4.360919895707e-03       8.233660953478e+03 
       4.411416968170e-03       8.302051905335e+03 
       4.462498769175e-03       8.370705038124e+03 
       4.514172069557e-03       8.439617602145e+03 
       4.566443718558e-03       8.508779441572e+03 
       4.619320644727e-03       8.578184826053e+03 
       4.672809856845e-03       8.647827154780e+03 
       4.726918444847e-03       8.717699806952e+03 
       4.781653580770e-03       8.787795795733e+03 
       4.837022519695e-03       8.858106142789e+03 
       4.893032600716e-03       8.928625098514e+03 
       4.949691247908e-03       8.999343785123e+03 
       5.007005971314e-03       9.070254302245e+03 
       5.064984367938e-03       9.141349492666e+03 
       5.123634122753e-03       9.212618347750e+03 
       5.182963009722e-03       9.284054272147e+03 
       5.242978892824e-03       9.355646763846e+03 
       5.303689727099e-03       9.427387818557e+03 
       5.365103559703e-03       9.499267758528e+03 
       5.427228530972e-03       9.571285675351e+03 
       5.490072875504e-03       9.643414013376e+03 
       5.553644923250e-03       9.715652172364e+03 
       5.617953100614e-03       9.787989013216e+03 
       5.683005931577e-03       9.860414672899e+03 
       5.748812038820e-03       9.932918765831e+03 
       5.815380144873e-03       1.000548764944e+04 
       5.882719073264e-03       1.007811252542e+04 
       5.950837749697e-03       1.015077910452e+04 
       6.019745203227e-03       1.022348079951e+04 
       6.089450567464e-03       1.029620511650e+04 
       6.159963081778e-03       1.036894873121e+04 
       6.231292092526e-03       1.044168366794e+04 
       6.303447054292e-03       1.051439812481e+04 
       6.376437531137e-03       1.058706762995e+04 
       6.450273197870e-03       1.065968281494e+04 
       6.524963841328e-03       1.073219751609e+04 
       6.600519361676e-03       1.080472438629e+04 
       6.676949773717e-03       1.087712701754e+04 
       6.754265208217e-03       1.094943510684e+04 
       6.832475913255e-03       1.102162698578e+04 
       6.911592255574e-03       1.109368458578e+04 
       6.991624721961e-03       1.116554743276e+04 
       7.072583920631e-03       1.123724191931e+04 
       7.154480582639e-03       1.130880174346e+04 
       7.237325563299e-03       1.138017248810e+04 
       7.321129843623e-03       1.145132282664e+04 
       7.405904531778e-03       1.152225026170e+04 
       7.491660864557e-03       1.159293218352e+04 
       7.578410208869e-03       1.166335092763e+04 
       7.666164063245e-03       1.173348859071e+04 
       7.754934059365e-03       1.180332860747e+04 
       7.844731963594e-03       1.187285381362e+04 
       7.935569678547e-03       1.194203831922e+04 
       8.027459244666e-03       1.201087011889e+04 
       8.120412841813e-03       1.207933010568e+04 
       8.214442790886e-03       1.214738803531e+04 
       8.309561555454e-03       1.221503489206e+04 
       8.405781743405e-03       1.228224841129e+04 
       8.503116108622e-03       1.234900833790e+04 
       8.601577552668e-03       1.241529477293e+04 
       8.701179126502e-03       1.248108719905e+04 
       8.801934032205e-03       1.254635597785e+04 
       8.903855624729e-03       1.261108771750e+04 
       9.006957413672e-03       1.267526002848e+04 
       9.111253065065e-03       1.273884996117e+04 
       9.216756403182e-03       1.280183249514e+04 
       9.323481412377e-03       1.286418757665e+04 
       9.431442238935e-03       1.292589479113e+04 
       9.540653192946e-03       1.298691989211e+04 
       9.651128750203e-03       1.304724584507e+04 
       9.762883554122e-03       1.310686051499e+04 
       9.875932417682e-03       1.316571321047e+04 
       9.990290325386e-03       1.322380493876e+04 
       1.010597243525e-02       1.328108706983e+04 
       1.022299408082e-02       1.333755265174e+04 
       1.034137077318e-02       1.339317660149e+04 
       1.046111820303e-02       1.344791863455e+04 
       1.058225224277e-02       1.350177745055e+04 
       1.070478894858e-02       1.355470116743e+04 
       1.082874456257e-02       1.360667999164e+04 
       1.095413551493e-02       1.365767014800e+04 
       1.108097842608e-02       1.370766203301e+04 
       1.120929010892e-02       1.375662981808e+04 
       1.133908757102e-02       1.380452629547e+04 
       1.147038801690e-02       1.385134588371e+04 
       1.160320885028e-02       1.389705386204e+04 
       1.173756767643e-02       1.394161625309e+04 
       1.187348230446e-02       1.398500907571e+04 
       1.201097074971e-02       1.402720149470e+04 
       1.215005123613e-02       1.406816605203e+04 
       1.229074219867e-02       1.410788504382e+04 
       1.243306228578e-02       1.414631946109e+04 
       1.257703036183e-02       1.418344437810e+04 
       1.272266550963e-02       1.421923045255e+04 
       1.286998703296e-02       1.425365088055e+04 
       1.301901445914e-02       1.428668036082e+04 
       1.316976754158e-02       1.431827443836e+04 
       1.332226626244e-02       1.434841780644e+04 
       1.347653083526e-02       1.437708632024e+04 
       1.363258170765e-02       1.440422964611e+04 
       1.379043956398e-02       1.442984760961e+04 
       1.395012532814e-02       1.445389211292e+04 
       1.411166016630e-02       1.447634875008e+04 
       1.427506548973e-02       1.449716363532e+04 
       1.444036295763e-02       1.451634781499e+04 
       1.460757448001e-02       1.453384587849e+04 
       1.477672222056e-02       1.454964333703e+04 
       1.494782859966e-02       1.456370265532e+04 
       1.512091629725e-02       1.457600300649e+04 
       1.529600825595e-02       1.458651645805e+04 
       1.547312768400e-02       1.459521331750e+04 
       1.565229805841e-02       1.460207165064e+04 
       1.583354312805e-02       1.460707791620e+04 
       1.601688691679e-02       1.461019929704e+04 
       1.620235372669e-02       1.461139010580e+04 
       1.638996814125e-02       1.461066076870e+04 
       1.657975502865e-02       1.460796584017e+04 
       1.677173954507e-02       1.460330689544e+04 
       1.696594713806e-02       1.459664834338e+04 
       1.716240354990e-02       1.458793476948e+04 
       1.736113482106e-02       1.457721991994e+04 
       1.756216729368e-02       1.456442818635e+04 
       1.776552761516e-02       1.454955898159e+04 
       1.797124274169e-02       1.453259996440e+04 
       1.817933994200e-02       1.451352683262e+04 
       1.838984680106e-02       1.449232037110e+04 
       1.860279122392e-02       1.446899578022e+04 
       1.881820143962e-02       1.444351471474e+04 
       1.903610600525e-02       1.441588497450e+04 
       1.925653381010e-02       1.438606853185e+04 
       1.947951408001e-02       1.435407629289e+04 
       1.970507638184e-02       1.431989670602e+04 
       1.993325062822e-02       1.428354454630e+04 
       2.016406708257e-02       1.424496151166e+04 
       2.039755636437e-02       1.420420359409e+04 
       2.063374945495e-02       1.416128471920e+04 
       2.087267770358e-02       1.411613133190e+04 
       2.111437283430e-02       1.406880913997e+04 
       2.135886695327e-02       1.401927018837e+04 
       2.160619255707e-02       1.396757684138e+04 
       2.185638254187e-02       1.391374470108e+04 
       2.210947021381e-02       1.385773323461e+04 
       2.236548930075e-02       1.379958204120e+04 
       2.262447396566e-02       1.373928085241e+04 
       2.288645882187e-02       1.367689213964e+04 
       2.315147895067e-02       1.361242558451e+04 
       2.341956992144e-02       1.354563634768e+04 
       2.369076781491e-02       1.347718198488e+04 
       2.396510924993e-02       1.340664360266e+04 
       2.424263141436e-02       1.333410574334e+04 
       2.452337210060e-02       1.325958328313e+04 
       2.480736974653e-02       1.318313497458e+04 
       2.509466348251e-02       1.310482783149e+04 
       2.538529318533e-02       1.302465017908e+04 
       2.567929953991e-02       1.294276656975e+04 
       2.597672410973e-02       1.285881737995e+04 
       2.627760941703e-02       1.277346592893e+04 
       2.658199903386e-02       1.268647881874e+04 
       2.688993768511e-02       1.259783252249e+04 
       2.720147136480e-02       1.250764725006e+04 
       2.751664746686e-02       1.241598844026e+04 
       2.783551493174e-02       1.232290353008e+04 
       2.815812441034e-02       1.222833132458e+04 
       2.848452844651e-02       1.213258146205e+04 
       2.881478167978e-02       1.203566553776e+04 
       2.914894106972e-02       1.193755839402e+04 
       2.948706614338e-02       1.183818658441e+04 
       2.982921926763e-02       1.173804129366e+04 
       3.017546594758e-02       1.163668992127e+04 
       3.052587515293e-02       1.153470653663e+04 
       3.088051967380e-02       1.143158803362e+04 
       3.123947650744e-02       1.132788594401e+04 
       3.160282727771e-02       1.122347890152e+04 
       3.197065868869e-02       1.111869057777e+04 
       3.234306301432e-02       1.101336472471e+04 
       3.272013862567e-02       1.090731645623e+04 
       3.310199055764e-02       1.080129936573e+04 
       3.348873111705e-02       1.069460691681e+04 
       3.388048053413e-02       1.058807620819e+04 
       3.427736765950e-02       1.048135372870e+04 
       3.467953070921e-02       1.037451182646e+04 
       3.508711806034e-02       1.026759242703e+04 
       3.550028910018e-02       1.016097228509e+04 
       3.591921513217e-02       1.005471192550e+04 
       3.634408034246e-02       9.948525629418e+03 
       3.677508283113e-02       9.842786602637e+03 
       3.721243571278e-02       9.737344150136e+03 
       3.765636829193e-02       9.632292621122e+03 
       3.810712731901e-02       9.527837276827e+03 
       3.856497833388e-02       9.424024317224e+03 
       3.903020710429e-02       9.320882371581e+03 
       3.950312116795e-02       9.218534198365e+03 
       3.998405148750e-02       9.116839671928e+03 
       4.047335422912e-02       9.016058741925e+03 
       4.097141267634e-02       8.916283775463e+03 
       4.147863929227e-02       8.817314383874e+03 
       4.199547794431e-02       8.719432789179e+03 
       4.252240630729e-02       8.622712615429e+03 
       4.305993846218e-02       8.526913793383e+03 
       4.360862770912e-02       8.432111406566e+03 
       4.416906961529e-02       8.338667049166e+03 
       4.474190531939e-02       8.246250007428e+03 
       4.532782511658e-02       8.155105246041e+03 
       4.592757234887e-02       8.065154545781e+03 
       4.654194762760e-02       7.976635939525e+03 
       4.717181341582e-02       7.888920896871e+03 
       4.781809899917e-02       7.802637122113e+03 
       4.848180587457e-02       7.717518077753e+03 
       4.916401358534e-02       7.633488742504e+03 
       4.986588603081e-02       7.550562894780e+03 
       5.058867827548e-02       7.468654475489e+03 
       5.133374387947e-02       7.387780545871e+03 
       5.210254276535e-02       7.307429293037e+03 
       5.289664962816e-02       7.227616578705e+03 
       5.371776288292e-02       7.148806738571e+03 
       5.456771412769e-02       7.070070831295e+03 
       5.544847807838e-02       6.991119663616e+03 
       5.636218290346e-02       6.911600192821e+03 
       5.731112085087e-02       6.831499572341e+03 
       5.829775901472e-02       6.750138038727e+03 
       5.932475003437e-02       6.666958717584e+03 
       6.039494245227e-02       6.581595171239e+03 
       6.151139037933e-02       6.492995834682e+03 
       6.267736202676e-02       6.400529958959e+03 
       6.389634656446e-02       6.303275612504e+03 
       6.517205866051e-02       6.200525231427e+03 
       6.650843995071e-02       6.091095540419e+03 
       6.790965659138e-02       5.974020740617e+03 
       6.938009197686e-02       5.848514970186e+03 
       7.092433367330e-02       5.713570451708e+03 
       7.254715365624e-02       5.568515412371e+03 
       7.425348106759e-02       5.412966855559e+03 
       7.604836695425e-02       5.246798582356e+03 
       7.793694083860e-02       5.070727588031e+03 
       7.992435951289e-02       4.885450818606e+03 
       8.201574913603e-02       4.693020990986e+03 
       8.421614250857e-02       4.495700833572e+03 
       8.653041423961e-02       4.296697570405e+03 
       8.896321729584e-02       4.099595228470e+03 
       9.151892500928e-02       3.908393629587e+03 
       9.420158288156e-02       3.727081413978e+03 
       9.701487434791e-02       3.559171648616e+03 
       9.996210399425e-02       3.407314744170e+03 
       1.030462005799e-01       3.272904440158e+03 
       1.062697407189e-01       3.155724478767e+03 
       1.096349924057e-01       3.053645199332e+03 
       1.131439759727e-01       2.962812566004e+03 
       1.167985387522e-01       2.877643579654e+03 
       1.206004388698e-01       2.792081819049e+03 
       1.245514332724e-01       2.699970542476e+03 
       1.286533652963e-01       2.596865637471e+03 
       1.329082476834e-01       2.480729992288e+03 
       1.373183378145e-01       2.353277126529e+03 
       1.418862028822e-01       2.219334063381e+03 
       1.466147736253e-01       2.086146441456e+03 
       1.515073859929e-01       1.961355832457e+03 
       1.565678106386e-01       1.851206805850e+03 
       1.618002704506e-01       1.758956126353e+03 
       1.672094464149e-01       1.684092049681e+03 
       1.728004720188e-01       1.622245822790e+03 
       1.785789161733e-01       1.566788373967e+03 
       1.845507543087e-01       1.510473122734e+03 
       1.907223269156e-01       1.447947901374e+03 
       1.971002844077e-01       1.377339086843e+03 
       2.036915168047e-01       1.301766034438e+03 
       2.105030664159e-01       1.227572539584e+03 
       2.175420214942e-01       1.160813145165e+03 
       2.248153887797e-01       1.104363544358e+03 
       2.323299430209e-01       1.057442987869e+03 
       2.400920520385e-01       1.016526051459e+03 
       2.481074767468e-01       9.765253355663e+02 
       2.563811468630e-01       9.338216346510e+02 
       2.649169148741e-01       8.885543252315e+02 
       2.737172932040e-01       8.437743797927e+02 
       2.827831823950e-01       8.030021029424e+02 
       2.921136013230e-01       7.679351560704e+02 
       3.017054337159e-01       7.371619193903e+02 
       3.115532081205e-01       7.078396854870e+02 
       3.216489303982e-01       6.783279234591e+02 
       3.319819882128e-01       6.488082423272e+02 
       3.425391452490e-01       6.209431605382e+02 
       3.533046386975e-01       5.958749659424e+02 
       3.642603868880e-01       5.733101630482e+02 
       3.753863053255e-01       5.521838582096e+02 
       3.866607197700e-01       5.316832954663e+02 
       3.980608557442e-01       5.120551495505e+02 
       4.095633764048e-01       4.937452316016e+02 
       4.211449362959e-01       4.769557889543e+02 
       4.327827178243e-01       4.613958971898e+02 
       4.444549203609e-01       4.467810814350e+02 
       4.561411780096e-01       4.329456138566e+02 
       4.678228901581e-01       4.198990514029e+02 
       4.794834575799e-01       4.077288061968e+02 
       4.911084248869e-01       3.964065676763e+02 
       5.026855366420e-01       3.858140672128e+02 
       5.142047189606e-01       3.758026185398e+02 
       5.256580009123e-01       3.663543878754e+02 
       5.370393907073e-01       3.574448089309e+02 
       5.483447209373e-01       3.490749819007e+02 
       5.595714755139e-01       3.411811093988e+02 
       5.707186088159e-01       3.337081616999e+02 
       5.817863652982e-01       3.266168907066e+02 
       5.927761056438e-01       3.198802437563e+02 
       6.036901436266e-01       3.134828737548e+02 
       6.145315962535e-01       3.073917785268e+02 
       6.253042484904e-01       3.015951699608e+02 
       6.360124329280e-01       2.960532136337e+02 
       6.466609240624e-01       2.907511503386e+02 
       6.572548464112e-01       2.856715748338e+02 
       6.677995954100e-01       2.807955998849e+02 
       6.783007698848e-01       2.761159004903e+02 
       6.887641148525e-01       2.716104595725e+02 
       6.991954734136e-01       2.672720641731e+02 
       7.096007465672e-01       2.630851894564e+02 
       7.199858598622e-01       2.590386741421e+02 
       7.303567359005e-01       2.551266641843e+02 
       7.407192718132e-01       2.513353883507e+02 
       7.510793209349e-01       2.476616053946e+02 
       7.614426779981e-01       2.440939068264e+02 
       7.718150672638e-01       2.406262485410e+02 
       7.822021330867e-01       2.372537931108e+02 
       7.926094324873e-01       2.339673713784e+02 
       8.030424293690e-01       2.307654812037e+02 
       8.135064900799e-01       2.276398320018e+02 
       8.240068800631e-01       2.245876557042e+02 
       8.345487613911e-01       2.216046312128e+02 
       8.451371910094e-01       2.186851059745e+02 
       8.557771195550e-01       2.158281456409e+02 
       8.664733906356e-01       2.130275179193e+02 
       8.772307404855e-01       2.102824850911e+02 
       8.880537979290e-01       2.075888262800e+02 
       8.989470846019e-01       2.049440301268e+02 
       9.099150153941e-01       2.023464458286e+02 
       9.209618990883e-01       1.997922000035e+02 
       9.320919391786e-01       1.972811243437e+02 
       9.433092348611e-01       1.948092521767e+02 
       9.546177821921e-01       1.923764541355e+02 
       9.660214754160e-01       1.899798701660e+02 
       9.775241084674e-01       1.876184240514e+02 
       9.891293766502e-01       1.852903664546e+02 
       1.000840878503e+00       1.829944656943e+02 
       1.012662117855e+00       1.807298088131e+02 
       1.024596506074e+00       1.784944852320e+02 
       1.036647364520e+00       1.762882851137e+02 
       1.048817927186e+00       1.741092087112e+02 
       1.061111343553e+00       1.719573031742e+02 
       1.073530681620e+00       1.698307435809e+02 
       1.086078931137e+00       1.677298050856e+02 
       1.098759007002e+00       1.656525052478e+02 
       1.111573752827e+00       1.635992939654e+02 
       1.124525944654e+00       1.615685609200e+02 
       1.137618294794e+00       1.595605481218e+02 
       1.150853455785e+00       1.575739544024e+02 
       1.164234024427e+00       1.556088890694e+02 
       1.177762545899e+00       1.536642694859e+02 
       1.191441517898e+00       1.517401262604e+02 
       1.205273394814e+00       1.498356787857e+02 
       1.219260591885e+00       1.479507022976e+02 
       1.233405489332e+00       1.460846269994e+02 
       1.247710436433e+00       1.442373108251e+02 
       1.262177755530e+00       1.424085215268e+02 
       1.276809745936e+00       1.405975660239e+02 
       1.291608687737e+00       1.388045321445e+02 
       1.306576845462e+00       1.370288298036e+02 
       1.321716471613e+00       1.352703784494e+02 
       1.337029810040e+00       1.335289352931e+02 
       1.352519099166e+00       1.318041011454e+02 
       1.368186575026e+00       1.300958903661e+02 
       1.384034474155e+00       1.284038951157e+02 
       1.400065036286e+00       1.267280439925e+02 
       1.416280506884e+00       1.250681101005e+02 
       1.432683139505e+00       1.234237682970e+02 
       1.449275197985e+00       1.217950310036e+02 
       1.466058958476e+00       1.201816959691e+02 
       1.483036711311e+00       1.185835066912e+02 
       1.500210762731e+00       1.170003985751e+02 
       1.517583436470e+00       1.154322351644e+02 
       1.535157075200e+00       1.138787986809e+02 
       1.552934041864e+00       1.123399943267e+02 
       1.570916720891e+00       1.108157383640e+02 
       1.589107519300e+00       1.093058383585e+02 
       1.607508867721e+00       1.078101831705e+02 
       1.626123221325e+00       1.063287057600e+02 
       1.644953060671e+00       1.048613513152e+02 
       1.664000892500e+00       1.034078381906e+02 
       1.683269250448e+00       1.019681594206e+02 
       1.702760695727e+00       1.005422268901e+02 
       1.722477817741e+00       9.912993718791e+01 
       1.742423234677e+00       9.773117936453e+01 
       1.762599594051e+00       9.634586869574e+01 
       1.783009573231e+00       9.497389296142e+01 
       1.803655879934e+00       9.361524877690e+01 
       1.824541252701e+00       9.226986545448e+01 
       1.845668461362e+00       9.093747741647e+01 
       1.867040307477e+00       8.961823689529e+01 
       1.888659624775e+00       8.831196554951e+01 
       1.910529279585e+00       8.701860691406e+01 
       1.932652171256e+00       8.573809051155e+01 
       1.955031232575e+00       8.447035192067e+01 
       1.977669430187e+00       8.321531771158e+01 
       2.000569765008e+00       8.197293638594e+01 
       2.023735272640e+00       8.074313208824e+01 
       2.047169023786e+00       7.952585808561e+01 
       2.070874124671e+00       7.832104678261e+01 
       2.094853717461e+00       7.712865809790e+01 
       2.119110980683e+00       7.594862676120e+01 
       2.143649129654e+00       7.478088284999e+01 
       2.168471416912e+00       7.362539208189e+01 
       2.193581132648e+00       7.248209739451e+01 
       2.218981605144e+00       7.135093502748e+01 
       2.244676201218e+00       7.023188165904e+01 
       2.270668326669e+00       6.912487379366e+01 
       2.296961426732e+00       6.802986547332e+01 
       2.323558986534e+00       6.694680625373e+01 
       2.350464531556e+00       6.587564711613e+01 
       2.377681628100e+00       6.481634476542e+01 
       2.405213883764e+00       6.376885122403e+01 
       2.433064947922e+00       6.273312137876e+01 
       2.461238512201e+00       6.170910841868e+01 
       2.489738310978e+00       6.069676766150e+01 
       2.518568121871e+00       5.969605394108e+01 
       2.547731766239e+00       5.870692248295e+01 
       2.577233109694e+00       5.772932788584e+01 
       2.607076062605e+00       5.676322453825e+01 
       2.637264580624e+00       5.580856786506e+01 
       2.667802665207e+00       5.486531145942e+01 
       2.698694364143e+00       5.393341066775e+01 
       2.729943772094e+00       5.301281896376e+01 
       2.761555031136e+00       5.210349038592e+01 
       2.793532331305e+00       5.120537952576e+01 
       2.825879911159e+00       5.031843534702e+01 
       2.858602058334e+00       4.944261071809e+01 
       2.891703110116e+00       4.857786082550e+01 
       2.925187454012e+00       4.772413404064e+01 
       2.959059528338e+00       4.688138135956e+01 
       2.993323822799e+00       4.604955189696e+01 
       3.027984879090e+00       4.522859433082e+01 
       3.063047291497e+00       4.441845668461e+01 
       3.098515707505e+00       4.361908542966e+01 
       3.134394828413e+00       4.283042685482e+01 
       3.170689409961e+00       4.205242570602e+01 
       3.207404262956e+00       4.128502577897e+01 
       3.244544253912e+00       4.052817011736e+01 
       3.282114305695e+00       3.978180022689e+01 
       3.320119398173e+00       3.904585677162e+01 
       3.358564568882e+00       3.832027907484e+01 
       3.397454913686e+00       3.760500571525e+01 
       3.436795587459e+00       3.689997282651e+01 
       3.476591804765e+00       3.620511696210e+01 
       3.516848840548e+00       3.552037241859e+01 
       3.557572030836e+00       3.484567252106e+01 
       3.598766773444e+00       3.418094927710e+01 
       3.640438528689e+00       3.352613351621e+01 
       3.682592820118e+00       3.288115478429e+01 
       3.725235235236e+00       3.224594133552e+01 
       3.768371426250e+00       3.162042020129e+01 
       3.812007110814e+00       3.100451719116e+01 
       3.856148072793e+00       3.039815694416e+01 
       3.900800163021e+00       2.980126275718e+01 
       3.945969300086e+00       2.921375690488e+01 
       3.991661471107e+00       2.863556043712e+01 
       4.037882732533e+00       2.806659331603e+01 
       4.084639210941e+00       2.750677437255e+01 
       4.131937103852e+00       2.695602139774e+01 
       4.179782680551e+00       2.641425115391e+01 
       4.228182282917e+00       2.588137938629e+01 
       4.277142326264e+00       2.535732094602e+01 
       4.326669300194e+00       2.484198972215e+01 
       4.376769769454e+00       2.433529877183e+01 
       4.427450374805e+00       2.383716031937e+01 
       4.478717833908e+00       2.334748582405e+01 
       4.530578942209e+00       2.286618600750e+01 
       4.583040573841e+00       2.239317091696e+01 
       4.636109682537e+00       2.192834997042e+01 
       4.689793302550e+00       2.147163200630e+01 
       4.744098549585e+00       2.102292532864e+01 
       4.799032621744e+00       2.058213776059e+01 
       4.854602800480e+00       2.014917669532e+01 
       4.910816451558e+00       1.972394914480e+01 
       4.967681026037e+00       1.930636178954e+01 
       5.025204061256e+00       1.889632102847e+01 
       5.083393181830e+00       1.849373302765e+01 
       5.142256100664e+00       1.809850376926e+01 
       5.201800619975e+00       1.771053909910e+01 
       5.262034632323e+00       1.732974477411e+01 
       5.322966121662e+00       1.695602650862e+01 
       5.384603164394e+00       1.658929001990e+01 
       5.446953930444e+00       1.622944107275e+01 
       5.510026684338e+00       1.587638552315e+01 
       5.573829786300e+00       1.553002936086e+01 
       5.638371693363e+00       1.519027875087e+01 
       5.703660960486e+00       1.485704007389e+01 
       5.769706241692e+00       1.453021996559e+01 
       5.836516291211e+00       1.420972535477e+01 
       5.904099964642e+00       1.389546350028e+01 
       5.972466220129e+00       1.358734202684e+01 
       6.041624119543e+00       1.328526895958e+01 
       6.111582829691e+00       1.298915275747e+01 
       6.182351623523e+00       1.269890234545e+01 
       6.253939881366e+00       1.241442714547e+01 
       6.326357092167e+00       1.213563710619e+01 
       6.399612854747e+00       1.186244273162e+01 
       6.473716879080e+00       1.159475510848e+01 
       6.548678987573e+00       1.133248593243e+01 
       6.624509116372e+00       1.107554753307e+01 
       6.701217316679e+00       1.082385289787e+01 
       6.778813756083e+00       1.057731569484e+01 
       6.857308719908e+00       1.033585029419e+01 
       6.936712612577e+00       1.009937178877e+01 
       7.017035958988e+00       9.867796013457e+00 
       7.098289405915e+00       9.641039563470e+00 
       7.180483723414e+00       9.419019811587e+00 
       7.263629806254e+00       9.201654924334e+00 
       7.347738675356e+00       8.988863877140e+00 
       7.432821479261e+00       8.780566468489e+00 
       7.518889495602e+00       8.576683333083e+00 
       7.605954132602e+00       8.377135954034e+00 
       7.694026930583e+00       8.181846674123e+00 
       7.783119563500e+00       7.990738706125e+00 
       7.873243840485e+00       7.803736142238e+00 
       7.964411707413e+00       7.620763962636e+00 
       8.056635248486e+00       7.441748043165e+00 
       8.149926687834e+00       7.266615162200e+00 
       8.244298391138e+00       7.095293006706e+00 
       8.339762867263e+00       6.927710177498e+00 
       8.436332769923e+00       6.763796193744e+00 
       8.534020899353e+00       6.603481496730e+00 
       8.632840204010e+00       6.446697452903e+00 
       8.732803782286e+00       6.293376356219e+00 
       8.833924884243e+00       6.143451429824e+00 
       8.936216913376e+00       5.996856827082e+00 
       9.039693428381e+00       5.853527631979e+00 
       9.144368144958e+00       5.713399858923e+00 
       9.250254937628e+00       5.576410451963e+00 
       9.357367841571e+00       5.442497283446e+00 
       9.465721054486e+00       5.311599152144e+00 
       9.575328938473e+00       5.183655780854e+00 
       9.686206021940e+00       5.058607813512e+00 
       9.798367001523e+00       4.936396811833e+00 
       9.911826744038e+00       4.816965251490e+00 
       1.002660028845e+01       4.700256517870e+00 
       1.014270284788e+01       4.586214901412e+00 
       1.026014981157e+01       4.474785592550e+00 
       1.037895674702e+01       4.365914676285e+00 
       1.049913940193e+01       4.259549126403e+00 
       1.062071370641e+01       4.155636799351e+00 
       1.074369577498e+01       4.054126427796e+00 
       1.086810190879e+01       3.954967613887e+00 
       1.099394859773e+01       3.858110822225e+00 
       1.112125252265e+01       3.763507372572e+00 
       1.125003055755e+01       3.671109432305e+00 
       1.138029977182e+01       3.580870008635e+00 
       1.151207743249e+01       3.492742940609e+00 
       1.164538100655e+01       3.406682890905e+00 
       1.178022816326e+01       3.322645337435e+00 
       1.191663677645e+01       3.240586564779e+00 
       1.205462492693e+01       3.160463655443e+00 
       1.219421090489e+01       3.082234480988e+00 
       1.233541321230e+01       3.005857693003e+00 
       1.247825056537e+01       2.931292713967e+00 
       1.262274189704e+01       2.858499727996e+00 
       1.276890635947e+01       2.787439671490e+00 
       1.291676332661e+01       2.718074223689e+00 
       1.306633239673e+01       2.650365797157e+00 
       1.321763339506e+01       2.584277528195e+00 
       1.337068637639e+01       2.519773267196e+00 
       1.352551162771e+01       2.456817568954e+00 
       1.368212967094e+01       2.395375682933e+00 
       1.384056126564e+01       2.335413543514e+00 
       1.400082741175e+01       2.276897760206e+00 
       1.416294935237e+01       2.219795607863e+00 
       1.432694857658e+01       2.164075016881e+00 
       1.449284682230e+01       2.109704563403e+00 
       1.466066607918e+01       2.056653459541e+00 
       1.483042859146e+01       2.004891543601e+00 
       1.500215686099e+01       1.954389270344e+00 
       1.517587365016e+01       1.905117701267e+00 
       1.535160198495e+01       1.857048494924e+00 
       1.552936515795e+01       1.810153897289e+00 
       1.570918673148e+01       1.764406732163e+00 
       1.589109054070e+01       1.719780391629e+00 
       1.607510069675e+01       1.676248826571e+00 
       1.626124159000e+01       1.633786537248e+00 
       1.644953789320e+01       1.592368563929e+00 
       1.664001456483e+01       1.551970477608e+00 
       1.683269685236e+01       1.512568370779e+00 
       1.702761029564e+01       1.474138848296e+00 
       1.722478073021e+01       1.436659018307e+00 
       1.742423429081e+01       1.400106483272e+00 
       1.762599741480e+01       1.364459331063e+00 
       1.783009684565e+01       1.329696126159e+00 
       1.803655963652e+01       1.295795900922e+00 
       1.824541315384e+01       1.262738146974e+00 
       1.845668508090e+01       1.230502806657e+00 
       1.867040342159e+01       1.199070264603e+00 
       1.888659650402e+01       1.168421339392e+00 
       1.910529298437e+01       1.138537275309e+00 
       1.932652185060e+01       1.109399734214e+00 
       1.955031242637e+01       1.080990787494e+00 
       1.977669437488e+01       1.053292908140e+00 
       2.000569770281e+01       1.026288962910e+00 
       2.023735276429e+01       9.999622046077e-01 
       2.047169026497e+01       9.742962644635e-01 
       2.070874126602e+01       9.492751446211e-01 
       2.094853718828e+01       9.248832107314e-01 
       2.119110981647e+01       9.011051846535e-01 
       2.143649130330e+01       8.779261372632e-01 
       2.168471417384e+01       8.553314813674e-01 
       2.193581132976e+01       8.333069647282e-01 
       2.218981605371e+01       8.118386631921e-01 
       2.244676201374e+01       7.909129739279e-01 
       2.270668326776e+01       7.705166087707e-01 
       2.296961426805e+01       7.506365876737e-01 
       2.323558986583e+01       7.312602322650e-01 
       2.350464531589e+01       7.123751595110e-01 
       2.377681628122e+01       6.939692754855e-01 
       2.405213883779e+01       6.760307692431e-01 
       2.433064947932e+01       6.585481067971e-01 
       2.461238512208e+01       6.415100252004e-01 
       2.489738310982e+01       6.249055267305e-01 
       2.518568121874e+01       6.087238731749e-01 
       2.547731766241e+01       5.929545802189e-01 
       2.577233109695e+01       5.775874119336e-01 
       2.607076062606e+01       5.626123753628e-01 
       2.637264580625e+01       5.480197152090e-01 
       2.667802665207e+01       5.337999086169e-01 
       2.698694364144e+01       5.199436600532e-01 
       2.729943772095e+01       5.064418962819e-01 
       2.761555031136e+01       4.932857614349e-01 
       2.793532331305e+01       4.804666121749e-01 
       2.825879911159e+01       4.679760129515e-01 
       2.858602058334e+01       4.558057313479e-01 
       2.891703110116e+01       4.439477335183e-01 
       2.925187454012e+01       4.323941797136e-01 
       2.959059528338e+01       4.211374198954e-01 
       2.993323822799e+01       4.101699894364e-01 
       3.027984879090e+01       3.994846049060e-01 
