Run parameters:
does_de_cluster=True
save_data=True
time_domain=True
number_of_points=50
varied_parameter=w_i
varied_par_values=[-0.5]
init_value=-0.5
final_value=-0.9
n_samples=1

Cosmological parameters:
omega_matter_now=0.3
omega_rad_now=0
hubble_constant_standard_units=67
scale_at_lss=0.0009165902841429881
a_min=1e-10
a_max=1
min_redshift=0
max_redshift=20
spectral_index=0.96
sigma8=0.85

Dark energy eos parameters:
selected_de_eos=de_eos_5
w_i=-0.4
w_f=-1
trans_steepness=-1
trans_z=0.1,0.8,2
w=-1
c_eff_value=0

Precision parameters:
virialization_scale_tol=1.0e-06
turn_around_scale_tol=1.0e-06
a_ini=1.0e-10
nonlinear_perturbations_atol=1.0e-10
nonlinear_perturbations_rtol=1.0e-08
growth_factor_atol=1.0e-10
growth_factor_rtol=1.0e-08
dark_density_evolution_atol=1.0e-10
dark_density_evolution_rtol=1.0e-08
dark_density_evolution_max_step=1.0e-03
friedmann_atol=1.0e-10
friedmann_rtol=1.0e-08
friedmann_max_stepsize=1.0e-03
exact_decimals=5.0e+00
numerical_infty=1.0e+11
normalization_integrand_atol=1.0e-08
normalization_integrand_rtol=1.0e-06
mass_variance_filtered_spectrum_atol=1.0e-06
mass_variance_filtered_spectrum_rtol=1.0e-04
log_der_of_log_sigma_atol=1.0e-06
log_der_of_log_sigma_rtol=1.0e-04

*********************************
2.000000000e-05	-2.870122230e+01
2.050442102e-05	-2.870120904e+01
2.102156407e-05	-2.870124690e+01
2.155175001e-05	-2.870127419e+01
2.209530780e-05	-2.870125809e+01
2.265257468e-05	-2.870123837e+01
2.322389643e-05	-2.870121584e+01
2.380962750e-05	-2.870121183e+01
2.441013133e-05	-2.870124319e+01
2.502578050e-05	-2.870127551e+01
2.565695699e-05	-2.870125951e+01
2.630405241e-05	-2.870124097e+01
2.696746826e-05	-2.870121882e+01
2.764761615e-05	-2.870121989e+01
2.834491809e-05	-2.870124401e+01
2.905980672e-05	-2.870127475e+01
2.979272558e-05	-2.870126631e+01
3.054412944e-05	-2.870125268e+01
3.131448448e-05	-2.870123648e+01
3.210426870e-05	-2.870120650e+01
3.291397210e-05	-2.870124888e+01
3.374409707e-05	-2.870127308e+01
3.459515866e-05	-2.870127374e+01
3.546768492e-05	-2.870125440e+01
3.636221721e-05	-2.870123695e+01
3.727931055e-05	-2.870121956e+01
3.821953395e-05	-2.870124430e+01
3.918347076e-05	-2.870127582e+01
4.017171908e-05	-2.870127689e+01
4.118489205e-05	-2.870126153e+01
4.222361832e-05	-2.870124006e+01
4.328854235e-05	-2.870122127e+01
4.438032489e-05	-2.870124136e+01
4.549964333e-05	-2.870127016e+01
4.664719215e-05	-2.870127887e+01
4.782368337e-05	-2.870125984e+01
4.902984693e-05	-2.870124073e+01
5.026643120e-05	-2.870122194e+01
5.153420343e-05	-2.870123660e+01
5.283395020e-05	-2.870126777e+01
5.416647796e-05	-2.870128269e+01
5.553261346e-05	-2.870126393e+01
5.693320434e-05	-2.870124554e+01
5.836911959e-05	-2.870122739e+01
5.984125014e-05	-2.870123592e+01
6.135050936e-05	-2.870126638e+01
6.289783369e-05	-2.870128564e+01
6.448418316e-05	-2.870126646e+01
6.611054204e-05	-2.870124750e+01
6.777791939e-05	-2.870122854e+01
6.948734976e-05	-2.870122788e+01
7.123989375e-05	-2.870126121e+01
7.303663875e-05	-2.870128885e+01
7.487869954e-05	-2.870126646e+01
7.676721905e-05	-2.870125227e+01
7.870336900e-05	-2.870122894e+01
8.068835068e-05	-2.870122730e+01
8.272339569e-05	-2.870125805e+01
8.480976668e-05	-2.870129046e+01
8.694875813e-05	-2.870127304e+01
8.914169720e-05	-2.870125474e+01
9.138994449e-05	-2.870123650e+01
9.369489495e-05	-2.870122774e+01
9.605797868e-05	-2.870126117e+01
9.848066186e-05	-2.870129462e+01
1.009644477e-04	-2.870128333e+01
1.035108771e-04	-2.870126508e+01
1.061215303e-04	-2.870124664e+01
1.087980268e-04	-2.870123241e+01
1.115420274e-04	-2.870126642e+01
1.143552345e-04	-2.870130053e+01
1.172393938e-04	-2.870129570e+01
1.201962945e-04	-2.870127775e+01
1.232277714e-04	-2.870125990e+01
1.263357053e-04	-2.870124198e+01
1.295220245e-04	-2.870127550e+01
1.327887061e-04	-2.870131069e+01
1.361377769e-04	-2.870131235e+01
1.395713147e-04	-2.870129474e+01
1.430914499e-04	-2.870127731e+01
1.467003667e-04	-2.870125941e+01
1.504003041e-04	-2.870112495e+01
1.541935579e-04	-2.869996785e+01
1.580824815e-04	-2.869994287e+01
1.620694878e-04	-2.869989050e+01
1.661570506e-04	-2.869983742e+01
1.703477061e-04	-2.869978418e+01
1.746440543e-04	-2.869976952e+01
1.790487609e-04	-2.869977101e+01
1.835645588e-04	-2.869974847e+01
1.881942499e-04	-2.869969137e+01
1.929407067e-04	-2.869963440e+01
1.978068741e-04	-2.869957453e+01
2.027957714e-04	-2.869955112e+01
2.079104939e-04	-2.869954862e+01
2.131542151e-04	-2.869953032e+01
2.185301884e-04	-2.869946784e+01
2.240417495e-04	-2.869940462e+01
2.296923179e-04	-2.869934014e+01
2.354853995e-04	-2.869930487e+01
2.414245888e-04	-2.869930080e+01
2.475135707e-04	-2.869928599e+01
2.537561231e-04	-2.869921807e+01
2.601561192e-04	-2.869914847e+01
2.667175300e-04	-2.869907834e+01
2.734444264e-04	-2.869903192e+01
2.803409823e-04	-2.869902637e+01
2.874114765e-04	-2.869901758e+01
2.946602960e-04	-2.869894426e+01
3.020919384e-04	-2.869886976e+01
3.097110146e-04	-2.869879408e+01
3.175222519e-04	-2.869873589e+01
3.255304968e-04	-2.869873039e+01
3.337407181e-04	-2.869872566e+01
3.421580098e-04	-2.869865202e+01
3.507875944e-04	-2.869857265e+01
3.596348262e-04	-2.869849226e+01
3.687051945e-04	-2.869842211e+01
3.780043270e-04	-2.869841919e+01
3.875379935e-04	-2.869841764e+01
3.973121090e-04	-2.869835023e+01
4.073327380e-04	-2.869826744e+01
4.176060977e-04	-2.869818382e+01
4.281385624e-04	-2.869810190e+01
4.389366670e-04	-2.869810509e+01
4.500071111e-04	-2.869811061e+01
4.613567634e-04	-2.869805392e+01
4.729926659e-04	-2.869796995e+01
4.849220380e-04	-2.869788552e+01
4.971522815e-04	-2.869780060e+01
5.096909846e-04	-2.869780607e+01
5.225459269e-04	-2.869782343e+01
5.357250844e-04	-2.869778322e+01
5.492366341e-04	-2.869770078e+01
5.630889593e-04	-2.869761808e+01
5.772906546e-04	-2.869753513e+01
5.918505317e-04	-2.869754207e+01
6.067776242e-04	-2.869757575e+01
6.220811936e-04	-2.869755783e+01
6.377707351e-04	-2.869747826e+01
6.538559834e-04	-2.869739819e+01
6.703469185e-04	-2.869731737e+01
6.872537724e-04	-2.869732377e+01
7.045870349e-04	-2.869737489e+01
7.223574604e-04	-2.869738162e+01
7.405760748e-04	-2.869730100e+01
7.592541818e-04	-2.869721829e+01
7.784033703e-04	-2.869713252e+01
7.980355214e-04	-2.869712742e+01
8.181628160e-04	-2.869718772e+01
8.387977422e-04	-2.869721209e+01
8.599531028e-04	-2.869711484e+01
8.816420239e-04	-2.869701084e+01
9.038779624e-04	-2.869689905e+01
9.266747146e-04	-2.869685506e+01
9.500464249e-04	-2.869690044e+01
9.740075943e-04	-2.869691969e+01
9.985730895e-04	-2.869677199e+01
1.023758152e-03	-2.869661020e+01
1.049578409e-03	-2.869643250e+01
1.076049880e-03	-2.869630323e+01
1.103188989e-03	-2.869629241e+01
1.131012574e-03	-2.869626876e+01
1.159537900e-03	-2.869602179e+01
1.188782665e-03	-2.869575232e+01
1.218765013e-03	-2.869545895e+01
1.249503548e-03	-2.869519035e+01
1.281017340e-03	-2.869508024e+01
1.313325944e-03	-2.869495358e+01
1.346449405e-03	-2.869459213e+01
1.380408274e-03	-2.869417608e+01
1.415223622e-03	-2.869373372e+01
1.450917049e-03	-2.869328915e+01
1.487510702e-03	-2.869306447e+01
1.525027285e-03	-2.869283432e+01
1.563490076e-03	-2.869247711e+01
1.602922939e-03	-2.869205699e+01
1.643350340e-03	-2.869161243e+01
1.684797363e-03	-2.869114326e+01
1.727289723e-03	-2.869096054e+01
1.770853786e-03	-2.869077382e+01
1.815516579e-03	-2.869035987e+01
1.861305816e-03	-2.868981274e+01
1.908249905e-03	-2.868924219e+01
1.956377973e-03	-2.868864833e+01
2.005719882e-03	-2.868834756e+01
2.056306245e-03	-2.868808624e+01
2.108168450e-03	-2.868760712e+01
2.161338674e-03	-2.868693033e+01
2.215849907e-03	-2.868622823e+01
2.271735971e-03	-2.868550169e+01
2.329031539e-03	-2.868506529e+01
2.387772163e-03	-2.868472600e+01
2.447994286e-03	-2.868419040e+01
2.509735275e-03	-2.868338099e+01
2.573033437e-03	-2.868254983e+01
2.637928044e-03	-2.868169478e+01
2.704459362e-03	-2.868112383e+01
2.772668670e-03	-2.868072271e+01
2.842598288e-03	-2.868015804e+01
2.914291604e-03	-2.867921888e+01
2.987793102e-03	-2.867825072e+01
3.063148384e-03	-2.867725847e+01
3.140404206e-03	-2.867652430e+01
3.219608500e-03	-2.867604852e+01
3.300810411e-03	-2.867545515e+01
3.384060319e-03	-2.867436983e+01
3.469409877e-03	-2.867326130e+01
3.556912040e-03	-2.867212447e+01
3.646621100e-03	-2.867120782e+01
3.738592717e-03	-2.867065898e+01
3.832883955e-03	-2.867005093e+01
3.929553317e-03	-2.866880727e+01
4.028660782e-03	-2.866753988e+01
4.130267841e-03	-2.866623589e+01
4.234437537e-03	-2.866510595e+01
4.341234502e-03	-2.866447186e+01
4.450724999e-03	-2.866382352e+01
4.562976961e-03	-2.866244740e+01
4.678060036e-03	-2.866100788e+01
4.796045627e-03	-2.865952709e+01
4.917006939e-03	-2.865815479e+01
5.041019022e-03	-2.865742020e+01
5.168158820e-03	-2.865667903e+01
5.298505217e-03	-2.865521108e+01
5.432139088e-03	-2.865357556e+01
5.569143345e-03	-2.865189438e+01
5.709602993e-03	-2.865024107e+01
5.853605182e-03	-2.864849192e+01
6.001239257e-03	-2.864776320e+01
6.152596819e-03	-2.864646602e+01
6.307771777e-03	-2.864479470e+01
6.466860411e-03	-2.864287349e+01
6.629961427e-03	-2.864064636e+01
6.797176023e-03	-2.863903865e+01
6.968607946e-03	-2.863802100e+01
7.144363563e-03	-2.863631100e+01
7.324551921e-03	-2.863411562e+01
7.509284819e-03	-2.863182034e+01
7.698676875e-03	-2.862942095e+01
7.892845597e-03	-2.862788930e+01
8.091911459e-03	-2.862648158e+01
8.295997971e-03	-2.862447011e+01
8.505231759e-03	-2.862181973e+01
8.719742643e-03	-2.861907236e+01
8.939663717e-03	-2.861624749e+01
9.165131432e-03	-2.861416647e+01
9.396285680e-03	-2.861237819e+01
9.633269881e-03	-2.861005670e+01
9.876231072e-03	-2.860688337e+01
1.012532000e-02	-2.860362327e+01
1.038069121e-02	-2.860028315e+01
1.064250316e-02	-2.859763400e+01
1.091091827e-02	-2.859545941e+01
1.118610310e-02	-2.859286397e+01
1.146822837e-02	-2.858918235e+01
1.175746915e-02	-2.858542864e+01
1.205400488e-02	-2.858159891e+01
1.235801955e-02	-2.857833518e+01
1.266970179e-02	-2.857578752e+01
1.298924499e-02	-2.857295733e+01
1.331684740e-02	-2.856876244e+01
1.365271229e-02	-2.856446840e+01
1.399704804e-02	-2.856013185e+01
1.435006830e-02	-2.855623441e+01
1.471199211e-02	-2.855325849e+01
1.508304401e-02	-2.855015407e+01
1.546345423e-02	-2.854549913e+01
1.585345880e-02	-2.854069831e+01
1.625329970e-02	-2.853587431e+01
1.666322500e-02	-2.853130618e+01
1.708348905e-02	-2.852784178e+01
1.751435259e-02	-2.852425286e+01
1.795608298e-02	-2.851922751e+01
1.840895426e-02	-2.851390330e+01
1.887324744e-02	-2.850859035e+01
1.934925057e-02	-2.850331131e+01
1.983725901e-02	-2.849931656e+01
2.033757553e-02	-2.849510267e+01
2.085051056e-02	-2.848977508e+01
2.137638235e-02	-2.848397851e+01
2.191551718e-02	-2.847810533e+01
2.246824956e-02	-2.847234527e+01
2.303492243e-02	-2.846776669e+01
2.361588738e-02	-2.846314837e+01
2.421150488e-02	-2.845756576e+01
2.482214448e-02	-2.845145682e+01
2.544818506e-02	-2.844476817e+01
2.609001503e-02	-2.843869849e+01
2.674803263e-02	-2.843322815e+01
2.742264613e-02	-2.842730207e+01
2.811427409e-02	-2.842128412e+01
2.882334563e-02	-2.841517275e+01
2.955030070e-02	-2.840906408e+01
3.029559034e-02	-2.840291123e+01
3.105967697e-02	-2.839677127e+01
3.184303467e-02	-2.839000478e+01
3.264614947e-02	-2.838345353e+01
3.346951968e-02	-2.837757019e+01
3.431365614e-02	-2.837193854e+01
3.517908261e-02	-2.836630964e+01
3.606633605e-02	-2.836104911e+01
3.697596695e-02	-2.835492995e+01
3.790853970e-02	-2.834807438e+01
3.886463292e-02	-2.834151412e+01
3.984483981e-02	-2.833516990e+01
4.084976855e-02	-2.832892990e+01
4.188004264e-02	-2.832331407e+01
4.293630134e-02	-2.831823314e+01
4.401919999e-02	-2.831390466e+01
4.512941047e-02	-2.831034462e+01
4.626762164e-02	-2.830785597e+01
4.743453969e-02	-2.830657912e+01
4.863088863e-02	-2.830072586e+01
4.985741076e-02	-2.829429709e+01
5.111486706e-02	-2.828951929e+01
5.240403773e-02	-2.829390986e+01
5.372572264e-02	-2.828505990e+01
5.508074183e-02	-2.828275744e+01
5.646993603e-02	-2.828013574e+01
5.789416717e-02	-2.827777313e+01
5.935431892e-02	-2.827526349e+01
6.085129723e-02	-2.827434834e+01
6.238603090e-02	-2.827297276e+01
6.395947217e-02	-2.827126842e+01
6.557259728e-02	-2.826847782e+01
6.722640710e-02	-2.826874345e+01
6.892192775e-02	-2.827207316e+01
7.066021121e-02	-2.827347516e+01
7.244233600e-02	-2.827223449e+01
7.426940785e-02	-2.827185523e+01
7.614256038e-02	-2.827261726e+01
7.806295578e-02	-2.827461440e+01
8.003178557e-02	-2.827734122e+01
8.205027132e-02	-2.828041535e+01
8.411966540e-02	-2.828245332e+01
8.624125178e-02	-2.828193099e+01
8.841634679e-02	-2.827773368e+01
9.064629999e-02	-2.830610812e+01
9.293249494e-02	-2.835292125e+01
9.527635014e-02	-2.841502947e+01
9.767931983e-02	-2.841675686e+01
1.001428949e-01	-2.841362193e+01
1.026686040e-01	-2.841136265e+01
1.052580141e-01	-2.845816114e+01
1.079127319e-01	-2.855074020e+01
1.106344044e-01	-2.858624240e+01
1.134247203e-01	-2.859736666e+01
1.162854110e-01	-2.863288939e+01
1.192182513e-01	-2.868701482e+01
1.222250609e-01	-2.870844968e+01
1.253077054e-01	-2.875245318e+01
1.284680974e-01	-2.881845665e+01
1.317081979e-01	-2.886934078e+01
1.350300170e-01	-2.888780153e+01
1.384356160e-01	-2.895735740e+01
1.419271077e-01	-2.901334050e+01
1.455066586e-01	-2.902879315e+01
1.491764894e-01	-2.915408958e+01
1.529388773e-01	-2.926599476e+01
1.567961565e-01	-2.926422657e+01
1.607507204e-01	-2.925719106e+01
1.648050225e-01	-2.943654384e+01
1.689615784e-01	-2.953572628e+01
1.732229670e-01	-2.954617656e+01
1.775918323e-01	-2.962180770e+01
1.820708849e-01	-2.971563676e+01
1.866629040e-01	-2.975691157e+01
1.913707386e-01	-2.987205913e+01
1.961973098e-01	-2.999311341e+01
2.011456122e-01	-3.008467886e+01
2.062187159e-01	-3.026024200e+01
2.114197687e-01	-3.035721732e+01
2.167519975e-01	-3.039537305e+01
2.222187106e-01	-3.053709068e+01
2.278233001e-01	-3.076024599e+01
2.335692432e-01	-3.080797037e+01
2.394601050e-01	-3.090433055e+01
2.454995405e-01	-3.104295241e+01
2.516912969e-01	-3.114002420e+01
2.580392160e-01	-3.128682249e+01
2.645472362e-01	-3.142756674e+01
2.712193956e-01	-3.154492379e+01
2.780598338e-01	-3.177582350e+01
2.850727951e-01	-3.193656389e+01
2.922626306e-01	-3.202621448e+01
2.996338013e-01	-3.215782762e+01
3.071908807e-01	-3.233902252e+01
3.149385576e-01	-3.248761018e+01
3.228816390e-01	-3.265234899e+01
3.310250533e-01	-3.280791521e+01
3.393738531e-01	-3.296928446e+01
3.479332183e-01	-3.318720129e+01
3.567084598e-01	-3.335930438e+01
3.657050221e-01	-3.349602780e+01
3.749284871e-01	-3.365906797e+01
3.843845776e-01	-3.382996443e+01
3.940791607e-01	-3.401452196e+01
4.040182513e-01	-3.420898939e+01
4.142080162e-01	-3.440331554e+01
4.246547777e-01	-3.456657376e+01
4.353650176e-01	-3.473804629e+01
4.463453809e-01	-3.491073961e+01
4.576026805e-01	-3.508651993e+01
4.691439011e-01	-3.526374435e+01
4.809762034e-01	-3.544295155e+01
4.931069287e-01	-3.561882300e+01
5.055436038e-01	-3.579299118e+01
5.182939448e-01	-3.596993104e+01
5.313658628e-01	-3.613733755e+01
5.447674684e-01	-3.629699790e+01
5.585070765e-01	-3.646203693e+01
5.725932120e-01	-3.663279953e+01
5.870346146e-01	-3.679706279e+01
6.018402446e-01	-3.694541147e+01
6.170192881e-01	-3.710930107e+01
6.325811631e-01	-3.725495456e+01
6.485355249e-01	-3.740685524e+01
6.648922724e-01	-3.754645619e+01
6.816615544e-01	-3.769291100e+01
6.988537752e-01	-3.782337279e+01
7.164796020e-01	-3.795473387e+01
7.345499706e-01	-3.808584931e+01
7.530760929e-01	-3.820451298e+01
7.720694635e-01	-3.831901117e+01
7.915418668e-01	-3.842878738e+01
8.115053846e-01	-3.853344832e+01
8.319724034e-01	-3.863344253e+01
8.529556218e-01	-3.872773427e+01
8.744680591e-01	-3.881581102e+01
8.965230626e-01	-3.889745523e+01
9.191343166e-01	-3.897353928e+01
9.423158501e-01	-3.904338149e+01
9.660820462e-01	-3.910674366e+01
9.904476508e-01	-3.916367073e+01
1.015427782e+00	-3.921396878e+01
1.041037937e+00	-3.925746499e+01
1.067294008e+00	-3.929217421e+01
1.094212285e+00	-3.931919628e+01
1.121809469e+00	-3.933935096e+01
1.150102683e+00	-3.935451948e+01
1.179109481e+00	-3.936241624e+01
1.208847862e+00	-3.936297825e+01
1.239336275e+00	-3.935572103e+01
1.270593639e+00	-3.933851382e+01
1.302639346e+00	-3.931369525e+01
1.335493279e+00	-3.928326642e+01
1.369175823e+00	-3.924576223e+01
1.403707877e+00	-3.920047661e+01
1.439110865e+00	-3.914731331e+01
1.475406753e+00	-3.908355451e+01
1.512618062e+00	-3.901165602e+01
1.550767880e+00	-3.893347098e+01
1.589879876e+00	-3.884832622e+01
1.629978317e+00	-3.875510161e+01
1.671088083e+00	-3.865370025e+01
1.713234681e+00	-3.854165540e+01
1.756444261e+00	-3.842078211e+01
1.800743631e+00	-3.829317083e+01
1.846160278e+00	-3.815880216e+01
1.892722381e+00	-3.801611119e+01
1.940458828e+00	-3.786509159e+01
1.989399239e+00	-3.770347311e+01
2.039573979e+00	-3.753251518e+01
2.091014179e+00	-3.735446531e+01
2.143751754e+00	-3.717019686e+01
2.197819426e+00	-3.697764266e+01
2.253250742e+00	-3.677684278e+01
2.310080094e+00	-3.656578890e+01
2.368342742e+00	-3.634513901e+01
2.428074835e+00	-3.611740003e+01
2.489313435e+00	-3.588459882e+01
2.552096536e+00	-3.564402703e+01
2.616463093e+00	-3.539582357e+01
2.682453042e+00	-3.513833192e+01
2.750107327e+00	-3.487150246e+01
2.819467925e+00	-3.459817532e+01
2.890577869e+00	-3.432188091e+01
2.963481281e+00	-3.403907687e+01
3.038223394e+00	-3.375004397e+01
3.114850581e+00	-3.345353073e+01
3.193410386e+00	-3.314860554e+01
3.273951553e+00	-3.283843613e+01
3.356524052e+00	-3.252842754e+01
3.441179116e+00	-3.221394202e+01
3.527969271e+00	-3.189535441e+01
3.616948364e+00	-3.157184633e+01
3.708171603e+00	-3.124128140e+01
3.801695588e+00	-3.090754087e+01
3.897578347e+00	-3.057691125e+01
3.995879369e+00	-3.024464913e+01
4.096659647e+00	-2.991068709e+01
4.199981709e+00	-2.957466190e+01
4.305909662e+00	-2.923279651e+01
4.414509229e+00	-2.889004917e+01
4.525847792e+00	-2.855263488e+01
4.639994430e+00	-2.821667787e+01
4.757019966e+00	-2.788115853e+01
4.876997009e+00	-2.754626017e+01
5.000000000e+00	-2.720611912e+01
#################################
2.000000000e-05	-1.224404995e+01
2.050442102e-05	-1.224404141e+01
2.102156407e-05	-1.224412331e+01
2.155175001e-05	-1.224408070e+01
2.209530780e-05	-1.224405580e+01
2.265257468e-05	-1.224402316e+01
2.322389643e-05	-1.224403485e+01
2.380962750e-05	-1.224411092e+01
2.441013133e-05	-1.224405869e+01
2.502578050e-05	-1.224409751e+01
2.565695699e-05	-1.224409354e+01
2.630405241e-05	-1.224413249e+01
2.696746826e-05	-1.224402744e+01
2.764761615e-05	-1.224403126e+01
2.834491809e-05	-1.224404681e+01
2.905980672e-05	-1.224409002e+01
2.979272558e-05	-1.224408530e+01
3.054412944e-05	-1.224407684e+01
3.131448448e-05	-1.224394814e+01
3.210426870e-05	-1.224400262e+01
3.291397210e-05	-1.224405802e+01
3.374409707e-05	-1.224409299e+01
3.459515866e-05	-1.224409347e+01
3.546768492e-05	-1.224408677e+01
3.636221721e-05	-1.224411383e+01
3.727931055e-05	-1.224407301e+01
3.821953395e-05	-1.224406549e+01
3.918347076e-05	-1.224392381e+01
4.017171908e-05	-1.224404494e+01
4.118489205e-05	-1.224408650e+01
4.222361832e-05	-1.224413468e+01
4.328854235e-05	-1.224404602e+01
4.438032489e-05	-1.224410960e+01
4.549964333e-05	-1.224408652e+01
4.664719215e-05	-1.224412199e+01
4.782368337e-05	-1.224409139e+01
4.902984693e-05	-1.224401462e+01
5.026643120e-05	-1.224395623e+01
5.153420343e-05	-1.224405307e+01
5.283395020e-05	-1.224402920e+01
5.416647796e-05	-1.224415676e+01
5.553261346e-05	-1.224411018e+01
5.693320434e-05	-1.224416091e+01
5.836911959e-05	-1.224417343e+01
5.984125014e-05	-1.224409515e+01
6.135050936e-05	-1.224412028e+01
6.289783369e-05	-1.224412486e+01
6.448418316e-05	-1.224408279e+01
6.611054204e-05	-1.224413378e+01
6.777791939e-05	-1.224405268e+01
6.948734976e-05	-1.224409213e+01
7.123989375e-05	-1.224399204e+01
7.303663875e-05	-1.224417383e+01
7.487869954e-05	-1.224410505e+01
7.676721905e-05	-1.224403695e+01
7.870336900e-05	-1.224411824e+01
8.068835068e-05	-1.224405064e+01
8.272339569e-05	-1.224408491e+01
8.480976668e-05	-1.224419035e+01
8.694875813e-05	-1.224416266e+01
8.914169720e-05	-1.224404699e+01
9.138994449e-05	-1.224408080e+01
9.369489495e-05	-1.224405094e+01
9.605797868e-05	-1.224407908e+01
9.848066186e-05	-1.224406743e+01
1.009644477e-04	-1.224407415e+01
1.035108771e-04	-1.224403299e+01
1.061215303e-04	-1.224407698e+01
1.087980268e-04	-1.224408559e+01
1.115420274e-04	-1.224399137e+01
1.143552345e-04	-1.224404870e+01
1.172393938e-04	-1.224407399e+01
1.201962945e-04	-1.224405499e+01
1.232277714e-04	-1.224402872e+01
1.263357053e-04	-1.224399415e+01
1.295220245e-04	-1.224401522e+01
1.327887061e-04	-1.224405918e+01
1.361377769e-04	-1.224408051e+01
1.395713147e-04	-1.224405810e+01
1.430914499e-04	-1.224404955e+01
1.467003667e-04	-1.224406416e+01
1.504003041e-04	-1.224476752e+01
1.541935579e-04	-1.224341328e+01
1.580824815e-04	-1.224339120e+01
1.620694878e-04	-1.224337136e+01
1.661570506e-04	-1.224332211e+01
1.703477061e-04	-1.224331291e+01
1.746440543e-04	-1.224320381e+01
1.790487609e-04	-1.224329143e+01
1.835645588e-04	-1.224335302e+01
1.881942499e-04	-1.224331821e+01
1.929407067e-04	-1.224324457e+01
1.978068741e-04	-1.224318124e+01
2.027957714e-04	-1.224322188e+01
2.079104939e-04	-1.224321087e+01
2.131542151e-04	-1.224323493e+01
2.185301884e-04	-1.224325768e+01
2.240417495e-04	-1.224322872e+01
2.296923179e-04	-1.224320037e+01
2.354853995e-04	-1.224310429e+01
2.414245888e-04	-1.224317478e+01
2.475135707e-04	-1.224321182e+01
2.537561231e-04	-1.224318345e+01
2.601561192e-04	-1.224311595e+01
2.667175300e-04	-1.224312922e+01
2.734444264e-04	-1.224309812e+01
2.803409823e-04	-1.224304325e+01
2.874114765e-04	-1.224308403e+01
2.946602960e-04	-1.224304867e+01
3.020919384e-04	-1.224301529e+01
3.097110146e-04	-1.224301585e+01
3.175222519e-04	-1.224294902e+01
3.255304968e-04	-1.224301577e+01
3.337407181e-04	-1.224305473e+01
3.421580098e-04	-1.224300268e+01
3.507875944e-04	-1.224299733e+01
3.596348262e-04	-1.224293133e+01
3.687051945e-04	-1.224289745e+01
3.780043270e-04	-1.224292477e+01
3.875379935e-04	-1.224298840e+01
3.973121090e-04	-1.224297679e+01
4.073327380e-04	-1.224293257e+01
4.176060977e-04	-1.224290965e+01
4.281385624e-04	-1.224288001e+01
4.389366670e-04	-1.224289965e+01
4.500071111e-04	-1.224297712e+01
4.613567634e-04	-1.224299378e+01
4.729926659e-04	-1.224295332e+01
4.849220380e-04	-1.224295008e+01
4.971522815e-04	-1.224288385e+01
5.096909846e-04	-1.224292612e+01
5.225459269e-04	-1.224300531e+01
5.357250844e-04	-1.224306228e+01
5.492366341e-04	-1.224303612e+01
5.630889593e-04	-1.224302602e+01
5.772906546e-04	-1.224296789e+01
5.918505317e-04	-1.224297870e+01
6.067776242e-04	-1.224311517e+01
6.220811936e-04	-1.224319275e+01
6.377707351e-04	-1.224315080e+01
6.538559834e-04	-1.224312055e+01
6.703469185e-04	-1.224309246e+01
6.872537724e-04	-1.224308779e+01
7.045870349e-04	-1.224323966e+01
7.223574604e-04	-1.224335226e+01
7.405760748e-04	-1.224332698e+01
7.592541818e-04	-1.224337567e+01
7.784033703e-04	-1.224327247e+01
7.980355214e-04	-1.224323177e+01
8.181628160e-04	-1.224345794e+01
8.387977422e-04	-1.224360342e+01
8.599531028e-04	-1.224355586e+01
8.816420239e-04	-1.224348390e+01
9.038779624e-04	-1.224344584e+01
9.266747146e-04	-1.224343381e+01
9.500464249e-04	-1.224354092e+01
9.740075943e-04	-1.224367434e+01
9.985730895e-04	-1.224359120e+01
1.023758152e-03	-1.224350773e+01
1.049578409e-03	-1.224335424e+01
1.076049880e-03	-1.224331555e+01
1.103188989e-03	-1.224338133e+01
1.131012574e-03	-1.224350612e+01
1.159537900e-03	-1.224335491e+01
1.188782665e-03	-1.224319986e+01
1.218765013e-03	-1.224299234e+01
1.249503548e-03	-1.224273555e+01
1.281017340e-03	-1.224272398e+01
1.313325944e-03	-1.224283066e+01
1.346449405e-03	-1.224259907e+01
1.380408274e-03	-1.224228887e+01
1.415223622e-03	-1.224200460e+01
1.450917049e-03	-1.224172167e+01
1.487510702e-03	-1.224161345e+01
1.525027285e-03	-1.224155560e+01
1.563490076e-03	-1.224142837e+01
1.602922939e-03	-1.224123106e+01
1.643350340e-03	-1.224107759e+01
1.684797363e-03	-1.224084910e+01
1.727289723e-03	-1.224075049e+01
1.770853786e-03	-1.224086717e+01
1.815516579e-03	-1.224075678e+01
1.861305816e-03	-1.224048801e+01
1.908249905e-03	-1.224015148e+01
1.956377973e-03	-1.223980445e+01
2.005719882e-03	-1.223958911e+01
2.056306245e-03	-1.223971176e+01
2.108168450e-03	-1.223959333e+01
2.161338674e-03	-1.223918267e+01
2.215849907e-03	-1.223880383e+01
2.271735971e-03	-1.223837712e+01
2.329031539e-03	-1.223804353e+01
2.387772163e-03	-1.223814842e+01
2.447994286e-03	-1.223797622e+01
2.509735275e-03	-1.223747741e+01
2.573033437e-03	-1.223702270e+01
2.637928044e-03	-1.223651981e+01
2.704459362e-03	-1.223603738e+01
2.772668670e-03	-1.223611483e+01
2.842598288e-03	-1.223600300e+01
2.914291604e-03	-1.223545126e+01
2.987793102e-03	-1.223487125e+01
3.063148384e-03	-1.223427986e+01
3.140404206e-03	-1.223367377e+01
3.219608500e-03	-1.223370671e+01
3.300810411e-03	-1.223364248e+01
3.384060319e-03	-1.223299270e+01
3.469409877e-03	-1.223233600e+01
3.556912040e-03	-1.223164810e+01
3.646621100e-03	-1.223093978e+01
3.738592717e-03	-1.223089393e+01
3.832883955e-03	-1.223089946e+01
3.929553317e-03	-1.223015651e+01
4.028660782e-03	-1.222939765e+01
4.130267841e-03	-1.222860977e+01
4.234437537e-03	-1.222780276e+01
4.341234502e-03	-1.222763577e+01
4.450724999e-03	-1.222771551e+01
4.562976961e-03	-1.222690422e+01
4.678060036e-03	-1.222604558e+01
4.796045627e-03	-1.222515054e+01
4.917006939e-03	-1.222423890e+01
5.041019022e-03	-1.222393075e+01
5.168158820e-03	-1.222401147e+01
5.298505217e-03	-1.222320743e+01
5.432139088e-03	-1.222222014e+01
5.569143345e-03	-1.222092766e+01
5.709602993e-03	-1.222010473e+01
5.853605182e-03	-1.221960968e+01
6.001239257e-03	-1.221977217e+01
6.152596819e-03	-1.221878362e+01
6.307771777e-03	-1.221754190e+01
6.466860411e-03	-1.221546641e+01
6.629961427e-03	-1.221392795e+01
6.797176023e-03	-1.221326570e+01
6.968607946e-03	-1.221354426e+01
7.144363563e-03	-1.221279491e+01
7.324551921e-03	-1.221154100e+01
7.509284819e-03	-1.221027790e+01
7.698676875e-03	-1.220878797e+01
7.892845597e-03	-1.220781424e+01
8.091911459e-03	-1.220770807e+01
8.295997971e-03	-1.220684832e+01
8.505231759e-03	-1.220528328e+01
8.719742643e-03	-1.220362128e+01
8.939663717e-03	-1.220191624e+01
9.165131432e-03	-1.220042248e+01
9.396285680e-03	-1.220011704e+01
9.633269881e-03	-1.219920294e+01
9.876231072e-03	-1.219732417e+01
1.012532000e-02	-1.219535143e+01
1.038069121e-02	-1.219335680e+01
1.064250316e-02	-1.219140388e+01
1.091091827e-02	-1.219096135e+01
1.118610310e-02	-1.219006346e+01
1.146822837e-02	-1.218785977e+01
1.175746915e-02	-1.218567310e+01
1.205400488e-02	-1.218342699e+01
1.235801955e-02	-1.218114805e+01
1.266970179e-02	-1.218048410e+01
1.298924499e-02	-1.217952694e+01
1.331684740e-02	-1.217715751e+01
1.365271229e-02	-1.217462890e+01
1.399704804e-02	-1.217211809e+01
1.435006830e-02	-1.216943763e+01
1.471199211e-02	-1.216845955e+01
1.508304401e-02	-1.216772260e+01
1.546345423e-02	-1.216511263e+01
1.585345880e-02	-1.216230537e+01
1.625329970e-02	-1.215961096e+01
1.666322500e-02	-1.215694380e+01
1.708348905e-02	-1.215537124e+01
1.751435259e-02	-1.215441676e+01
1.795608298e-02	-1.215175879e+01
1.840895426e-02	-1.214848648e+01
1.887324744e-02	-1.214587335e+01
1.934925057e-02	-1.214266524e+01
1.983725901e-02	-1.214063368e+01
2.033757553e-02	-1.213938209e+01
2.085051056e-02	-1.213709049e+01
2.137638235e-02	-1.213396155e+01
2.191551718e-02	-1.213070740e+01
2.246824956e-02	-1.212805260e+01
2.303492243e-02	-1.212539378e+01
2.361588738e-02	-1.212383774e+01
2.421150488e-02	-1.212145375e+01
2.482214448e-02	-1.211844451e+01
2.544818506e-02	-1.211472959e+01
2.609001503e-02	-1.211186044e+01
2.674803263e-02	-1.210946042e+01
2.742264613e-02	-1.210705327e+01
2.811427409e-02	-1.210413750e+01
2.882334563e-02	-1.210157843e+01
2.955030070e-02	-1.209872034e+01
3.029559034e-02	-1.209624250e+01
3.105967697e-02	-1.209388434e+01
3.184303467e-02	-1.209081571e+01
3.264614947e-02	-1.208798016e+01
3.346951968e-02	-1.208565227e+01
3.431365614e-02	-1.208393210e+01
3.517908261e-02	-1.208225248e+01
3.606633605e-02	-1.208088755e+01
3.697596695e-02	-1.207976903e+01
3.790853970e-02	-1.207755700e+01
3.886463292e-02	-1.207466942e+01
3.984483981e-02	-1.207226965e+01
4.084976855e-02	-1.207006153e+01
4.188004264e-02	-1.206867768e+01
4.293630134e-02	-1.206811541e+01
4.401919999e-02	-1.206814851e+01
4.512941047e-02	-1.206969263e+01
4.626762164e-02	-1.207248224e+01
4.743453969e-02	-1.207417722e+01
4.863088863e-02	-1.207277855e+01
4.985741076e-02	-1.207089565e+01
5.111486706e-02	-1.207152550e+01
5.240403773e-02	-1.207814377e+01
5.372572264e-02	-1.207523645e+01
5.508074183e-02	-1.207928701e+01
5.646993603e-02	-1.207949273e+01
5.789416717e-02	-1.208266517e+01
5.935431892e-02	-1.208340963e+01
6.085129723e-02	-1.208644270e+01
6.238603090e-02	-1.208928412e+01
6.395947217e-02	-1.209132172e+01
6.557259728e-02	-1.209212682e+01
6.722640710e-02	-1.209324980e+01
6.892192775e-02	-1.210058174e+01
7.066021121e-02	-1.210498252e+01
7.244233600e-02	-1.210556065e+01
7.426940785e-02	-1.210641340e+01
7.614256038e-02	-1.210762324e+01
7.806295578e-02	-1.210915367e+01
8.003178557e-02	-1.211092634e+01
8.205027132e-02	-1.211212986e+01
8.411966540e-02	-1.211194378e+01
8.624125178e-02	-1.210900104e+01
8.841634679e-02	-1.210185296e+01
9.064629999e-02	-1.213594839e+01
9.293249494e-02	-1.219474933e+01
9.527635014e-02	-1.222196041e+01
9.767931983e-02	-1.222089014e+01
1.001428949e-01	-1.221637583e+01
1.026686040e-01	-1.221366036e+01
1.052580141e-01	-1.226917407e+01
1.079127319e-01	-1.237623321e+01
1.106344044e-01	-1.237561959e+01
1.134247203e-01	-1.238688920e+01
1.162854110e-01	-1.242092556e+01
1.192182513e-01	-1.246943490e+01
1.222250609e-01	-1.248242095e+01
1.253077054e-01	-1.252247765e+01
1.284680974e-01	-1.257725534e+01
1.317081979e-01	-1.261048166e+01
1.350300170e-01	-1.260851732e+01
1.384356160e-01	-1.267066483e+01
1.419271077e-01	-1.270270881e+01
1.455066586e-01	-1.269584238e+01
1.491764894e-01	-1.283512884e+01
1.529388773e-01	-1.287445390e+01
1.567961565e-01	-1.284918435e+01
1.607507204e-01	-1.282208387e+01
1.648050225e-01	-1.301720656e+01
1.689615784e-01	-1.304092863e+01
1.732229670e-01	-1.303732855e+01
1.775918323e-01	-1.309520399e+01
1.820708849e-01	-1.315914722e+01
1.866629040e-01	-1.317929100e+01
1.913707386e-01	-1.326340118e+01
1.961973098e-01	-1.334581886e+01
2.011456122e-01	-1.340140259e+01
2.062187159e-01	-1.353015075e+01
2.114197687e-01	-1.357524346e+01
2.167519975e-01	-1.356525651e+01
2.222187106e-01	-1.368625412e+01
2.278233001e-01	-1.383220782e+01
2.335692432e-01	-1.384033112e+01
2.394601050e-01	-1.390316154e+01
2.454995405e-01	-1.399677928e+01
2.516912969e-01	-1.404069211e+01
2.580392160e-01	-1.413806934e+01
2.645472362e-01	-1.421440360e+01
2.712193956e-01	-1.427064969e+01
2.780598338e-01	-1.447268145e+01
2.850727951e-01	-1.452011408e+01
2.922626306e-01	-1.455258674e+01
2.996338013e-01	-1.462652695e+01
3.071908807e-01	-1.475090553e+01
3.149385576e-01	-1.482833361e+01
3.228816390e-01	-1.492314226e+01
3.310250533e-01	-1.500108626e+01
3.393738531e-01	-1.509224504e+01
3.479332183e-01	-1.525189152e+01
3.567084598e-01	-1.531526271e+01
3.657050221e-01	-1.538065033e+01
3.749284871e-01	-1.546969712e+01
3.843845776e-01	-1.556203363e+01
3.940791607e-01	-1.566989332e+01
4.040182513e-01	-1.578793520e+01
4.142080162e-01	-1.587885693e+01
4.246547777e-01	-1.595911041e+01
4.353650176e-01	-1.604914269e+01
4.463453809e-01	-1.613810933e+01
4.576026805e-01	-1.622672066e+01
4.691439011e-01	-1.631639868e+01
4.809762034e-01	-1.640888432e+01
4.931069287e-01	-1.649901084e+01
5.055436038e-01	-1.658716527e+01
5.182939448e-01	-1.667770579e+01
5.313658628e-01	-1.676707591e+01
5.447674684e-01	-1.683641489e+01
5.585070765e-01	-1.691423297e+01
5.725932120e-01	-1.700091295e+01
5.870346146e-01	-1.708681047e+01
6.018402446e-01	-1.714836398e+01
6.170192881e-01	-1.723082026e+01
6.325811631e-01	-1.729861898e+01
6.485355249e-01	-1.737081383e+01
6.648922724e-01	-1.743468179e+01
6.816615544e-01	-1.750520826e+01
6.988537752e-01	-1.756305794e+01
7.164796020e-01	-1.762458258e+01
7.345499706e-01	-1.768562931e+01
7.530760929e-01	-1.773767981e+01
7.720694635e-01	-1.778812915e+01
7.915418668e-01	-1.783627177e+01
8.115053846e-01	-1.788192225e+01
8.319724034e-01	-1.792571432e+01
8.529556218e-01	-1.796688942e+01
8.744680591e-01	-1.800454472e+01
8.965230626e-01	-1.803866601e+01
9.191343166e-01	-1.807072556e+01
9.423158501e-01	-1.809987016e+01
9.660820462e-01	-1.812601210e+01
9.904476508e-01	-1.814923786e+01
1.015427782e+00	-1.816942648e+01
1.041037937e+00	-1.818648608e+01
1.067294008e+00	-1.820017170e+01
1.094212285e+00	-1.820771552e+01
1.121809469e+00	-1.821242488e+01
1.150102683e+00	-1.821695388e+01
1.179109481e+00	-1.821836222e+01
1.208847862e+00	-1.821661400e+01
1.239336275e+00	-1.821166792e+01
1.270593639e+00	-1.820161528e+01
1.302639346e+00	-1.818672812e+01
1.335493279e+00	-1.817137340e+01
1.369175823e+00	-1.815371804e+01
1.403707877e+00	-1.813289813e+01
1.439110865e+00	-1.810890450e+01
1.475406753e+00	-1.808031102e+01
1.512618062e+00	-1.804617925e+01
1.550767880e+00	-1.801120109e+01
1.589879876e+00	-1.797453497e+01
1.629978317e+00	-1.793472206e+01
1.671088083e+00	-1.789177227e+01
1.713234681e+00	-1.784459697e+01
1.756444261e+00	-1.779129645e+01
1.800743631e+00	-1.773688324e+01
1.846160278e+00	-1.768141306e+01
1.892722381e+00	-1.762285968e+01
1.940458828e+00	-1.756126125e+01
1.989399239e+00	-1.749595730e+01
2.039573979e+00	-1.742389274e+01
2.091014179e+00	-1.735051138e+01
2.143751754e+00	-1.727699444e+01
2.197819426e+00	-1.720063299e+01
2.253250742e+00	-1.712148459e+01
2.310080094e+00	-1.703941151e+01
2.368342742e+00	-1.694997472e+01
2.428074835e+00	-1.685921656e+01
2.489313435e+00	-1.676972588e+01
2.552096536e+00	-1.667791787e+01
2.616463093e+00	-1.658391311e+01
2.682453042e+00	-1.648784146e+01
2.750107327e+00	-1.638472964e+01
2.819467925e+00	-1.628014176e+01
2.890577869e+00	-1.617884164e+01
2.963481281e+00	-1.607612189e+01
3.038223394e+00	-1.597215742e+01
3.114850581e+00	-1.586712793e+01
3.193410386e+00	-1.575615545e+01
3.273951553e+00	-1.564332309e+01
3.356524052e+00	-1.553630695e+01
3.441179116e+00	-1.542897541e+01
3.527969271e+00	-1.532150619e+01
3.616948364e+00	-1.521407172e+01
3.708171603e+00	-1.510193584e+01
3.801695588e+00	-1.498771957e+01
3.897578347e+00	-1.488092139e+01
3.995879369e+00	-1.477533670e+01
4.096659647e+00	-1.467054043e+01
4.199981709e+00	-1.456665315e+01
4.305909662e+00	-1.445920253e+01
4.414509229e+00	-1.434925146e+01
4.525847792e+00	-1.424722408e+01
4.639994430e+00	-1.414810379e+01
4.757019966e+00	-1.405035668e+01
4.876997009e+00	-1.395405100e+01
5.000000000e+00	-1.385518452e+01
#################################
2.000000000e-05	-2.230285336e+00
2.050442102e-05	-2.230266047e+00
2.102156407e-05	-2.230293819e+00
2.155175001e-05	-2.230284034e+00
2.209530780e-05	-2.230262631e+00
2.265257468e-05	-2.230279715e+00
2.322389643e-05	-2.230284405e+00
2.380962750e-05	-2.230271279e+00
2.441013133e-05	-2.230306327e+00
2.502578050e-05	-2.230302179e+00
2.565695699e-05	-2.230240636e+00
2.630405241e-05	-2.230270203e+00
2.696746826e-05	-2.230271583e+00
2.764761615e-05	-2.230210570e+00
2.834491809e-05	-2.230298225e+00
2.905980672e-05	-2.230310570e+00
2.979272558e-05	-2.230263528e+00
3.054412944e-05	-2.230251386e+00
3.131448448e-05	-2.230238898e+00
3.210426870e-05	-2.230214350e+00
3.291397210e-05	-2.230225336e+00
3.374409707e-05	-2.230312424e+00
3.459515866e-05	-2.230266741e+00
3.546768492e-05	-2.230258328e+00
3.636221721e-05	-2.230268923e+00
3.727931055e-05	-2.230235802e+00
3.821953395e-05	-2.230307593e+00
3.918347076e-05	-2.230318458e+00
4.017171908e-05	-2.230265288e+00
4.118489205e-05	-2.230251191e+00
4.222361832e-05	-2.230270910e+00
4.328854235e-05	-2.230247858e+00
4.438032489e-05	-2.230211610e+00
4.549964333e-05	-2.230264523e+00
4.664719215e-05	-2.230207436e+00
4.782368337e-05	-2.230246926e+00
4.902984693e-05	-2.230319494e+00
5.026643120e-05	-2.230269778e+00
5.153420343e-05	-2.230210055e+00
5.283395020e-05	-2.230302788e+00
5.416647796e-05	-2.230249012e+00
5.553261346e-05	-2.230235150e+00
5.693320434e-05	-2.230259746e+00
5.836911959e-05	-2.230274605e+00
5.984125014e-05	-2.230269699e+00
6.135050936e-05	-2.230279576e+00
6.289783369e-05	-2.230296793e+00
6.448418316e-05	-2.230219251e+00
6.611054204e-05	-2.230220843e+00
6.777791939e-05	-2.230232214e+00
6.948734976e-05	-2.230283224e+00
7.123989375e-05	-2.230285757e+00
7.303663875e-05	-2.230296697e+00
7.487869954e-05	-2.230216060e+00
7.676721905e-05	-2.230267093e+00
7.870336900e-05	-2.230266409e+00
8.068835068e-05	-2.230161538e+00
8.272339569e-05	-2.230187265e+00
8.480976668e-05	-2.230224863e+00
8.694875813e-05	-2.230131232e+00
8.914169720e-05	-2.230224824e+00
9.138994449e-05	-2.230166818e+00
9.369489495e-05	-2.230174620e+00
9.605797868e-05	-2.230173622e+00
9.848066186e-05	-2.230245351e+00
1.009644477e-04	-2.230122976e+00
1.035108771e-04	-2.230192331e+00
1.061215303e-04	-2.230256125e+00
1.087980268e-04	-2.230290366e+00
1.115420274e-04	-2.230218475e+00
1.143552345e-04	-2.230220938e+00
1.172393938e-04	-2.230180356e+00
1.201962945e-04	-2.230191649e+00
1.232277714e-04	-2.230195162e+00
1.263357053e-04	-2.230193086e+00
1.295220245e-04	-2.230204124e+00
1.327887061e-04	-2.230211146e+00
1.361377769e-04	-2.230192993e+00
1.395713147e-04	-2.230171485e+00
1.430914499e-04	-2.230182864e+00
1.467003667e-04	-2.230187185e+00
1.504003041e-04	-2.231659600e+00
1.541935579e-04	-2.230078205e+00
1.580824815e-04	-2.230038547e+00
1.620694878e-04	-2.230007318e+00
1.661570506e-04	-2.230016242e+00
1.703477061e-04	-2.230015327e+00
1.746440543e-04	-2.230017026e+00
1.790487609e-04	-2.230021039e+00
1.835645588e-04	-2.229990820e+00
1.881942499e-04	-2.229959755e+00
1.929407067e-04	-2.229961062e+00
1.978068741e-04	-2.229963402e+00
2.027957714e-04	-2.229961814e+00
2.079104939e-04	-2.229950070e+00
2.131542151e-04	-2.229901865e+00
2.185301884e-04	-2.229858293e+00
2.240417495e-04	-2.229866466e+00
2.296923179e-04	-2.229885443e+00
2.354853995e-04	-2.229908548e+00
2.414245888e-04	-2.229905719e+00
2.475135707e-04	-2.229902227e+00
2.537561231e-04	-2.229781706e+00
2.601561192e-04	-2.229813074e+00
2.667175300e-04	-2.229788446e+00
2.734444264e-04	-2.229821558e+00
2.803409823e-04	-2.229783648e+00
2.874114765e-04	-2.229840802e+00
2.946602960e-04	-2.229724139e+00
3.020919384e-04	-2.229687532e+00
3.097110146e-04	-2.229697008e+00
3.175222519e-04	-2.229704393e+00
3.255304968e-04	-2.229690733e+00
3.337407181e-04	-2.229695512e+00
3.421580098e-04	-2.229603846e+00
3.507875944e-04	-2.229602547e+00
3.596348262e-04	-2.229637248e+00
3.687051945e-04	-2.229630891e+00
3.780043270e-04	-2.229631201e+00
3.875379935e-04	-2.229635703e+00
3.973121090e-04	-2.229540246e+00
4.073327380e-04	-2.229491695e+00
4.176060977e-04	-2.229509625e+00
4.281385624e-04	-2.229530012e+00
4.389366670e-04	-2.229521025e+00
4.500071111e-04	-2.229502056e+00
4.613567634e-04	-2.229439320e+00
4.729926659e-04	-2.229400782e+00
4.849220380e-04	-2.229405627e+00
4.971522815e-04	-2.229405782e+00
5.096909846e-04	-2.229395484e+00
5.225459269e-04	-2.229387288e+00
5.357250844e-04	-2.229339720e+00
5.492366341e-04	-2.229302494e+00
5.630889593e-04	-2.229272891e+00
5.772906546e-04	-2.229276324e+00
5.918505317e-04	-2.229301393e+00
6.067776242e-04	-2.229269104e+00
6.220811936e-04	-2.229202571e+00
6.377707351e-04	-2.229161915e+00
6.538559834e-04	-2.229135754e+00
6.703469185e-04	-2.229177190e+00
6.872537724e-04	-2.229179997e+00
7.045870349e-04	-2.229202774e+00
7.223574604e-04	-2.229116709e+00
7.405760748e-04	-2.229016860e+00
7.592541818e-04	-2.229030679e+00
7.784033703e-04	-2.229048374e+00
7.980355214e-04	-2.229065787e+00
8.181628160e-04	-2.229106824e+00
8.387977422e-04	-2.229050796e+00
8.599531028e-04	-2.228915571e+00
8.816420239e-04	-2.228931509e+00
9.038779624e-04	-2.228950305e+00
9.266747146e-04	-2.228987495e+00
9.500464249e-04	-2.229024339e+00
9.740075943e-04	-2.229015442e+00
9.985730895e-04	-2.228827502e+00
1.023758152e-03	-2.228843116e+00
1.049578409e-03	-2.228857681e+00
1.076049880e-03	-2.228869087e+00
1.103188989e-03	-2.228883670e+00
1.131012574e-03	-2.228898907e+00
1.159537900e-03	-2.228680040e+00
1.188782665e-03	-2.228663752e+00
1.218765013e-03	-2.228622893e+00
1.249503548e-03	-2.228644956e+00
1.281017340e-03	-2.228607952e+00
1.313325944e-03	-2.228600488e+00
1.346449405e-03	-2.228310874e+00
1.380408274e-03	-2.228235371e+00
1.415223622e-03	-2.228223118e+00
1.450917049e-03	-2.228156858e+00
1.487510702e-03	-2.228097367e+00
1.525027285e-03	-2.228017721e+00
1.563490076e-03	-2.227865084e+00
1.602922939e-03	-2.227920737e+00
1.643350340e-03	-2.228043371e+00
1.684797363e-03	-2.228138638e+00
1.727289723e-03	-2.228237618e+00
1.770853786e-03	-2.228344599e+00
1.815516579e-03	-2.228132834e+00
1.861305816e-03	-2.228101025e+00
1.908249905e-03	-2.228168653e+00
1.956377973e-03	-2.228286490e+00
2.005719882e-03	-2.228353176e+00
2.056306245e-03	-2.228448646e+00
2.108168450e-03	-2.228221793e+00
2.161338674e-03	-2.228089534e+00
2.215849907e-03	-2.228156465e+00
2.271735971e-03	-2.228218605e+00
2.329031539e-03	-2.228281278e+00
2.387772163e-03	-2.228349898e+00
2.447994286e-03	-2.228133470e+00
2.509735275e-03	-2.227869358e+00
2.573033437e-03	-2.227925377e+00
2.637928044e-03	-2.227970552e+00
2.704459362e-03	-2.228002385e+00
2.772668670e-03	-2.228049719e+00
2.842598288e-03	-2.227896855e+00
2.914291604e-03	-2.227480624e+00
2.987793102e-03	-2.227506838e+00
3.063148384e-03	-2.227554280e+00
3.140404206e-03	-2.227580733e+00
3.219608500e-03	-2.227623850e+00
3.300810411e-03	-2.227507318e+00
3.384060319e-03	-2.226921691e+00
3.469409877e-03	-2.226946539e+00
3.556912040e-03	-2.226983808e+00
3.646621100e-03	-2.227010136e+00
3.738592717e-03	-2.227044488e+00
3.832883955e-03	-2.227012485e+00
3.929553317e-03	-2.226235739e+00
4.028660782e-03	-2.226263161e+00
4.130267841e-03	-2.226292169e+00
4.234437537e-03	-2.226319821e+00
4.341234502e-03	-2.226353287e+00
4.450724999e-03	-2.226403140e+00
4.562976961e-03	-2.225429959e+00
4.678060036e-03	-2.225459625e+00
4.796045627e-03	-2.225481562e+00
4.917006939e-03	-2.225520701e+00
5.041019022e-03	-2.225551336e+00
5.168158820e-03	-2.225588149e+00
5.298505217e-03	-2.224646149e+00
5.432139088e-03	-2.224061862e+00
5.569143345e-03	-2.224156200e+00
5.709602993e-03	-2.224222203e+00
5.853605182e-03	-2.224188653e+00
6.001239257e-03	-2.225286955e+00
6.152596819e-03	-2.224743244e+00
6.307771777e-03	-2.224662330e+00
6.466860411e-03	-2.224491728e+00
6.629961427e-03	-2.224422205e+00
6.797176023e-03	-2.223215875e+00
6.968607946e-03	-2.224871954e+00
7.144363563e-03	-2.222755627e+00
7.324551921e-03	-2.222241663e+00
7.509284819e-03	-2.222619896e+00
7.698676875e-03	-2.222267394e+00
7.892845597e-03	-2.222355204e+00
8.091911459e-03	-2.221852716e+00
8.295997971e-03	-2.221514354e+00
8.505231759e-03	-2.220197159e+00
8.719742643e-03	-2.220403749e+00
8.939663717e-03	-2.220538582e+00
9.165131432e-03	-2.220259137e+00
9.396285680e-03	-2.220300111e+00
9.633269881e-03	-2.219276714e+00
9.876231072e-03	-2.218458964e+00
1.012532000e-02	-2.218110007e+00
1.038069121e-02	-2.217950764e+00
1.064250316e-02	-2.217835354e+00
1.091091827e-02	-2.218169595e+00
1.118610310e-02	-2.217087788e+00
1.146822837e-02	-2.215584847e+00
1.175746915e-02	-2.215568286e+00
1.205400488e-02	-2.215351597e+00
1.235801955e-02	-2.215037031e+00
1.266970179e-02	-2.214896952e+00
1.298924499e-02	-2.214373685e+00
1.331684740e-02	-2.212438486e+00
1.365271229e-02	-2.212278597e+00
1.399704804e-02	-2.212039737e+00
1.435006830e-02	-2.211785096e+00
1.471199211e-02	-2.211550867e+00
1.508304401e-02	-2.211249436e+00
1.546345423e-02	-2.208980426e+00
1.585345880e-02	-2.208824074e+00
1.625329970e-02	-2.208431082e+00
1.666322500e-02	-2.208130546e+00
1.708348905e-02	-2.207906867e+00
1.751435259e-02	-2.207720710e+00
1.795608298e-02	-2.205368823e+00
1.840895426e-02	-2.205070108e+00
1.887324744e-02	-2.204563844e+00
1.934925057e-02	-2.204155012e+00
1.983725901e-02	-2.203706909e+00
2.033757553e-02	-2.203244886e+00
2.085051056e-02	-2.201289646e+00
2.137638235e-02	-2.200727839e+00
2.191551718e-02	-2.200016595e+00
2.246824956e-02	-2.199583712e+00
2.303492243e-02	-2.198969461e+00
2.361588738e-02	-2.198322521e+00
2.421150488e-02	-2.196760907e+00
2.482214448e-02	-2.195799550e+00
2.544818506e-02	-2.195314246e+00
2.609001503e-02	-2.194461957e+00
2.674803263e-02	-2.194073417e+00
2.742264613e-02	-2.193073835e+00
2.811427409e-02	-2.192216676e+00
2.882334563e-02	-2.191311587e+00
2.955030070e-02	-2.190413535e+00
3.029559034e-02	-2.190167605e+00
3.105967697e-02	-2.189145609e+00
3.184303467e-02	-2.188192592e+00
3.264614947e-02	-2.187491097e+00
3.346951968e-02	-2.187909245e+00
3.431365614e-02	-2.187305467e+00
3.517908261e-02	-2.186898858e+00
3.606633605e-02	-2.186150821e+00
3.697596695e-02	-2.185562058e+00
3.790853970e-02	-2.185313879e+00
3.886463292e-02	-2.184362794e+00
3.984483981e-02	-2.184668375e+00
4.084976855e-02	-2.184459970e+00
4.188004264e-02	-2.184426174e+00
4.293630134e-02	-2.184737746e+00
4.401919999e-02	-2.185937998e+00
4.512941047e-02	-2.186928261e+00
4.626762164e-02	-2.188328620e+00
4.743453969e-02	-2.190340902e+00
4.863088863e-02	-2.192807685e+00
4.985741076e-02	-2.195555868e+00
5.111486706e-02	-2.192036095e+00
5.240403773e-02	-2.195021882e+00
5.372572264e-02	-2.199060518e+00
5.508074183e-02	-2.196586307e+00
5.646993603e-02	-2.200359828e+00
5.789416717e-02	-2.198707040e+00
5.935431892e-02	-2.201475328e+00
6.085129723e-02	-2.200481904e+00
6.238603090e-02	-2.200865133e+00
6.395947217e-02	-2.199664538e+00
6.557259728e-02	-2.199995506e+00
6.722640710e-02	-2.200315703e+00
6.892192775e-02	-2.199770243e+00
7.066021121e-02	-2.195470607e+00
7.244233600e-02	-2.188543589e+00
7.426940785e-02	-2.185393525e+00
7.614256038e-02	-2.181514610e+00
7.806295578e-02	-2.177180994e+00
8.003178557e-02	-2.173279601e+00
8.205027132e-02	-2.170728240e+00
8.411966540e-02	-2.170136556e+00
8.624125178e-02	-2.160458891e+00
8.841634679e-02	-2.130090460e+00
9.064629999e-02	-2.129254740e+00
9.293249494e-02	-2.137243783e+00
9.527635014e-02	-2.153455695e+00
9.767931983e-02	-2.177280002e+00
1.001428949e-01	-2.206723034e+00
1.026686040e-01	-2.201721411e+00
1.052580141e-01	-2.170146711e+00
1.079127319e-01	-2.211611508e+00
1.106344044e-01	-2.247609024e+00
1.134247203e-01	-2.271916089e+00
1.162854110e-01	-2.272920067e+00
1.192182513e-01	-2.292514850e+00
1.222250609e-01	-2.306211175e+00
1.253077054e-01	-2.305413793e+00
1.284680974e-01	-2.300084217e+00
1.317081979e-01	-2.347414391e+00
1.350300170e-01	-2.336988786e+00
1.384356160e-01	-2.337134950e+00
1.419271077e-01	-2.360398123e+00
1.455066586e-01	-2.321004974e+00
1.491764894e-01	-2.329629056e+00
1.529388773e-01	-2.365365912e+00
1.567961565e-01	-2.414290311e+00
1.607507204e-01	-2.308510781e+00
1.648050225e-01	-2.334100891e+00
1.689615784e-01	-2.380333636e+00
1.732229670e-01	-2.398436528e+00
1.775918323e-01	-2.376907155e+00
1.820708849e-01	-2.406625821e+00
1.866629040e-01	-2.407762951e+00
1.913707386e-01	-2.400547157e+00
1.961973098e-01	-2.444500946e+00
2.011456122e-01	-2.467879859e+00
2.062187159e-01	-2.490079389e+00
2.114197687e-01	-2.538034785e+00
2.167519975e-01	-2.539251576e+00
2.222187106e-01	-2.458694963e+00
2.278233001e-01	-2.522045098e+00
2.335692432e-01	-2.569406055e+00
2.394601050e-01	-2.573477785e+00
2.454995405e-01	-2.582064077e+00
2.516912969e-01	-2.593518249e+00
2.580392160e-01	-2.598600491e+00
2.645472362e-01	-2.634035678e+00
2.712193956e-01	-2.607588573e+00
2.780598338e-01	-2.640192382e+00
2.850727951e-01	-2.693534704e+00
2.922626306e-01	-2.723124612e+00
2.996338013e-01	-2.669256511e+00
3.071908807e-01	-2.713289453e+00
3.149385576e-01	-2.734424936e+00
3.228816390e-01	-2.756160603e+00
3.310250533e-01	-2.794846419e+00
3.393738531e-01	-2.768756422e+00
3.479332183e-01	-2.795903714e+00
3.567084598e-01	-2.826429621e+00
3.657050221e-01	-2.846531437e+00
3.749284871e-01	-2.861899062e+00
3.843845776e-01	-2.873988683e+00
3.940791607e-01	-2.887825429e+00
4.040182513e-01	-2.903924914e+00
4.142080162e-01	-2.923727149e+00
4.246547777e-01	-2.946098577e+00
4.353650176e-01	-2.969284757e+00
4.463453809e-01	-2.987769746e+00
4.576026805e-01	-3.002503891e+00
4.691439011e-01	-3.020346087e+00
4.809762034e-01	-3.037636473e+00
4.931069287e-01	-3.053138109e+00
5.055436038e-01	-3.064305465e+00
5.182939448e-01	-3.078497633e+00
5.313658628e-01	-3.092017788e+00
5.447674684e-01	-3.103508439e+00
5.585070765e-01	-3.128475128e+00
5.725932120e-01	-3.141979167e+00
5.870346146e-01	-3.151704943e+00
6.018402446e-01	-3.164868519e+00
6.170192881e-01	-3.182380301e+00
6.325811631e-01	-3.189846132e+00
6.485355249e-01	-3.207772916e+00
6.648922724e-01	-3.214781887e+00
6.816615544e-01	-3.229763192e+00
6.988537752e-01	-3.243688098e+00
7.164796020e-01	-3.249051060e+00
7.345499706e-01	-3.260920974e+00
7.530760929e-01	-3.271765201e+00
7.720694635e-01	-3.281941650e+00
7.915418668e-01	-3.289737414e+00
8.115053846e-01	-3.294699271e+00
8.319724034e-01	-3.301176400e+00
8.529556218e-01	-3.308121056e+00
8.744680591e-01	-3.314432581e+00
8.965230626e-01	-3.320016612e+00
9.191343166e-01	-3.326490406e+00
9.423158501e-01	-3.332731101e+00
9.660820462e-01	-3.336538870e+00
9.904476508e-01	-3.339275858e+00
1.015427782e+00	-3.341321749e+00
1.041037937e+00	-3.342716546e+00
1.067294008e+00	-3.343488169e+00
1.094212285e+00	-3.343602249e+00
1.121809469e+00	-3.343496983e+00
1.150102683e+00	-3.346055332e+00
1.179109481e+00	-3.344235224e+00
1.208847862e+00	-3.341779499e+00
1.239336275e+00	-3.338739827e+00
1.270593639e+00	-3.335034906e+00
1.302639346e+00	-3.330690325e+00
1.335493279e+00	-3.328939995e+00
1.369175823e+00	-3.324166652e+00
1.403707877e+00	-3.317975840e+00
1.439110865e+00	-3.311107020e+00
1.475406753e+00	-3.303598901e+00
1.512618062e+00	-3.295424651e+00
1.550767880e+00	-3.289487614e+00
1.589879876e+00	-3.281609337e+00
1.629978317e+00	-3.271592524e+00
1.671088083e+00	-3.260938862e+00
1.713234681e+00	-3.249632364e+00
1.756444261e+00	-3.237696364e+00
1.800743631e+00	-3.227603779e+00
1.846160278e+00	-3.216687202e+00
1.892722381e+00	-3.202952412e+00
1.940458828e+00	-3.188577962e+00
1.989399239e+00	-3.173584081e+00
2.039573979e+00	-3.157985516e+00
2.091014179e+00	-3.143915114e+00
2.143751754e+00	-3.130315019e+00
2.197819426e+00	-3.113088852e+00
2.253250742e+00	-3.095302204e+00
2.310080094e+00	-3.076968897e+00
2.368342742e+00	-3.058110733e+00
2.428074835e+00	-3.040424901e+00
2.489313435e+00	-3.024880307e+00
2.552096536e+00	-3.004774748e+00
2.616463093e+00	-2.984246087e+00
2.682453042e+00	-2.963324056e+00
2.750107327e+00	-2.942037322e+00
2.819467925e+00	-2.921517413e+00
2.890577869e+00	-2.905262889e+00
2.963481281e+00	-2.883324901e+00
3.038223394e+00	-2.861166586e+00
3.114850581e+00	-2.838822798e+00
3.193410386e+00	-2.816328389e+00
3.273951553e+00	-2.794055584e+00
3.356524052e+00	-2.778655862e+00
3.441179116e+00	-2.756189379e+00
3.527969271e+00	-2.733712670e+00
3.616948364e+00	-2.711255156e+00
3.708171603e+00	-2.688844597e+00
3.801695588e+00	-2.666507084e+00
3.897578347e+00	-2.652547282e+00
3.995879369e+00	-2.630984459e+00
4.096659647e+00	-2.609303945e+00
4.199981709e+00	-2.587786847e+00
4.305909662e+00	-2.566449548e+00
4.414509229e+00	-2.545306821e+00
4.525847792e+00	-2.532391977e+00
4.639994430e+00	-2.513403055e+00
4.757019966e+00	-2.493222756e+00
4.876997009e+00	-2.473285672e+00
5.000000000e+00	-2.453600081e+00
#################################
