1.000000e-05 2.683674e+01 2.683674e+01 
1.012951e-05 2.717276e+01 2.717276e+01 
1.026070e-05 2.751300e+01 2.751300e+01 
1.039359e-05 2.785749e+01 2.785749e+01 
1.052820e-05 2.820631e+01 2.820631e+01 
1.066455e-05 2.855951e+01 2.855951e+01 
1.080267e-05 2.891713e+01 2.891713e+01 
1.094258e-05 2.927922e+01 2.927922e+01 
1.108430e-05 2.964585e+01 2.964585e+01 
1.122786e-05 3.001708e+01 3.001708e+01 
1.137327e-05 3.039295e+01 3.039295e+01 
1.152057e-05 3.077353e+01 3.077353e+01 
1.166978e-05 3.115887e+01 3.115887e+01 
1.182091e-05 3.154904e+01 3.154904e+01 
1.197401e-05 3.194410e+01 3.194410e+01 
1.212909e-05 3.234410e+01 3.234410e+01 
1.228617e-05 3.274912e+01 3.274912e+01 
1.244530e-05 3.315921e+01 3.315921e+01 
1.260648e-05 3.357443e+01 3.357443e+01 
1.276975e-05 3.399485e+01 3.399485e+01 
1.293513e-05 3.442054e+01 3.442054e+01 
1.310266e-05 3.485156e+01 3.485156e+01 
1.327235e-05 3.528798e+01 3.528798e+01 
1.344425e-05 3.572986e+01 3.572986e+01 
1.361837e-05 3.617728e+01 3.617728e+01 
1.379474e-05 3.663030e+01 3.663030e+01 
1.397340e-05 3.708900e+01 3.708900e+01 
1.415437e-05 3.755344e+01 3.755344e+01 
1.433769e-05 3.802370e+01 3.802370e+01 
1.452338e-05 3.849984e+01 3.849984e+01 
1.471148e-05 3.898196e+01 3.898196e+01 
1.490201e-05 3.947010e+01 3.947010e+01 
1.509501e-05 3.996437e+01 3.996437e+01 
1.529051e-05 4.046482e+01 4.046482e+01 
1.548854e-05 4.097155e+01 4.097155e+01 
1.568914e-05 4.148462e+01 4.148462e+01 
1.589233e-05 4.200411e+01 4.200411e+01 
1.609815e-05 4.253011e+01 4.253011e+01 
1.630665e-05 4.306271e+01 4.306271e+01 
1.651784e-05 4.360197e+01 4.360197e+01 
1.673176e-05 4.414797e+01 4.414797e+01 
1.694846e-05 4.470085e+01 4.470085e+01 
1.716796e-05 4.526063e+01 4.526063e+01 
1.739031e-05 4.582743e+01 4.582743e+01 
1.761554e-05 4.640131e+01 4.640131e+01 
1.784368e-05 4.698239e+01 4.698239e+01 
1.807478e-05 4.757076e+01 4.757076e+01 
1.830887e-05 4.816650e+01 4.816650e+01 
1.854599e-05 4.876968e+01 4.876968e+01 
1.878619e-05 4.938043e+01 4.938043e+01 
1.902949e-05 4.999884e+01 4.999884e+01 
1.927595e-05 5.062499e+01 5.062499e+01 
1.952559e-05 5.125899e+01 5.125899e+01 
1.977847e-05 5.190092e+01 5.190092e+01 
2.003463e-05 5.255090e+01 5.255090e+01 
2.029410e-05 5.320902e+01 5.320902e+01 
2.055694e-05 5.387539e+01 5.387539e+01 
2.082317e-05 5.455012e+01 5.455012e+01 
2.109286e-05 5.523328e+01 5.523328e+01 
2.136604e-05 5.592501e+01 5.592501e+01 
2.164276e-05 5.662540e+01 5.662540e+01 
2.192306e-05 5.733457e+01 5.733457e+01 
2.220699e-05 5.805263e+01 5.805263e+01 
2.249460e-05 5.877969e+01 5.877969e+01 
2.278593e-05 5.951585e+01 5.951585e+01 
2.308104e-05 6.026125e+01 6.026125e+01 
2.337996e-05 6.101597e+01 6.101597e+01 
2.368276e-05 6.178016e+01 6.178016e+01 
2.398948e-05 6.255393e+01 6.255393e+01 
2.430018e-05 6.333738e+01 6.333738e+01 
2.461490e-05 6.413066e+01 6.413066e+01 
2.493369e-05 6.493388e+01 6.493388e+01 
2.525661e-05 6.574716e+01 6.574716e+01 
2.558372e-05 6.657064e+01 6.657064e+01 
2.591506e-05 6.740443e+01 6.740443e+01 
2.625069e-05 6.824868e+01 6.824868e+01 
2.659067e-05 6.910352e+01 6.910352e+01 
2.693505e-05 6.996904e+01 6.996904e+01 
2.728389e-05 7.084543e+01 7.084543e+01 
2.763725e-05 7.173282e+01 7.173282e+01 
2.799519e-05 7.263132e+01 7.263132e+01 
2.835776e-05 7.354107e+01 7.354107e+01 
2.872503e-05 7.446224e+01 7.446224e+01 
2.909706e-05 7.539496e+01 7.539496e+01 
2.947390e-05 7.633936e+01 7.633936e+01 
2.985562e-05 7.729560e+01 7.729560e+01 
3.024229e-05 7.826383e+01 7.826383e+01 
3.063397e-05 7.924420e+01 7.924420e+01 
3.103071e-05 8.023687e+01 8.023687e+01 
3.143260e-05 8.124197e+01 8.124197e+01 
3.183969e-05 8.225968e+01 8.225968e+01 
3.225206e-05 8.329015e+01 8.329015e+01 
3.266976e-05 8.433354e+01 8.433354e+01 
3.309287e-05 8.539003e+01 8.539003e+01 
3.352147e-05 8.645975e+01 8.645975e+01 
3.395561e-05 8.754290e+01 8.754290e+01 
3.439538e-05 8.863962e+01 8.863962e+01 
3.484084e-05 8.975009e+01 8.975009e+01 
3.529208e-05 9.087451e+01 9.087451e+01 
3.574915e-05 9.201301e+01 9.201301e+01 
3.621215e-05 9.316580e+01 9.316580e+01 
3.668114e-05 9.433305e+01 9.433305e+01 
3.715621e-05 9.551495e+01 9.551495e+01 
3.763743e-05 9.671168e+01 9.671168e+01 
3.812488e-05 9.792340e+01 9.792340e+01 
3.861864e-05 9.915035e+01 9.915035e+01 
3.911880e-05 1.003927e+02 1.003927e+02 
3.962544e-05 1.016506e+02 1.016506e+02 
4.013864e-05 1.029243e+02 1.029243e+02 
4.065848e-05 1.042140e+02 1.042140e+02 
4.118506e-05 1.055199e+02 1.055199e+02 
4.171846e-05 1.068421e+02 1.068421e+02 
4.225877e-05 1.081810e+02 1.081810e+02 
4.280607e-05 1.095366e+02 1.095366e+02 
4.336046e-05 1.109093e+02 1.109093e+02 
4.392203e-05 1.122992e+02 1.122992e+02 
4.449088e-05 1.137066e+02 1.137066e+02 
4.506709e-05 1.151316e+02 1.151316e+02 
4.565077e-05 1.165745e+02 1.165745e+02 
4.624200e-05 1.180356e+02 1.180356e+02 
4.684089e-05 1.195150e+02 1.195150e+02 
4.744754e-05 1.210129e+02 1.210129e+02 
4.806204e-05 1.225297e+02 1.225297e+02 
4.868451e-05 1.240655e+02 1.240655e+02 
4.931503e-05 1.256207e+02 1.256207e+02 
4.995372e-05 1.271953e+02 1.271953e+02 
5.060069e-05 1.287898e+02 1.287898e+02 
5.125603e-05 1.304042e+02 1.304042e+02 
5.191986e-05 1.320390e+02 1.320390e+02 
5.259228e-05 1.336943e+02 1.336943e+02 
5.327342e-05 1.353704e+02 1.353704e+02 
5.396338e-05 1.370676e+02 1.370676e+02 
5.466227e-05 1.387861e+02 1.387861e+02 
5.537021e-05 1.405262e+02 1.405262e+02 
5.608733e-05 1.422882e+02 1.422882e+02 
5.681373e-05 1.440723e+02 1.440723e+02 
5.754954e-05 1.458789e+02 1.458789e+02 
5.829488e-05 1.477082e+02 1.477082e+02 
5.904987e-05 1.495605e+02 1.495605e+02 
5.981464e-05 1.514361e+02 1.514361e+02 
6.058931e-05 1.533353e+02 1.533353e+02 
6.137402e-05 1.552584e+02 1.552584e+02 
6.216889e-05 1.572057e+02 1.572057e+02 
6.297405e-05 1.591775e+02 1.591775e+02 
6.378964e-05 1.611741e+02 1.611741e+02 
6.461580e-05 1.631959e+02 1.631959e+02 
6.545265e-05 1.652430e+02 1.652430e+02 
6.630035e-05 1.673160e+02 1.673160e+02 
6.715902e-05 1.694151e+02 1.694151e+02 
6.802881e-05 1.715406e+02 1.715406e+02 
6.890987e-05 1.736929e+02 1.736929e+02 
6.980234e-05 1.758723e+02 1.758723e+02 
7.070637e-05 1.780792e+02 1.780792e+02 
7.162210e-05 1.803138e+02 1.803138e+02 
7.254970e-05 1.825767e+02 1.825767e+02 
7.348931e-05 1.848681e+02 1.848681e+02 
7.444109e-05 1.871883e+02 1.871883e+02 
7.540519e-05 1.895378e+02 1.895378e+02 
7.638178e-05 1.919170e+02 1.919170e+02 
7.737102e-05 1.943261e+02 1.943261e+02 
7.837307e-05 1.967656e+02 1.967656e+02 
7.938810e-05 1.992359e+02 1.992359e+02 
8.041628e-05 2.017374e+02 2.017374e+02 
8.145777e-05 2.042705e+02 2.042705e+02 
8.251275e-05 2.068355e+02 2.068355e+02 
8.358139e-05 2.094330e+02 2.094330e+02 
8.466387e-05 2.120632e+02 2.120632e+02 
8.576037e-05 2.147266e+02 2.147266e+02 
8.687108e-05 2.174237e+02 2.174237e+02 
8.799617e-05 2.201549e+02 2.201549e+02 
8.913583e-05 2.229206e+02 2.229206e+02 
9.029025e-05 2.257213e+02 2.257213e+02 
9.145962e-05 2.285574e+02 2.285574e+02 
9.264413e-05 2.314293e+02 2.314293e+02 
9.384399e-05 2.343375e+02 2.343375e+02 
9.505939e-05 2.372826e+02 2.372826e+02 
9.629053e-05 2.402649e+02 2.402649e+02 
9.753761e-05 2.432850e+02 2.432850e+02 
9.880084e-05 2.463433e+02 2.463433e+02 
1.000804e-04 2.494404e+02 2.494404e+02 
1.013766e-04 2.525766e+02 2.525766e+02 
1.026896e-04 2.557526e+02 2.557526e+02 
1.040195e-04 2.589689e+02 2.589689e+02 
1.053667e-04 2.622258e+02 2.622258e+02 
1.067313e-04 2.655242e+02 2.655242e+02 
1.081136e-04 2.688643e+02 2.688643e+02 
1.095138e-04 2.722468e+02 2.722468e+02 
1.109322e-04 2.756722e+02 2.756722e+02 
1.123689e-04 2.791411e+02 2.791411e+02 
1.138242e-04 2.826540e+02 2.826540e+02 
1.152984e-04 2.862115e+02 2.862115e+02 
1.167916e-04 2.898142e+02 2.898142e+02 
1.183042e-04 2.934627e+02 2.934627e+02 
1.198364e-04 2.971575e+02 2.971575e+02 
1.213884e-04 3.008993e+02 3.008993e+02 
1.229606e-04 3.046887e+02 3.046887e+02 
1.245531e-04 3.085262e+02 3.085262e+02 
1.261662e-04 3.124126e+02 3.124126e+02 
1.278002e-04 3.163485e+02 3.163485e+02 
1.294554e-04 3.203344e+02 3.203344e+02 
1.311320e-04 3.243711e+02 3.243711e+02 
1.328303e-04 3.284591e+02 3.284591e+02 
1.345506e-04 3.325993e+02 3.325993e+02 
1.362932e-04 3.367922e+02 3.367922e+02 
1.380584e-04 3.410385e+02 3.410385e+02 
1.398464e-04 3.453390e+02 3.453390e+02 
1.416576e-04 3.496943e+02 3.496943e+02 
1.434922e-04 3.541052e+02 3.541052e+02 
1.453506e-04 3.585724e+02 3.585724e+02 
1.472331e-04 3.630966e+02 3.630966e+02 
1.491400e-04 3.676785e+02 3.676785e+02 
1.510715e-04 3.723189e+02 3.723189e+02 
1.530281e-04 3.770186e+02 3.770186e+02 
1.550100e-04 3.817783e+02 3.817783e+02 
1.570175e-04 3.865989e+02 3.865989e+02 
1.590511e-04 3.914811e+02 3.914811e+02 
1.611110e-04 3.964257e+02 3.964257e+02 
1.631976e-04 4.014335e+02 4.014335e+02 
1.653112e-04 4.065054e+02 4.065054e+02 
1.674522e-04 4.116422e+02 4.116422e+02 
1.696209e-04 4.168447e+02 4.168447e+02 
1.718177e-04 4.221138e+02 4.221138e+02 
1.740430e-04 4.274503e+02 4.274503e+02 
1.762971e-04 4.328552e+02 4.328552e+02 
1.785803e-04 4.383292e+02 4.383292e+02 
1.808932e-04 4.438735e+02 4.438735e+02 
1.832360e-04 4.494887e+02 4.494887e+02 
1.856091e-04 4.551758e+02 4.551758e+02 
1.880130e-04 4.609358e+02 4.609358e+02 
1.904480e-04 4.667697e+02 4.667697e+02 
1.929145e-04 4.726783e+02 4.726783e+02 
1.954130e-04 4.786626e+02 4.786626e+02 
1.979438e-04 4.847236e+02 4.847236e+02 
2.005074e-04 4.908623e+02 4.908623e+02 
2.031043e-04 4.970797e+02 4.970797e+02 
2.057347e-04 5.033768e+02 5.033768e+02 
2.083992e-04 5.097546e+02 5.097546e+02 
2.110983e-04 5.162142e+02 5.162142e+02 
2.138323e-04 5.227565e+02 5.227565e+02 
2.166016e-04 5.293827e+02 5.293827e+02 
2.194069e-04 5.360938e+02 5.360938e+02 
2.222485e-04 5.428908e+02 5.428908e+02 
2.251269e-04 5.497750e+02 5.497750e+02 
2.280426e-04 5.567473e+02 5.567473e+02 
2.309960e-04 5.638089e+02 5.638089e+02 
2.339877e-04 5.709609e+02 5.709609e+02 
2.370181e-04 5.782044e+02 5.782044e+02 
2.400878e-04 5.855406e+02 5.855406e+02 
2.431972e-04 5.929706e+02 5.929706e+02 
2.463469e-04 6.004956e+02 6.004956e+02 
2.495374e-04 6.081167e+02 6.081167e+02 
2.527693e-04 6.158352e+02 6.158352e+02 
2.560429e-04 6.236522e+02 6.236522e+02 
2.593590e-04 6.315690e+02 6.315690e+02 
2.627180e-04 6.395867e+02 6.395867e+02 
2.661206e-04 6.477067e+02 6.477067e+02 
2.695672e-04 6.559299e+02 6.559299e+02 
2.730584e-04 6.642579e+02 6.642579e+02 
2.765948e-04 6.726918e+02 6.726918e+02 
2.801771e-04 6.812328e+02 6.812328e+02 
2.838057e-04 6.898822e+02 6.898822e+02 
2.874814e-04 6.986414e+02 6.986414e+02 
2.912046e-04 7.075116e+02 7.075116e+02 
2.949761e-04 7.164941e+02 7.164941e+02 
2.987964e-04 7.255901e+02 7.255901e+02 
3.026662e-04 7.348010e+02 7.348010e+02 
3.065861e-04 7.441280e+02 7.441280e+02 
3.105567e-04 7.535730e+02 7.535730e+02 
3.145788e-04 7.631365e+02 7.631365e+02 
3.186530e-04 7.728203e+02 7.728203e+02 
3.227800e-04 7.826256e+02 7.826256e+02 
3.269604e-04 7.925538e+02 7.925538e+02 
3.311949e-04 8.026061e+02 8.026061e+02 
3.354843e-04 8.127844e+02 8.127844e+02 
3.398293e-04 8.230894e+02 8.230894e+02 
3.442305e-04 8.335229e+02 8.335229e+02 
3.486887e-04 8.440860e+02 8.440860e+02 
3.532046e-04 8.547800e+02 8.547800e+02 
3.577791e-04 8.656070e+02 8.656070e+02 
3.624128e-04 8.765674e+02 8.765674e+02 
3.671065e-04 8.876634e+02 8.876634e+02 
3.718609e-04 8.988957e+02 8.988957e+02 
3.766770e-04 9.102664e+02 9.102664e+02 
3.815554e-04 9.217761e+02 9.217761e+02 
3.864971e-04 9.334271e+02 9.334271e+02 
3.915027e-04 9.452203e+02 9.452203e+02 
3.965731e-04 9.571571e+02 9.571571e+02 
4.017092e-04 9.692389e+02 9.692389e+02 
4.069119e-04 9.814670e+02 9.814670e+02 
4.121819e-04 9.938436e+02 9.938436e+02 
4.175202e-04 1.006369e+03 1.006369e+03 
4.229276e-04 1.019045e+03 1.019045e+03 
4.284050e-04 1.031874e+03 1.031874e+03 
4.339534e-04 1.044856e+03 1.044856e+03 
4.395736e-04 1.057993e+03 1.057993e+03 
4.452666e-04 1.071286e+03 1.071286e+03 
4.510334e-04 1.084738e+03 1.084738e+03 
4.568748e-04 1.098349e+03 1.098349e+03 
4.627919e-04 1.112120e+03 1.112120e+03 
4.687857e-04 1.126053e+03 1.126053e+03 
4.748570e-04 1.140151e+03 1.140151e+03 
4.810070e-04 1.154413e+03 1.154413e+03 
4.872367e-04 1.168842e+03 1.168842e+03 
4.935470e-04 1.183439e+03 1.183439e+03 
4.999390e-04 1.198205e+03 1.198205e+03 
5.064139e-04 1.213142e+03 1.213142e+03 
5.129726e-04 1.228252e+03 1.228252e+03 
5.196162e-04 1.243535e+03 1.243535e+03 
5.263459e-04 1.258994e+03 1.258994e+03 
5.331627e-04 1.274630e+03 1.274630e+03 
5.400678e-04 1.290443e+03 1.290443e+03 
5.470624e-04 1.306438e+03 1.306438e+03 
5.541475e-04 1.322613e+03 1.322613e+03 
5.613244e-04 1.338971e+03 1.338971e+03 
5.685943e-04 1.355514e+03 1.355514e+03 
5.759583e-04 1.372242e+03 1.372242e+03 
5.834177e-04 1.389158e+03 1.389158e+03 
5.909736e-04 1.406264e+03 1.406264e+03 
5.986275e-04 1.423560e+03 1.423560e+03 
6.063805e-04 1.441048e+03 1.441048e+03 
6.142338e-04 1.458731e+03 1.458731e+03 
6.221889e-04 1.476609e+03 1.476609e+03 
6.302471e-04 1.494684e+03 1.494684e+03 
6.384095e-04 1.512959e+03 1.512959e+03 
6.466777e-04 1.531434e+03 1.531434e+03 
6.550530e-04 1.550112e+03 1.550112e+03 
6.635368e-04 1.568994e+03 1.568994e+03 
6.721304e-04 1.588082e+03 1.588082e+03 
6.808353e-04 1.607377e+03 1.607377e+03 
6.896530e-04 1.626883e+03 1.626883e+03 
6.985849e-04 1.646599e+03 1.646599e+03 
7.076324e-04 1.666530e+03 1.666530e+03 
7.167971e-04 1.686675e+03 1.686675e+03 
7.260805e-04 1.707038e+03 1.707038e+03 
7.354842e-04 1.727620e+03 1.727620e+03 
7.450096e-04 1.748423e+03 1.748423e+03 
7.546584e-04 1.769449e+03 1.769449e+03 
7.644322e-04 1.790701e+03 1.790701e+03 
7.743325e-04 1.812179e+03 1.812179e+03 
7.843611e-04 1.833888e+03 1.833888e+03 
7.945196e-04 1.855828e+03 1.855828e+03 
8.048096e-04 1.878002e+03 1.878002e+03 
8.152329e-04 1.900412e+03 1.900412e+03 
8.257912e-04 1.923060e+03 1.923060e+03 
8.364862e-04 1.945950e+03 1.945950e+03 
8.473197e-04 1.969082e+03 1.969082e+03 
8.582936e-04 1.992460e+03 1.992460e+03 
8.694095e-04 2.016085e+03 2.016085e+03 
8.806695e-04 2.039961e+03 2.039961e+03 
8.920752e-04 2.064090e+03 2.064090e+03 
9.036287e-04 2.088474e+03 2.088474e+03 
9.153318e-04 2.113116e+03 2.113116e+03 
9.271865e-04 2.138018e+03 2.138018e+03 
9.391947e-04 2.163184e+03 2.163184e+03 
9.513585e-04 2.188616e+03 2.188616e+03 
9.636798e-04 2.214316e+03 2.214316e+03 
9.761606e-04 2.240287e+03 2.240287e+03 
9.888031e-04 2.266533e+03 2.266533e+03 
1.001609e-03 2.293055e+03 2.256162e+03 
1.014581e-03 2.319857e+03 2.282946e+03 
1.027722e-03 2.346942e+03 2.310014e+03 
1.041032e-03 2.374313e+03 2.337367e+03 
1.054514e-03 2.401972e+03 2.365010e+03 
1.068172e-03 2.429922e+03 2.392943e+03 
1.082006e-03 2.458167e+03 2.421172e+03 
1.096019e-03 2.486709e+03 2.449698e+03 
1.110214e-03 2.515552e+03 2.478524e+03 
1.124593e-03 2.544698e+03 2.507655e+03 
1.139158e-03 2.574151e+03 2.537092e+03 
1.153911e-03 2.603914e+03 2.566839e+03 
1.168856e-03 2.633989e+03 2.596899e+03 
1.183994e-03 2.664381e+03 2.627276e+03 
1.199328e-03 2.695092e+03 2.657973e+03 
1.214861e-03 2.726126e+03 2.688991e+03 
1.230595e-03 2.757485e+03 2.720336e+03 
1.246532e-03 2.789173e+03 2.752009e+03 
1.262677e-03 2.821192e+03 2.784015e+03 
1.279030e-03 2.853547e+03 2.816356e+03 
1.295595e-03 2.886241e+03 2.849035e+03 
1.312374e-03 2.919276e+03 2.882057e+03 
1.329371e-03 2.952656e+03 2.915423e+03 
1.346588e-03 2.986385e+03 2.949138e+03 
1.364028e-03 3.020464e+03 2.983205e+03 
1.381694e-03 3.054898e+03 3.017626e+03 
1.399589e-03 3.089690e+03 3.052404e+03 
1.417715e-03 3.124843e+03 3.087545e+03 
1.436076e-03 3.160360e+03 3.123049e+03 
1.454675e-03 3.196244e+03 3.158921e+03 
1.473515e-03 3.232499e+03 3.195163e+03 
1.492599e-03 3.269127e+03 3.231779e+03 
1.511930e-03 3.306132e+03 3.268772e+03 
1.531512e-03 3.343517e+03 3.306144e+03 
1.551347e-03 3.381281e+03 3.343896e+03 
1.571438e-03 3.419431e+03 3.382035e+03 
1.591791e-03 3.457970e+03 3.420563e+03 
1.612406e-03 3.496901e+03 3.459482e+03 
1.633289e-03 3.536227e+03 3.498797e+03 
1.654442e-03 3.575951e+03 3.538509e+03 
1.675869e-03 3.616075e+03 3.578622e+03 
1.697574e-03 3.656602e+03 3.619139e+03 
1.719559e-03 3.697536e+03 3.660062e+03 
1.741830e-03 3.738879e+03 3.701394e+03 
1.764389e-03 3.780634e+03 3.743139e+03 
1.787240e-03 3.822804e+03 3.785298e+03 
1.810387e-03 3.865390e+03 3.827874e+03 
1.833833e-03 3.908396e+03 3.870870e+03 
1.857584e-03 3.951824e+03 3.914288e+03 
1.881642e-03 3.995677e+03 3.958131e+03 
1.906011e-03 4.039957e+03 4.002401e+03 
1.930697e-03 4.084667e+03 4.047101e+03 
1.955702e-03 4.129808e+03 4.092233e+03 
1.981030e-03 4.175383e+03 4.137799e+03 
2.006687e-03 4.221395e+03 4.183800e+03 
2.032676e-03 4.267844e+03 4.230240e+03 
2.059002e-03 4.314733e+03 4.277121e+03 
2.085669e-03 4.362065e+03 4.324444e+03 
2.112681e-03 4.409841e+03 4.372211e+03 
2.140043e-03 4.458062e+03 4.420423e+03 
2.167759e-03 4.506731e+03 4.469083e+03 
2.195834e-03 4.555849e+03 4.518192e+03 
2.224273e-03 4.605417e+03 4.567752e+03 
2.253080e-03 4.655438e+03 4.617764e+03 
2.282260e-03 4.705912e+03 4.668230e+03 
2.311818e-03 4.756840e+03 4.719150e+03 
2.341759e-03 4.808225e+03 4.770527e+03 
2.372088e-03 4.860066e+03 4.822360e+03 
2.402809e-03 4.912365e+03 4.874651e+03 
2.433929e-03 4.965123e+03 4.927401e+03 
2.465451e-03 5.018340e+03 4.980610e+03 
2.497382e-03 5.072017e+03 5.034280e+03 
2.529726e-03 5.126155e+03 5.088410e+03 
2.562489e-03 5.180754e+03 5.143002e+03 
2.595676e-03 5.235814e+03 5.198055e+03 
2.629294e-03 5.291336e+03 5.253569e+03 
2.663346e-03 5.347319e+03 5.309546e+03 
2.697840e-03 5.403764e+03 5.365983e+03 
2.732780e-03 5.460670e+03 5.422883e+03 
2.768173e-03 5.518037e+03 5.480243e+03 
2.804024e-03 5.575865e+03 5.538064e+03 
2.840340e-03 5.634153e+03 5.596345e+03 
2.877126e-03 5.692900e+03 5.655085e+03 
2.914388e-03 5.752105e+03 5.714284e+03 
2.952133e-03 5.811767e+03 5.773939e+03 
2.990367e-03 5.871885e+03 5.834051e+03 
3.029096e-03 5.932458e+03 5.894618e+03 
3.068327e-03 5.993484e+03 5.955638e+03 
3.108065e-03 6.054962e+03 6.017109e+03 
3.148319e-03 6.116889e+03 6.079031e+03 
3.189093e-03 6.179264e+03 6.141399e+03 
3.230396e-03 6.242085e+03 6.204214e+03 
3.272234e-03 6.305348e+03 6.267471e+03 
3.314613e-03 6.369052e+03 6.331169e+03 
3.357542e-03 6.433194e+03 6.395305e+03 
3.401026e-03 6.497769e+03 6.459876e+03 
3.445073e-03 6.562777e+03 6.524878e+03 
3.489691e-03 6.628214e+03 6.590309e+03 
3.534887e-03 6.694075e+03 6.656164e+03 
3.580669e-03 6.760357e+03 6.722441e+03 
3.627043e-03 6.827056e+03 6.789136e+03 
3.674017e-03 6.894169e+03 6.856243e+03 
3.721600e-03 6.961690e+03 6.923759e+03 
3.769800e-03 7.029615e+03 6.991679e+03 
3.818623e-03 7.097939e+03 7.059998e+03 
3.868079e-03 7.166658e+03 7.128712e+03 
3.918176e-03 7.235765e+03 7.197814e+03 
3.968921e-03 7.305256e+03 7.267300e+03 
4.020324e-03 7.375124e+03 7.337163e+03 
4.072392e-03 7.445364e+03 7.407399e+03 
4.125134e-03 7.515969e+03 7.477999e+03 
4.178560e-03 7.586933e+03 7.548959e+03 
4.232677e-03 7.658250e+03 7.620271e+03 
4.287496e-03 7.729911e+03 7.691928e+03 
4.343024e-03 7.801911e+03 7.763923e+03 
4.399272e-03 7.874241e+03 7.836249e+03 
4.456248e-03 7.946892e+03 7.908896e+03 
4.513962e-03 8.019860e+03 7.981859e+03 
4.572423e-03 8.093133e+03 8.055128e+03 
4.631642e-03 8.166702e+03 8.128694e+03 
4.691627e-03 8.240561e+03 8.202548e+03 
4.752390e-03 8.314699e+03 8.276683e+03 
4.813939e-03 8.389106e+03 8.351086e+03 
4.876286e-03 8.463773e+03 8.425749e+03 
4.939440e-03 8.538690e+03 8.500662e+03 
5.003412e-03 8.613846e+03 8.558051e+03 
5.068212e-03 8.689231e+03 8.633048e+03 
5.133852e-03 8.764831e+03 8.708252e+03 
5.200341e-03 8.840638e+03 8.783655e+03 
5.267692e-03 8.916637e+03 8.859244e+03 
5.335916e-03 8.992819e+03 8.935007e+03 
5.405022e-03 9.069170e+03 9.010931e+03 
5.475024e-03 9.145677e+03 9.087004e+03 
5.545932e-03 9.222326e+03 9.163211e+03 
5.617759e-03 9.299106e+03 9.239541e+03 
5.690516e-03 9.376000e+03 9.315976e+03 
5.764215e-03 9.453000e+03 9.392509e+03 
5.838869e-03 9.530084e+03 9.469118e+03 
5.914490e-03 9.607242e+03 9.545793e+03 
5.991090e-03 9.684453e+03 9.622511e+03 
6.068682e-03 9.761704e+03 9.699260e+03 
6.147279e-03 9.838980e+03 9.776027e+03 
6.226894e-03 9.916263e+03 9.852791e+03 
6.307540e-03 9.993534e+03 9.929534e+03 
6.389230e-03 1.007077e+04 1.000624e+04 
6.471979e-03 1.014797e+04 1.008288e+04 
6.555799e-03 1.022510e+04 1.015947e+04 
6.640705e-03 1.030216e+04 1.023595e+04 
6.726710e-03 1.037913e+04 1.031236e+04 
6.813830e-03 1.045597e+04 1.038861e+04 
6.902077e-03 1.053267e+04 1.046472e+04 
6.991468e-03 1.060922e+04 1.054066e+04 
7.082016e-03 1.068557e+04 1.061640e+04 
7.173737e-03 1.076173e+04 1.069193e+04 
7.266646e-03 1.083767e+04 1.076723e+04 
7.360758e-03 1.091336e+04 1.084228e+04 
7.456089e-03 1.098878e+04 1.091705e+04 
7.552654e-03 1.106391e+04 1.099152e+04 
7.650471e-03 1.113874e+04 1.106567e+04 
7.749554e-03 1.121322e+04 1.113947e+04 
7.849920e-03 1.128734e+04 1.121290e+04 
7.951586e-03 1.136108e+04 1.128593e+04 
8.054569e-03 1.143441e+04 1.135853e+04 
8.158886e-03 1.150730e+04 1.143070e+04 
8.264554e-03 1.157972e+04 1.150239e+04 
8.371590e-03 1.165166e+04 1.157357e+04 
8.480013e-03 1.172308e+04 1.164424e+04 
8.589839e-03 1.179397e+04 1.171435e+04 
8.701088e-03 1.186428e+04 1.178388e+04 
8.813778e-03 1.193399e+04 1.185279e+04 
8.927928e-03 1.200307e+04 1.192107e+04 
9.043556e-03 1.207149e+04 1.198868e+04 
9.160681e-03 1.213923e+04 1.205560e+04 
9.279323e-03 1.220626e+04 1.212178e+04 
9.399502e-03 1.227254e+04 1.218721e+04 
9.521237e-03 1.233804e+04 1.225186e+04 
9.644549e-03 1.240273e+04 1.231568e+04 
9.769458e-03 1.246658e+04 1.237865e+04 
9.895985e-03 1.252956e+04 1.244074e+04 
1.002415e-02 1.259163e+04 1.250191e+04 
1.015398e-02 1.265277e+04 1.256213e+04 
1.028548e-02 1.271293e+04 1.262137e+04 
1.041869e-02 1.277209e+04 1.267959e+04 
1.055363e-02 1.283021e+04 1.273677e+04 
1.069031e-02 1.288725e+04 1.279285e+04 
1.082876e-02 1.294319e+04 1.284782e+04 
1.096901e-02 1.299798e+04 1.290163e+04 
1.111107e-02 1.305159e+04 1.295426e+04 
1.125497e-02 1.310398e+04 1.300565e+04 
1.140074e-02 1.315513e+04 1.305579e+04 
1.154839e-02 1.320498e+04 1.310463e+04 
1.169796e-02 1.325350e+04 1.315213e+04 
1.184946e-02 1.330066e+04 1.319826e+04 
1.200293e-02 1.334643e+04 1.324298e+04 
1.215838e-02 1.339075e+04 1.328625e+04 
1.231585e-02 1.343361e+04 1.332804e+04 
1.247535e-02 1.347494e+04 1.336830e+04 
1.263692e-02 1.351474e+04 1.340703e+04 
1.280059e-02 1.355294e+04 1.344414e+04 
1.296637e-02 1.358952e+04 1.347963e+04 
1.313430e-02 1.362443e+04 1.351344e+04 
1.330441e-02 1.365764e+04 1.354554e+04 
1.347671e-02 1.368910e+04 1.357589e+04 
1.365126e-02 1.371879e+04 1.360446e+04 
1.382806e-02 1.374665e+04 1.363120e+04 
1.400715e-02 1.377263e+04 1.365604e+04 
1.418856e-02 1.379679e+04 1.367907e+04 
1.437232e-02 1.381898e+04 1.370012e+04 
1.455846e-02 1.383920e+04 1.371920e+04 
1.474701e-02 1.385737e+04 1.373623e+04 
1.493800e-02 1.387359e+04 1.375129e+04 
1.513146e-02 1.388768e+04 1.376424e+04 
1.532743e-02 1.389967e+04 1.377508e+04 
1.552594e-02 1.390952e+04 1.378377e+04 
1.572702e-02 1.391717e+04 1.379026e+04 
1.593071e-02 1.392260e+04 1.379455e+04 
1.613703e-02 1.392579e+04 1.379658e+04 
1.634603e-02 1.392670e+04 1.379635e+04 
1.655773e-02 1.392531e+04 1.379381e+04 
1.677217e-02 1.392157e+04 1.378892e+04 
1.698939e-02 1.391544e+04 1.378165e+04 
1.720942e-02 1.390693e+04 1.377201e+04 
1.743231e-02 1.389599e+04 1.375994e+04 
1.765808e-02 1.388259e+04 1.374541e+04 
1.788677e-02 1.386675e+04 1.372846e+04 
1.811843e-02 1.384836e+04 1.370896e+04 
1.835308e-02 1.382750e+04 1.368700e+04 
1.859078e-02 1.380408e+04 1.366250e+04 
1.883155e-02 1.377813e+04 1.363547e+04 
1.907545e-02 1.374960e+04 1.360588e+04 
1.932250e-02 1.371849e+04 1.357373e+04 
1.957275e-02 1.368477e+04 1.353897e+04 
1.982624e-02 1.364845e+04 1.350163e+04 
2.008301e-02 1.360952e+04 1.346170e+04 
2.034311e-02 1.356798e+04 1.341917e+04 
2.060658e-02 1.352383e+04 1.337406e+04 
2.087346e-02 1.347707e+04 1.332635e+04 
2.114380e-02 1.342768e+04 1.327604e+04 
2.141764e-02 1.337567e+04 1.322313e+04 
2.169502e-02 1.332109e+04 1.316767e+04 
2.197600e-02 1.326393e+04 1.310966e+04 
2.226062e-02 1.320415e+04 1.304905e+04 
2.254892e-02 1.314187e+04 1.298597e+04 
2.284096e-02 1.307703e+04 1.292036e+04 
2.313678e-02 1.300971e+04 1.285230e+04 
2.343643e-02 1.293993e+04 1.278181e+04 
2.373996e-02 1.286773e+04 1.270893e+04 
2.404742e-02 1.279314e+04 1.263369e+04 
2.435886e-02 1.271613e+04 1.255607e+04 
2.467434e-02 1.263679e+04 1.247616e+04 
2.499390e-02 1.255525e+04 1.239407e+04 
2.531761e-02 1.247132e+04 1.230964e+04 
2.564550e-02 1.238528e+04 1.222313e+04 
2.597764e-02 1.229720e+04 1.213463e+04 
2.631408e-02 1.220702e+04 1.204406e+04 
2.665489e-02 1.211485e+04 1.195154e+04 
2.700010e-02 1.202098e+04 1.185736e+04 
2.734978e-02 1.192502e+04 1.176114e+04 
2.770400e-02 1.182735e+04 1.166325e+04 
2.806280e-02 1.172796e+04 1.156368e+04 
2.842625e-02 1.162705e+04 1.146264e+04 
2.879440e-02 1.152461e+04 1.136011e+04 
2.916733e-02 1.142092e+04 1.125637e+04 
2.954508e-02 1.131569e+04 1.115114e+04 
2.992772e-02 1.120939e+04 1.104488e+04 
3.031533e-02 1.110189e+04 1.093748e+04 
3.070795e-02 1.099340e+04 1.082912e+04 
3.110565e-02 1.088415e+04 1.072004e+04 
3.150851e-02 1.077406e+04 1.061017e+04 
3.191658e-02 1.066325e+04 1.049962e+04 
3.232994e-02 1.055183e+04 1.038850e+04 
3.274866e-02 1.044007e+04 1.027710e+04 
3.317279e-02 1.032787e+04 1.016528e+04 
3.360242e-02 1.021562e+04 1.005345e+04 
3.403762e-02 1.010322e+04 9.941520e+03 
3.447845e-02 9.990952e+03 9.829752e+03 
3.492498e-02 9.878882e+03 9.718218e+03 
3.537731e-02 9.766995e+03 9.606902e+03 
3.583549e-02 9.655484e+03 9.495996e+03 
3.629960e-02 9.544613e+03 9.385758e+03 
3.676973e-02 9.434371e+03 9.276178e+03 
3.724594e-02 9.324789e+03 9.167286e+03 
3.772832e-02 9.216142e+03 9.059353e+03 
3.821695e-02 9.108555e+03 8.952502e+03 
3.871191e-02 9.001983e+03 8.846685e+03 
3.921327e-02 8.896665e+03 8.742140e+03 
3.972113e-02 8.792547e+03 8.638811e+03 
4.023557e-02 8.689892e+03 8.536956e+03 
4.075667e-02 8.588714e+03 8.436588e+03 
4.128452e-02 8.489152e+03 8.337843e+03 
4.181921e-02 8.391185e+03 8.240697e+03 
4.236082e-02 8.294902e+03 8.145239e+03 
4.290945e-02 8.200453e+03 8.051612e+03 
4.346518e-02 8.107814e+03 7.959792e+03 
4.402810e-02 8.017075e+03 7.869867e+03 
4.459832e-02 7.928269e+03 7.781865e+03 
4.517593e-02 7.841339e+03 7.695731e+03 
4.576101e-02 7.756518e+03 7.611690e+03 
4.635367e-02 7.673547e+03 7.529487e+03 
4.695401e-02 7.592528e+03 7.449221e+03 
4.756212e-02 7.513570e+03 7.370995e+03 
4.817811e-02 7.436492e+03 7.294633e+03 
4.880208e-02 7.361352e+03 7.220186e+03 
4.943413e-02 7.288066e+03 7.147574e+03 
5.007436e-02 7.216591e+03 7.076750e+03 
5.072289e-02 7.146796e+03 7.007588e+03 
5.137981e-02 7.078672e+03 6.940076e+03 
5.204524e-02 7.011970e+03 6.873971e+03 
5.271929e-02 6.946976e+03 6.809547e+03 
5.340208e-02 6.883084e+03 6.746217e+03 
5.409370e-02 6.820484e+03 6.684163e+03 
5.479428e-02 6.758937e+03 6.623153e+03 
5.550393e-02 6.698213e+03 6.562963e+03 
5.622278e-02 6.638249e+03 6.503531e+03 
5.695093e-02 6.578829e+03 6.444647e+03 
5.768852e-02 6.519792e+03 6.386156e+03 
5.843566e-02 6.460963e+03 6.327890e+03 
5.919247e-02 6.402121e+03 6.269634e+03 
5.995909e-02 6.343094e+03 6.211226e+03 
6.073563e-02 6.283663e+03 6.152452e+03 
6.152224e-02 6.223593e+03 6.093090e+03 
6.231902e-02 6.162783e+03 6.033044e+03 
6.312613e-02 6.100961e+03 5.972054e+03 
6.394370e-02 6.037971e+03 5.909973e+03 
6.477185e-02 5.973634e+03 5.846632e+03 
6.561072e-02 5.907810e+03 5.781901e+03 
6.646046e-02 5.840280e+03 5.715572e+03 
6.732121e-02 5.770966e+03 5.647575e+03 
6.819310e-02 5.699755e+03 5.577806e+03 
6.907629e-02 5.626491e+03 5.506120e+03 
6.997091e-02 5.551198e+03 5.432544e+03 
7.087712e-02 5.473772e+03 5.356986e+03 
7.179507e-02 5.394204e+03 5.279439e+03 
7.272491e-02 5.312516e+03 5.199932e+03 
7.366678e-02 5.228766e+03 5.118523e+03 
7.462086e-02 5.143067e+03 5.035325e+03 
7.558729e-02 5.055471e+03 4.950394e+03 
7.656624e-02 4.966157e+03 4.863903e+03 
7.755787e-02 4.875312e+03 4.776034e+03 
7.856234e-02 4.783134e+03 4.686979e+03 
7.957982e-02 4.689887e+03 4.596993e+03 
8.061048e-02 4.595795e+03 4.506291e+03 
8.165449e-02 4.501163e+03 4.415164e+03 
8.271201e-02 4.406316e+03 4.323923e+03 
8.378324e-02 4.311566e+03 4.232863e+03 
8.486833e-02 4.217235e+03 4.142290e+03 
8.596749e-02 4.123727e+03 4.052585e+03 
8.708087e-02 4.031428e+03 3.964114e+03 
8.820868e-02 3.940588e+03 3.877109e+03 
8.935109e-02 3.851533e+03 3.791876e+03 
9.050830e-02 3.764632e+03 3.708762e+03 
9.168049e-02 3.680171e+03 3.628029e+03 
9.286787e-02 3.598420e+03 3.549930e+03 
9.407062e-02 3.519646e+03 3.474710e+03 
9.528896e-02 3.444058e+03 3.402559e+03 
9.652307e-02 3.371816e+03 3.333622e+03 
9.777316e-02 3.303040e+03 3.268005e+03 
9.903944e-02 3.237821e+03 3.205787e+03 
1.003221e-01 3.176193e+03 3.146991e+03 
1.016214e-01 3.118146e+03 3.091602e+03 
1.029375e-01 3.063600e+03 3.039536e+03 
1.042707e-01 3.012436e+03 2.990675e+03 
1.056212e-01 2.964491e+03 2.944859e+03 
1.069891e-01 2.919561e+03 2.901891e+03 
1.083747e-01 2.877347e+03 2.861485e+03 
1.097783e-01 2.837498e+03 2.823310e+03 
1.112001e-01 2.799684e+03 2.787051e+03 
1.126403e-01 2.763569e+03 2.752393e+03 
1.140991e-01 2.728747e+03 2.718955e+03 
1.155768e-01 2.694739e+03 2.686289e+03 
1.170737e-01 2.661072e+03 2.653957e+03 
1.185899e-01 2.627336e+03 2.621578e+03 
1.201258e-01 2.593107e+03 2.588760e+03 
1.216816e-01 2.557998e+03 2.555149e+03 
1.232575e-01 2.521619e+03 2.520387e+03 
1.248539e-01 2.483661e+03 2.484193e+03 
1.264709e-01 2.443890e+03 2.446355e+03 
1.281088e-01 2.402112e+03 2.406701e+03 
1.297680e-01 2.358271e+03 2.365183e+03 
1.314487e-01 2.312343e+03 2.321787e+03 
1.331511e-01 2.264425e+03 2.276607e+03 
1.348755e-01 2.214696e+03 2.229812e+03 
1.366224e-01 2.163397e+03 2.181628e+03 
1.383918e-01 2.110886e+03 2.132389e+03 
1.401841e-01 2.057566e+03 2.082465e+03 
1.419997e-01 2.003881e+03 2.032265e+03 
1.438388e-01 1.950317e+03 1.982235e+03 
1.457017e-01 1.897368e+03 1.932826e+03 
1.475887e-01 1.845502e+03 1.884463e+03 
1.495001e-01 1.795202e+03 1.837584e+03 
1.514363e-01 1.746869e+03 1.792549e+03 
1.533976e-01 1.700856e+03 1.749677e+03 
1.553843e-01 1.657475e+03 1.709244e+03 
1.573967e-01 1.616885e+03 1.671389e+03 
1.594352e-01 1.579217e+03 1.636222e+03 
1.615001e-01 1.544469e+03 1.603736e+03 
1.635917e-01 1.512525e+03 1.573818e+03 
1.657105e-01 1.483223e+03 1.546314e+03 
1.678566e-01 1.456275e+03 1.520957e+03 
1.700306e-01 1.431341e+03 1.497436e+03 
1.722327e-01 1.408017e+03 1.475381e+03 
1.744633e-01 1.385831e+03 1.454364e+03 
1.767228e-01 1.364286e+03 1.433935e+03 
1.790116e-01 1.342951e+03 1.413705e+03 
1.813300e-01 1.321390e+03 1.393285e+03 
1.836785e-01 1.299206e+03 1.372318e+03 
1.860573e-01 1.276070e+03 1.350512e+03 
1.884670e-01 1.251669e+03 1.327590e+03 
1.909079e-01 1.225900e+03 1.303464e+03 
1.933804e-01 1.198760e+03 1.278137e+03 
1.958849e-01 1.170338e+03 1.251689e+03 
1.984219e-01 1.140899e+03 1.224363e+03 
2.009917e-01 1.110762e+03 1.196445e+03 
2.035948e-01 1.080330e+03 1.168296e+03 
2.062316e-01 1.050076e+03 1.140337e+03 
2.089025e-01 1.020461e+03 1.112978e+03 
2.116081e-01 9.918469e+02 1.086536e+03 
2.143487e-01 9.645873e+02 1.061324e+03 
2.171247e-01 9.389039e+02 1.037533e+03 
2.199368e-01 9.149034e+02 1.015252e+03 
2.227852e-01 8.926540e+02 9.945391e+02 
2.256706e-01 8.720796e+02 9.753210e+02 
2.285933e-01 8.530583e+02 9.574862e+02 
2.315539e-01 8.353913e+02 9.408558e+02 
2.345528e-01 8.187920e+02 9.251747e+02 
2.375905e-01 8.029459e+02 9.101641e+02 
2.406676e-01 7.875144e+02 8.955255e+02 
2.437846e-01 7.721335e+02 8.809396e+02 
2.469419e-01 7.565044e+02 8.661451e+02 
2.501401e-01 7.404359e+02 8.509761e+02 
2.533797e-01 7.237624e+02 8.352898e+02 
2.566613e-01 7.065062e+02 8.191076e+02 
2.599854e-01 6.887750e+02 8.025254e+02 
2.633525e-01 6.707257e+02 7.856814e+02 
2.667632e-01 6.525958e+02 7.687831e+02 
2.702182e-01 6.346435e+02 7.520551e+02 
2.737178e-01 6.171124e+02 7.357081e+02 
2.772628e-01 6.002477e+02 7.199534e+02 
2.808537e-01 5.842447e+02 7.049582e+02 
2.844911e-01 5.691959e+02 6.907998e+02 
2.881756e-01 5.551627e+02 6.775287e+02 
2.919079e-01 5.420427e+02 6.650539e+02 
2.956884e-01 5.296529e+02 6.532156e+02 
2.995180e-01 5.177958e+02 6.418421e+02 
3.033971e-01 5.062595e+02 6.307503e+02 
3.073265e-01 4.948378e+02 6.197627e+02 
3.113067e-01 4.834070e+02 6.087733e+02 
3.153385e-01 4.718653e+02 5.976956e+02 
3.194226e-01 4.601809e+02 5.865028e+02 
3.235595e-01 4.483766e+02 5.752153e+02 
3.277500e-01 4.365229e+02 5.638937e+02 
3.319948e-01 4.247688e+02 5.526652e+02 
3.362945e-01 4.132690e+02 5.416614e+02 
3.406499e-01 4.021486e+02 5.309880e+02 
3.450618e-01 3.915162e+02 5.207361e+02 
3.495308e-01 3.813862e+02 5.109168e+02 
3.540576e-01 3.717332e+02 5.015074e+02 
3.586431e-01 3.625054e+02 4.924629e+02 
3.632880e-01 3.536312e+02 4.837219e+02 
3.679930e-01 3.450042e+02 4.751939e+02 
3.727590e-01 3.364986e+02 4.667725e+02 
3.775867e-01 3.280439e+02 4.583983e+02 
3.824769e-01 3.196105e+02 4.500467e+02 
3.874304e-01 3.112292e+02 4.417437e+02 
3.924482e-01 3.029595e+02 4.335392e+02 
3.975308e-01 2.948524e+02 4.254759e+02 
4.026794e-01 2.869538e+02 4.175920e+02 
4.078946e-01 2.793004e+02 4.099177e+02 
4.131773e-01 2.719176e+02 4.024739e+02 
4.185285e-01 2.648126e+02 3.952658e+02 
4.239489e-01 2.579450e+02 3.882595e+02 
4.294396e-01 2.512647e+02 3.814128e+02 
4.350014e-01 2.447415e+02 3.747005e+02 
4.406352e-01 2.383568e+02 3.681069e+02 
4.463420e-01 2.320923e+02 3.616168e+02 
4.521226e-01 2.259270e+02 3.552127e+02 
4.579782e-01 2.198637e+02 3.488970e+02 
4.639096e-01 2.139295e+02 3.426921e+02 
4.699178e-01 2.081550e+02 3.366231e+02 
4.760038e-01 2.025481e+02 3.306962e+02 
4.821687e-01 1.971069e+02 3.249097e+02 
4.884133e-01 1.918354e+02 3.192668e+02 
4.947389e-01 1.867253e+02 3.137605e+02 
5.011464e-01 1.817451e+02 3.083647e+02 
5.076369e-01 1.768642e+02 3.030545e+02 
5.142114e-01 1.720810e+02 2.978284e+02 
5.208711e-01 1.674067e+02 2.926957e+02 
5.276170e-01 1.628424e+02 2.876573e+02 
5.344503e-01 1.583908e+02 2.827153e+02 
5.413721e-01 1.540670e+02 2.778820e+02 
5.483835e-01 1.498727e+02 2.731588e+02 
5.554858e-01 1.457892e+02 2.685303e+02 
5.626800e-01 1.418060e+02 2.639882e+02 
5.699674e-01 1.379280e+02 2.595363e+02 
5.773492e-01 1.341470e+02 2.551680e+02 
5.848266e-01 1.304516e+02 2.508743e+02 
5.924008e-01 1.268499e+02 2.466616e+02 
6.000732e-01 1.233469e+02 2.425341e+02 
6.078449e-01 1.199333e+02 2.384842e+02 
6.157172e-01 1.166100e+02 2.345128e+02 
6.236915e-01 1.133826e+02 2.306243e+02 
6.317691e-01 1.102378e+02 2.268081e+02 
6.399513e-01 1.071698e+02 2.230597e+02 
6.482395e-01 1.041854e+02 2.193845e+02 
6.566350e-01 1.012776e+02 2.157771e+02 
6.651392e-01 9.844279e+01 2.122345e+02 
6.737536e-01 9.568879e+01 2.087631e+02 
6.824795e-01 9.300793e+01 2.053568e+02 
6.913185e-01 9.039579e+01 2.020121e+02 
7.002719e-01 8.785773e+01 1.987335e+02 
7.093413e-01 8.538479e+01 1.955137e+02 
7.185282e-01 8.297568e+01 1.923520e+02 
7.278340e-01 8.063492e+01 1.892518e+02 
7.372604e-01 7.835383e+01 1.862064e+02 
7.468088e-01 7.613551e+01 1.832183e+02 
7.564809e-01 7.397899e+01 1.802867e+02 
7.662783e-01 7.187705e+01 1.774061e+02 
7.762025e-01 6.983487e+01 1.745806e+02 
7.862553e-01 6.784649e+01 1.718054e+02 
7.964383e-01 6.591132e+01 1.690803e+02 
8.067532e-01 6.403105e+01 1.664065e+02 
8.172016e-01 6.219910e+01 1.637789e+02 
8.277854e-01 6.041969e+01 1.612009e+02 
8.385063e-01 5.868720e+01 1.586682e+02 
8.493660e-01 5.700250e+01 1.561813e+02 
8.603663e-01 5.536468e+01 1.537396e+02 
8.715091e-01 5.377023e+01 1.513404e+02 
8.827963e-01 5.222190e+01 1.489858e+02 
8.942296e-01 5.071400e+01 1.466715e+02 
9.058110e-01 4.924997e+01 1.444000e+02 
9.175424e-01 4.782457e+01 1.421675e+02 
9.294257e-01 4.644030e+01 1.399756e+02 
9.414629e-01 4.509332e+01 1.378215e+02 
9.536560e-01 4.378468e+01 1.357060e+02 
9.660070e-01 4.251205e+01 1.336272e+02 
9.785180e-01 4.127529e+01 1.315851e+02 
9.911911e-01 4.007226e+01 1.295779e+02 
1.004028e+00 3.890359e+01 1.276061e+02 
1.017032e+00 3.776724e+01 1.256681e+02 
1.030203e+00 3.666326e+01 1.237638e+02 
1.043546e+00 3.558967e+01 1.218919e+02 
1.057061e+00 3.454685e+01 1.200524e+02 
1.070751e+00 3.353249e+01 1.182436e+02 
1.084619e+00 3.254805e+01 1.164664e+02 
1.098666e+00 3.159009e+01 1.147184e+02 
1.112895e+00 3.066035e+01 1.130006e+02 
1.127309e+00 2.975616e+01 1.113111e+02 
1.141909e+00 2.887822e+01 1.096502e+02 
1.156698e+00 2.802517e+01 1.080169e+02 
1.171678e+00 2.719612e+01 1.064105e+02 
1.186853e+00 2.639137e+01 1.048310e+02 
1.202224e+00 2.560875e+01 1.032769e+02 
1.217795e+00 2.484924e+01 1.017486e+02 
1.233567e+00 2.411138e+01 1.002451e+02 
1.249543e+00 2.339430e+01 9.876573e+01 
1.265726e+00 2.269833e+01 9.731045e+01 
1.282119e+00 2.202189e+01 9.587816e+01 
1.298724e+00 2.136477e+01 9.446858e+01 
1.315544e+00 2.072698e+01 9.308156e+01 
1.332582e+00 2.010754e+01 9.171634e+01 
1.349840e+00 1.950583e+01 9.037239e+01 
1.367322e+00 1.892180e+01 8.904953e+01 
1.385031e+00 1.835448e+01 8.774701e+01 
1.402969e+00 1.780355e+01 8.646450e+01 
1.421139e+00 1.726892e+01 8.520177e+01 
1.439545e+00 1.674982e+01 8.395823e+01 
1.458188e+00 1.624560e+01 8.273333e+01 
1.477074e+00 1.575619e+01 8.152689e+01 
1.496204e+00 1.528121e+01 8.033852e+01 
1.515581e+00 1.482003e+01 7.916772e+01 
1.535210e+00 1.437218e+01 7.801408e+01 
1.555093e+00 1.393745e+01 7.687732e+01 
1.575233e+00 1.351554e+01 7.575714e+01 
1.595635e+00 1.310578e+01 7.465301e+01 
1.616300e+00 1.270833e+01 7.356486e+01 
1.637233e+00 1.232311e+01 7.249250e+01 
1.658437e+00 1.194865e+01 7.143502e+01 
1.679916e+00 1.158533e+01 7.039246e+01 
1.701673e+00 1.123280e+01 6.936449e+01 
1.723712e+00 1.089069e+01 6.835079e+01 
1.746036e+00 1.055867e+01 6.735105e+01 
1.768650e+00 1.023646e+01 6.636498e+01 
1.791556e+00 9.923820e+00 6.539233e+01 
1.814759e+00 9.620389e+00 6.443280e+01 
1.838262e+00 9.326024e+00 6.348616e+01 
1.862070e+00 9.040417e+00 6.255216e+01 
1.886186e+00 8.763328e+00 6.163053e+01 
1.910614e+00 8.494586e+00 6.072107e+01 
1.935359e+00 8.233826e+00 5.982349e+01 
1.960425e+00 7.980716e+00 5.893752e+01 
1.985815e+00 7.735227e+00 5.806302e+01 
2.011533e+00 7.497170e+00 5.719977e+01 
2.037585e+00 7.266233e+00 5.634754e+01 
2.063974e+00 7.042239e+00 5.550612e+01 
2.090706e+00 6.824993e+00 5.467533e+01 
2.117783e+00 6.614276e+00 5.385495e+01 
2.145211e+00 6.409887e+00 5.304479e+01 
2.172994e+00 6.211696e+00 5.224471e+01 
2.201137e+00 6.019473e+00 5.145449e+01 
2.229644e+00 5.833000e+00 5.067395e+01 
2.258521e+00 5.652182e+00 4.990296e+01 
2.287772e+00 5.476834e+00 4.914135e+01 
2.317401e+00 5.306809e+00 4.838897e+01 
2.347414e+00 5.141911e+00 4.764565e+01 
2.377816e+00 4.982010e+00 4.691126e+01 
2.408612e+00 4.827214e+00 4.618574e+01 
2.439806e+00 4.676901e+00 4.546879e+01 
2.471405e+00 4.531176e+00 4.476037e+01 
2.503413e+00 4.389888e+00 4.406035e+01 
2.535835e+00 4.252884e+00 4.336859e+01 
2.568677e+00 4.120061e+00 4.268498e+01 
2.601945e+00 3.991288e+00 4.200942e+01 
2.635643e+00 3.866473e+00 4.134180e+01 
2.669778e+00 3.745465e+00 4.068200e+01 
2.704355e+00 3.628171e+00 4.002994e+01 
2.739380e+00 3.514455e+00 3.938550e+01 
2.774858e+00 3.404212e+00 3.874859e+01 
2.810796e+00 3.297387e+00 3.811915e+01 
2.847199e+00 3.193806e+00 3.749705e+01 
2.884074e+00 3.093421e+00 3.688224e+01 
2.921427e+00 2.996138e+00 3.627463e+01 
2.959263e+00 2.901843e+00 3.567415e+01 
2.997589e+00 2.810442e+00 3.508072e+01 
3.036411e+00 2.721768e+00 3.449424e+01 
3.075737e+00 2.635948e+00 3.391471e+01 
3.115571e+00 2.552763e+00 3.334203e+01 
3.155922e+00 2.472206e+00 3.277616e+01 
3.196795e+00 2.393984e+00 3.221698e+01 
3.238197e+00 2.318287e+00 3.166450e+01 
3.280136e+00 2.244955e+00 3.111866e+01 
3.322618e+00 2.173872e+00 3.057938e+01 
3.365650e+00 2.105005e+00 3.004662e+01 
3.409239e+00 2.038377e+00 2.952037e+01 
3.453393e+00 1.973713e+00 2.900052e+01 
3.498119e+00 1.911071e+00 2.848706e+01 
3.543424e+00 1.850365e+00 2.797995e+01 
3.589316e+00 1.791462e+00 2.747912e+01 
3.635802e+00 1.734564e+00 2.698461e+01 
3.682890e+00 1.679381e+00 2.649632e+01 
3.730588e+00 1.625933e+00 2.601422e+01 
3.778904e+00 1.574042e+00 2.553826e+01 
3.827845e+00 1.523920e+00 2.506847e+01 
3.877421e+00 1.475336e+00 2.460478e+01 
3.927638e+00 1.428216e+00 2.414713e+01 
3.978506e+00 1.382583e+00 2.369553e+01 
4.030033e+00 1.338458e+00 2.324996e+01 
4.082227e+00 1.295601e+00 2.281033e+01 
4.135096e+00 1.254215e+00 2.237669e+01 
4.188651e+00 1.214063e+00 2.194896e+01 
4.242899e+00 1.175180e+00 2.152712e+01 
4.297850e+00 1.137521e+00 2.111116e+01 
4.353513e+00 1.101041e+00 2.070103e+01 
4.409896e+00 1.065713e+00 2.029672e+01 
4.467010e+00 1.031488e+00 1.989820e+01 
4.524863e+00 9.983739e-01 1.950544e+01 
4.583466e+00 9.662971e-01 1.911841e+01 
4.642827e+00 9.351635e-01 1.873708e+01 
4.702958e+00 9.051133e-01 1.836144e+01 
4.763867e+00 8.759782e-01 1.799144e+01 
4.825565e+00 8.477651e-01 1.762705e+01 
4.888062e+00 8.204446e-01 1.726826e+01 
4.951368e+00 7.939850e-01 1.691501e+01 
5.015495e+00 7.683772e-01 1.656730e+01 
5.080452e+00 7.435707e-01 1.622508e+01 
5.146250e+00 7.195621e-01 1.588832e+01 
5.212900e+00 6.963077e-01 1.555698e+01 
5.280414e+00 6.737910e-01 1.523103e+01 
5.348802e+00 6.519934e-01 1.491044e+01 
5.418075e+00 6.309107e-01 1.459516e+01 
5.488246e+00 6.104696e-01 1.428516e+01 
5.559326e+00 5.906959e-01 1.398040e+01 
5.631326e+00 5.715467e-01 1.368083e+01 
5.704259e+00 5.530069e-01 1.338642e+01 
5.778136e+00 5.350718e-01 1.309713e+01 
5.852970e+00 5.177047e-01 1.281290e+01 
5.928773e+00 5.008897e-01 1.253370e+01 
6.005558e+00 4.846085e-01 1.225948e+01 
6.083338e+00 4.688545e-01 1.199018e+01 
6.162125e+00 4.536035e-01 1.172577e+01 
6.241932e+00 4.388460e-01 1.146620e+01 
6.322773e+00 4.245567e-01 1.121140e+01 
6.404660e+00 4.107271e-01 1.096134e+01 
6.487609e+00 3.973391e-01 1.071596e+01 
6.571631e+00 3.843848e-01 1.047521e+01 
6.656742e+00 3.718461e-01 1.023904e+01 
6.742955e+00 3.597096e-01 1.000738e+01 
6.830285e+00 3.479643e-01 9.780185e+00 
6.918746e+00 3.365991e-01 9.557403e+00 
7.008352e+00 3.255993e-01 9.338974e+00 
7.099119e+00 3.149548e-01 9.124841e+00 
7.191061e+00 3.046502e-01 8.914948e+00 
7.284194e+00 2.946798e-01 8.709238e+00 
7.378534e+00 2.850328e-01 8.507652e+00 
7.474095e+00 2.756981e-01 8.310134e+00 
7.570894e+00 2.666624e-01 8.116623e+00 
7.668946e+00 2.579166e-01 7.927061e+00 
7.768269e+00 2.494557e-01 7.741391e+00 
7.868878e+00 2.412724e-01 7.559555e+00 
7.970789e+00 2.333513e-01 7.381491e+00 
8.074021e+00 2.256871e-01 7.207144e+00 
8.178590e+00 2.182703e-01 7.036453e+00 
8.284513e+00 2.110952e-01 6.869361e+00 
8.391807e+00 2.041519e-01 6.705809e+00 
8.500492e+00 1.974350e-01 6.545740e+00 
8.610584e+00 1.909357e-01 6.389095e+00 
8.722101e+00 1.846481e-01 6.235817e+00 
8.835064e+00 1.785651e-01 6.085850e+00 
8.949489e+00 1.726802e-01 5.939133e+00 
9.065396e+00 1.669873e-01 5.795614e+00 
9.182804e+00 1.614782e-01 5.655235e+00 
9.301733e+00 1.561463e-01 5.517939e+00 
9.422202e+00 1.509937e-01 5.383671e+00 
9.544231e+00 1.460062e-01 5.252380e+00 
9.667841e+00 1.411826e-01 5.124013e+00 
9.793051e+00 1.365159e-01 4.998508e+00 
9.919883e+00 1.320010e-01 4.875816e+00 
1.004836e+01 1.276340e-01 4.755885e+00 
1.017850e+01 1.234097e-01 4.638663e+00 
1.031032e+01 1.193243e-01 4.524097e+00 
1.044385e+01 1.153733e-01 4.412136e+00 
1.057911e+01 1.115493e-01 4.302731e+00 
1.071613e+01 1.078518e-01 4.195832e+00 
1.085491e+01 1.042743e-01 4.091388e+00 
1.099550e+01 1.008160e-01 3.989353e+00 
1.113790e+01 9.747031e-02 3.889677e+00 
1.128215e+01 9.423435e-02 3.792315e+00 
1.142827e+01 9.110479e-02 3.697218e+00 
1.157628e+01 8.807674e-02 3.604341e+00 
1.172621e+01 8.514959e-02 3.513640e+00 
1.187808e+01 8.231848e-02 3.425068e+00 
1.203191e+01 7.958031e-02 3.338583e+00 
1.218774e+01 7.693226e-02 3.254141e+00 
1.234559e+01 7.437093e-02 3.171698e+00 
1.250548e+01 7.189509e-02 3.091215e+00 
1.266744e+01 6.950010e-02 3.012648e+00 
1.283150e+01 6.718349e-02 2.935957e+00 
1.299768e+01 6.494363e-02 2.861103e+00 
1.316602e+01 6.277794e-02 2.788045e+00 
1.333654e+01 6.068334e-02 2.716746e+00 
1.350926e+01 5.865800e-02 2.647167e+00 
1.368422e+01 5.669978e-02 2.579270e+00 
1.386145e+01 5.480575e-02 2.513020e+00 
1.404097e+01 5.297487e-02 2.448380e+00 
1.422282e+01 5.120421e-02 2.385314e+00 
1.440702e+01 4.949218e-02 2.323788e+00 
1.459361e+01 4.783681e-02 2.263767e+00 
1.478262e+01 4.623677e-02 2.205219e+00 
1.497407e+01 4.468911e-02 2.148109e+00 
1.516801e+01 4.319262e-02 2.092405e+00 
1.536445e+01 4.174572e-02 2.038076e+00 
1.556344e+01 4.034667e-02 1.985091e+00 
1.576500e+01 3.899459e-02 1.933419e+00 
1.596918e+01 3.768732e-02 1.883030e+00 
1.617600e+01 3.642314e-02 1.833895e+00 
1.638550e+01 3.520028e-02 1.785985e+00 
1.659771e+01 3.401944e-02 1.739271e+00 
1.681268e+01 3.287732e-02 1.693727e+00 
1.703042e+01 3.177287e-02 1.649324e+00 
1.725099e+01 3.070528e-02 1.606036e+00 
1.747441e+01 2.967354e-02 1.563838e+00 
1.770072e+01 2.867582e-02 1.522703e+00 
1.792997e+01 2.771159e-02 1.482607e+00 
1.816218e+01 2.677892e-02 1.443524e+00 
1.839741e+01 2.587773e-02 1.405432e+00 
1.863568e+01 2.500661e-02 1.368307e+00 
1.887703e+01 2.416442e-02 1.332125e+00 
1.912151e+01 2.335051e-02 1.296865e+00 
1.936916e+01 2.256346e-02 1.262504e+00 
1.962002e+01 2.180297e-02 1.229020e+00 
1.987412e+01 2.106785e-02 1.196392e+00 
2.013151e+01 2.035720e-02 1.164601e+00 
2.039224e+01 1.967020e-02 1.133625e+00 
2.065635e+01 1.900645e-02 1.103445e+00 
2.092387e+01 1.836439e-02 1.074041e+00 
2.119486e+01 1.774420e-02 1.045396e+00 
2.146936e+01 1.714461e-02 1.017489e+00 
2.174742e+01 1.656519e-02 9.903036e-01 
2.202907e+01 1.600530e-02 9.638214e-01 
2.231438e+01 1.546399e-02 9.380253e-01 
2.260338e+01 1.494100e-02 9.128984e-01 
2.289612e+01 1.443529e-02 8.884241e-01 
2.319265e+01 1.394670e-02 8.645864e-01 
2.349302e+01 1.347437e-02 8.413695e-01 
2.379729e+01 1.301800e-02 8.187580e-01 
2.410549e+01 1.257690e-02 7.967367e-01 
2.441769e+01 1.215066e-02 7.752910e-01 
2.473393e+01 1.173870e-02 7.544065e-01 
2.505426e+01 1.134047e-02 7.340690e-01 
2.537875e+01 1.095582e-02 7.142652e-01 
2.570743e+01 1.058409e-02 6.949813e-01 
2.604038e+01 1.022479e-02 6.762044e-01 
2.637763e+01 9.877673e-03 6.579215e-01 
2.671926e+01 9.542175e-03 6.401204e-01 
2.706530e+01 9.217940e-03 6.227887e-01 
2.741583e+01 8.904616e-03 6.059146e-01 
2.777090e+01 8.601914e-03 5.894865e-01 
2.813057e+01 8.309406e-03 5.734930e-01 
2.849490e+01 8.026710e-03 5.579231e-01 
2.886394e+01 7.753557e-03 5.427659e-01 
2.923776e+01 7.489692e-03 5.280109e-01 
2.961643e+01 7.234629e-03 5.136479e-01 
3.000000e+01 6.988239e-03 4.996667e-01 
