# Matter power spectrum P(k) at redshift z=0.5
# for k=1.06029e-05 to 30.339 h/Mpc,
# number of wavenumbers equal to 1160
#    1:k (h/Mpc)              2:P (Mpc/h)^3        
       1.060292346386e-05       2.564432004131e+01 
       1.072569953113e-05       2.593144602625e+01 
       1.084989727825e-05       2.622178929614e+01 
       1.097553316751e-05       2.651537685468e+01 
       1.110262385180e-05       2.681226844447e+01 
       1.123118617686e-05       2.711247261128e+01 
       1.136123718348e-05       2.741604421779e+01 
       1.149279410978e-05       2.772300674834e+01 
       1.162587439349e-05       2.803341773952e+01 
       1.176049567426e-05       2.834730379361e+01 
       1.189667579600e-05       2.866470290429e+01 
       1.203443280922e-05       2.898565813323e+01 
       1.217378497348e-05       2.931021661359e+01 
       1.231475075975e-05       2.963838828130e+01 
       1.245734885290e-05       2.997024463528e+01 
       1.260159815414e-05       3.030582292421e+01 
       1.274751778356e-05       3.064516413112e+01 
       1.289512708267e-05       3.098829012897e+01 
       1.304444561690e-05       3.133528526716e+01 
       1.319549317826e-05       3.168614547306e+01 
       1.334828978796e-05       3.204093974803e+01 
       1.350285569900e-05       3.239970841910e+01 
       1.365921139895e-05       3.276250039216e+01 
       1.381737761257e-05       3.312935572821e+01 
       1.397737530463e-05       3.350031884076e+01 
       1.413922568264e-05       3.387543889615e+01 
       1.430295019970e-05       3.425476082334e+01 
       1.446857055732e-05       3.463832638909e+01 
       1.463610870830e-05       3.502620128034e+01 
       1.480558685963e-05       3.541841918729e+01 
       1.497702747546e-05       3.581503061487e+01 
       1.515045328006e-05       3.621608109370e+01 
       1.532588726083e-05       3.662162454466e+01 
       1.550335267136e-05       3.703169468752e+01 
       1.568287303449e-05       3.744639078043e+01 
       1.586447214546e-05       3.786571847297e+01 
       1.604817407503e-05       3.828973898833e+01 
       1.623400317268e-05       3.871851661809e+01 
       1.642198406988e-05       3.915209570821e+01 
       1.661214168327e-05       3.959053764337e+01 
       1.680450121805e-05       4.003388624538e+01 
       1.699908817127e-05       4.048220567947e+01 
       1.719592833521e-05       4.093553786014e+01 
       1.739504780082e-05       4.139397095528e+01 
       1.759647296118e-05       4.185753022108e+01 
       1.780023051497e-05       4.232628038372e+01 
       1.800634747003e-05       4.280028038770e+01 
       1.821485114695e-05       4.327959974404e+01 
       1.842576918266e-05       4.376429588966e+01 
       1.863912953411e-05       4.425441120763e+01 
       1.885496048199e-05       4.475002879630e+01 
       1.907329063447e-05       4.525119867468e+01 
       1.929414893095e-05       4.575798670086e+01 
       1.951756464598e-05       4.627045080425e+01 
       1.974356739307e-05       4.678866253175e+01 
       1.997218712862e-05       4.731268797303e+01 
       2.020345415595e-05       4.784257332944e+01 
       2.043739912924e-05       4.837841055757e+01 
       2.067405305765e-05       4.892025028299e+01 
       2.091344730940e-05       4.946816331077e+01 
       2.115561361593e-05       5.002222180322e+01 
       2.140058407614e-05       5.058249784735e+01 
       2.164839116058e-05       5.114904460165e+01 
       2.189906771583e-05       5.172194122573e+01 
       2.215264696878e-05       5.230126635009e+01 
       2.240916253109e-05       5.288708646686e+01 
       2.266864840362e-05       5.347947252608e+01 
       2.293113898094e-05       5.407851193978e+01 
       2.319666905590e-05       5.468426145842e+01 
       2.346527382421e-05       5.529680312373e+01 
       2.373698888916e-05       5.591621393952e+01 
       2.401185026627e-05       5.654256665624e+01 
       2.428989438812e-05       5.717595418957e+01 
       2.457115810917e-05       5.781643192669e+01 
       2.485567871060e-05       5.846411378118e+01 
       2.514349390533e-05       5.911903706076e+01 
       2.543464184294e-05       5.978132106487e+01 
       2.572916111478e-05       6.045103049957e+01 
       2.602709075905e-05       6.112825675098e+01 
       2.632847026602e-05       6.181307615600e+01 
       2.663333958319e-05       6.250558907834e+01 
       2.694173912069e-05       6.320585728016e+01 
       2.725370975652e-05       6.391399168398e+01 
       2.756929284205e-05       6.463006985986e+01 
       2.788853020750e-05       6.535418959400e+01 
       2.821146416741e-05       6.608642498312e+01 
       2.853813752634e-05       6.682688382806e+01 
       2.886859358449e-05       6.757565167586e+01 
       2.920287614345e-05       6.833282420982e+01 
       2.954102951201e-05       6.909849600030e+01 
       2.988309851204e-05       6.987276284714e+01 
       3.022912848440e-05       7.065572174462e+01 
       3.057916529500e-05       7.144747088886e+01 
       3.093325534084e-05       7.224810965801e+01 
       3.129144555617e-05       7.305773717528e+01 
       3.165378341871e-05       7.387645724637e+01 
       3.202031695596e-05       7.470437121770e+01 
       3.239109475154e-05       7.554158307077e+01 
       3.276616595165e-05       7.638820466057e+01 
       3.314558027155e-05       7.724432328165e+01 
       3.352938800223e-05       7.811006580522e+01 
       3.391764001696e-05       7.898553471172e+01 
       3.431038777814e-05       7.987084092187e+01 
       3.470768334406e-05       8.076608711988e+01 
       3.510957937581e-05       8.167139702511e+01 
       3.551612914427e-05       8.258688723499e+01 
       3.592738653719e-05       8.351265941794e+01 
       3.634340606627e-05       8.444883361715e+01 
       3.676424287447e-05       8.539553940900e+01 
       3.718995274323e-05       8.635287908511e+01 
       3.762059209995e-05       8.732098611847e+01 
       3.805621802540e-05       8.829997886960e+01 
       3.849688826133e-05       8.928998196663e+01 
       3.894266121810e-05       9.029112100215e+01 
       3.939359598244e-05       9.130350816964e+01 
       3.984975232525e-05       9.232729082347e+01 
       4.031119070957e-05       9.336259484466e+01 
       4.077797229855e-05       9.440954269707e+01 
       4.125015896359e-05       9.546827293066e+01 
       4.172781329252e-05       9.653891655196e+01 
       4.221099859791e-05       9.762160603324e+01 
       4.269977892544e-05       9.871648243660e+01 
       4.319421906241e-05       9.982368923117e+01 
       4.369438454634e-05       1.009433609632e+02 
       4.420034167361e-05       1.020756385669e+02 
       4.471215750829e-05       1.032206723495e+02 
       4.522989989102e-05       1.043785966845e+02 
       4.575363744799e-05       1.055495684356e+02 
       4.628343960004e-05       1.067337312223e+02 
       4.681937657188e-05       1.079312358978e+02 
       4.736151940137e-05       1.091422372259e+02 
       4.790993994896e-05       1.103668880979e+02 
       4.846471090719e-05       1.116053426716e+02 
       4.902590581036e-05       1.128577616061e+02 
       4.959359904424e-05       1.141243015491e+02 
       5.016786585596e-05       1.154051267524e+02 
       5.074878236395e-05       1.167003974964e+02 
       5.133642556808e-05       1.180102863402e+02 
       5.193087335981e-05       1.193349522518e+02 
       5.253220453256e-05       1.206745679154e+02 
       5.314049879212e-05       1.220293063744e+02 
       5.375583676723e-05       1.233993381962e+02 
       5.437830002028e-05       1.247848409298e+02 
       5.500797105809e-05       1.261859910324e+02 
       5.564493334289e-05       1.276029683561e+02 
       5.628927130333e-05       1.290359571579e+02 
       5.694107034571e-05       1.304851379553e+02 
       5.760041686529e-05       1.319506937768e+02 
       5.826739825773e-05       1.334328253994e+02 
       5.894210293070e-05       1.349317171168e+02 
       5.962462031557e-05       1.364475577468e+02 
       6.031504087927e-05       1.379805475093e+02 
       6.101345613632e-05       1.395308794552e+02 
       6.171995866089e-05       1.410987624777e+02 
       6.243464209913e-05       1.426843924881e+02 
       6.315760118155e-05       1.442879742314e+02 
       6.388893173559e-05       1.459097229356e+02 
       6.462873069834e-05       1.475498417993e+02 
       6.537709612933e-05       1.492085479671e+02 
       6.613412722361e-05       1.508860497638e+02 
       6.689992432481e-05       1.525825734075e+02 
       6.767458893852e-05       1.542983357352e+02 
       6.845822374569e-05       1.560335639863e+02 
       6.925093261627e-05       1.577884804984e+02 
       7.005282062296e-05       1.595633146961e+02 
       7.086399405514e-05       1.613582949638e+02 
       7.168456043297e-05       1.631736628071e+02 
       7.251462852165e-05       1.650096537022e+02 
       7.335430834579e-05       1.668665077760e+02 
       7.420371120404e-05       1.687444655194e+02 
       7.506294968385e-05       1.706437809972e+02 
       7.593213767632e-05       1.725646954064e+02 
       7.681139039140e-05       1.745074704649e+02 
       7.770082437308e-05       1.764723512621e+02 
       7.860055751486e-05       1.784596068982e+02 
       7.951070907541e-05       1.804694977420e+02 
       8.043139969432e-05       1.825022851382e+02 
       8.136275140814e-05       1.845582429830e+02 
       8.230488766653e-05       1.866376413496e+02 
       8.325793334863e-05       1.887407587872e+02 
       8.422201477961e-05       1.908678702128e+02 
       8.519725974743e-05       1.930192614155e+02 
       8.618379751975e-05       1.951952216721e+02 
       8.718175886107e-05       1.973960353810e+02 
       8.819127605010e-05       1.996220013475e+02 
       8.921248289724e-05       2.018734144695e+02 
       9.024551476236e-05       2.041505777306e+02 
       9.129050857272e-05       2.064537967494e+02 
       9.234760284110e-05       2.087833803336e+02 
       9.341693768421e-05       2.111396407865e+02 
       9.449865484122e-05       2.135228955153e+02 
       9.559289769258e-05       2.159334689331e+02 
       9.669981127898e-05       2.183716804875e+02 
       9.781954232062e-05       2.208378660209e+02 
       9.895223923665e-05       2.233323564329e+02 
       1.000980521648e-04       2.258554894685e+02 
       1.012571329814e-04       2.284076079542e+02 
       1.024296353212e-04       2.309890606452e+02 
       1.036157145983e-04       2.336001996067e+02 
       1.048155280261e-04       2.362413768579e+02 
       1.060292346386e-04       2.389129567788e+02 
       1.072569953113e-04       2.416153050203e+02 
       1.084989727825e-04       2.443487874169e+02 
       1.097553316751e-04       2.471137840028e+02 
       1.110262385180e-04       2.499106728862e+02 
       1.123118617686e-04       2.527398389381e+02 
       1.136123718348e-04       2.556016691134e+02 
       1.149279410978e-04       2.584965622902e+02 
       1.162587439349e-04       2.614249179937e+02 
       1.176049567426e-04       2.643871407303e+02 
       1.189667579600e-04       2.673836399323e+02 
       1.203443280922e-04       2.704148309336e+02 
       1.217378497348e-04       2.734811385472e+02 
       1.231475075975e-04       2.765829837308e+02 
       1.245734885290e-04       2.797208043321e+02 
       1.260159815414e-04       2.828950370060e+02 
       1.274751778356e-04       2.861061239772e+02 
       1.289512708267e-04       2.893545165540e+02 
       1.304444561690e-04       2.926406667630e+02 
       1.319549317826e-04       2.959650388206e+02 
       1.334828978796e-04       2.993280981185e+02 
       1.350285569900e-04       3.027303198564e+02 
       1.365921139895e-04       3.061721807357e+02 
       1.381737761257e-04       3.096541678912e+02 
       1.397737530463e-04       3.131767730185e+02 
       1.413922568264e-04       3.167404917236e+02 
       1.430295019970e-04       3.203458320157e+02 
       1.446857055732e-04       3.239933019178e+02 
       1.463610870830e-04       3.276834190315e+02 
       1.480558685963e-04       3.314167099421e+02 
       1.497702747546e-04       3.351757133589e+02 
       1.515045328006e-04       3.389965299614e+02 
       1.532588726083e-04       3.428621191850e+02 
       1.550335267136e-04       3.467730336454e+02 
       1.568287303450e-04       3.507298290658e+02 
       1.586447214546e-04       3.547330713179e+02 
       1.604817407503e-04       3.587833292722e+02 
       1.623400317268e-04       3.628811826731e+02 
       1.642198406988e-04       3.670272183962e+02 
       1.661214168327e-04       3.712220240704e+02 
       1.680450121805e-04       3.754662045051e+02 
       1.699908817127e-04       3.797603622745e+02 
       1.719592833521e-04       3.841051123252e+02 
       1.739504780082e-04       3.885010787651e+02 
       1.759647296118e-04       3.929488860119e+02 
       1.780023051497e-04       3.974491734360e+02 
       1.800634747003e-04       4.020025792344e+02 
       1.821485114695e-04       4.066097593907e+02 
       1.842576918266e-04       4.112713682091e+02 
       1.863912953411e-04       4.159880702633e+02 
       1.885496048199e-04       4.207605391263e+02 
       1.907329063447e-04       4.255894547643e+02 
       1.929414893095e-04       4.304755046673e+02 
       1.951756464598e-04       4.354193799658e+02 
       1.974356739307e-04       4.404217900336e+02 
       1.997218712862e-04       4.454834309961e+02 
       2.020345415595e-04       4.506050287317e+02 
       2.043739912924e-04       4.557873041087e+02 
       2.067405305765e-04       4.610309864943e+02 
       2.091344730940e-04       4.663368156663e+02 
       2.115561361593e-04       4.717055313746e+02 
       2.140058407614e-04       4.771378890799e+02 
       2.164839116058e-04       4.826346460053e+02 
       2.189906771583e-04       4.881965677419e+02 
       2.215264696878e-04       4.938244245609e+02 
       2.240916253109e-04       4.995189963802e+02 
       2.266864840362e-04       5.052810639940e+02 
       2.293113898094e-04       5.111114221963e+02 
       2.319666905590e-04       5.170108661178e+02 
       2.346527382421e-04       5.229801998645e+02 
       2.373698888916e-04       5.290202303958e+02 
       2.401185026627e-04       5.351317708416e+02 
       2.428989438812e-04       5.413156474654e+02 
       2.457115810917e-04       5.475726775556e+02 
       2.485567871060e-04       5.539036969102e+02 
       2.514349390533e-04       5.603095391164e+02 
       2.543464184294e-04       5.667910434509e+02 
       2.572916111478e-04       5.733490548026e+02 
       2.602709075905e-04       5.799844211161e+02 
       2.632847026602e-04       5.866979947275e+02 
       2.663333958319e-04       5.934906299313e+02 
       2.694173912069e-04       6.003631896762e+02 
       2.725370975652e-04       6.073165322764e+02 
       2.756929284206e-04       6.143515239798e+02 
       2.788853020750e-04       6.214690316606e+02 
       2.821146416741e-04       6.286699253020e+02 
       2.853813752634e-04       6.359550752320e+02 
       2.886859358449e-04       6.433253538335e+02 
       2.920287614345e-04       6.507816337225e+02 
       2.954102951201e-04       6.583247896445e+02 
       2.988309851204e-04       6.659556953113e+02 
       3.022912848440e-04       6.736752237914e+02 
       3.057916529500e-04       6.814842488671e+02 
       3.093325534084e-04       6.893836419181e+02 
       3.129144555617e-04       6.973742749603e+02 
       3.165378341871e-04       7.054570152525e+02 
       3.202031695596e-04       7.136327305580e+02 
       3.239109475154e-04       7.219022836058e+02 
       3.276616595165e-04       7.302665352699e+02 
       3.314558027156e-04       7.387263422249e+02 
       3.352938800223e-04       7.472825567644e+02 
       3.391764001696e-04       7.559360264016e+02 
       3.431038777814e-04       7.646875944022e+02 
       3.470768334406e-04       7.735380978794e+02 
       3.510957937581e-04       7.824883685353e+02 
       3.551612914427e-04       7.915392306602e+02 
       3.592738653719e-04       8.006915015628e+02 
       3.634340606627e-04       8.099459923949e+02 
       3.676424287447e-04       8.193035048420e+02 
       3.718995274323e-04       8.287648343929e+02 
       3.762059209995e-04       8.383307651489e+02 
       3.805621802540e-04       8.480020740318e+02 
       3.849688826133e-04       8.577795276310e+02 
       3.894266121810e-04       8.676638829236e+02 
       3.939359598244e-04       8.776558858912e+02 
       3.984975232525e-04       8.877562719833e+02 
       4.031119070957e-04       8.979657664319e+02 
       4.077797229855e-04       9.082850812537e+02 
       4.125015896359e-04       9.187149195156e+02 
       4.172781329252e-04       9.292559691902e+02 
       4.221099859791e-04       9.399089086979e+02 
       4.269977892544e-04       9.506744021496e+02 
       4.319421906241e-04       9.615531004004e+02 
       4.369438454634e-04       9.725456447250e+02 
       4.420034167361e-04       9.836526592754e+02 
       4.471215750829e-04       9.948747588998e+02 
       4.522989989102e-04       1.006212542141e+03 
       4.575363744799e-04       1.017666595199e+03 
       4.628343960004e-04       1.029237492496e+03 
       4.681937657188e-04       1.040925795566e+03 
       4.736151940137e-04       1.052732049266e+03 
       4.790993994896e-04       1.064656788743e+03 
       4.846471090719e-04       1.076700534753e+03 
       4.902590581036e-04       1.088863798839e+03 
       4.959359904424e-04       1.101147075239e+03 
       5.016786585596e-04       1.113550848380e+03 
       5.074878236395e-04       1.126075592913e+03 
       5.133642556808e-04       1.138721772396e+03 
       5.193087335981e-04       1.151489836214e+03 
       5.253220453256e-04       1.164380224526e+03 
       5.314049879212e-04       1.177393368477e+03 
       5.375583676723e-04       1.190529693513e+03 
       5.437830002028e-04       1.203789610297e+03 
       5.500797105809e-04       1.217173527844e+03 
       5.564493334289e-04       1.230681845305e+03 
       5.628927130333e-04       1.244314953161e+03 
       5.694107034571e-04       1.258073242690e+03 
       5.760041686529e-04       1.271957096449e+03 
       5.826739825773e-04       1.285966896265e+03 
       5.894210293070e-04       1.300103016172e+03 
       5.962462031557e-04       1.314365836904e+03 
       6.031504087928e-04       1.328755734494e+03 
       6.101345613632e-04       1.343273083678e+03 
       6.171995866089e-04       1.357918264163e+03 
       6.243464209913e-04       1.372691660468e+03 
       6.315760118155e-04       1.387593657068e+03 
       6.388893173559e-04       1.402624649227e+03 
       6.462873069834e-04       1.417785033626e+03 
       6.537709612934e-04       1.433075219240e+03 
       6.613412722361e-04       1.448495622503e+03 
       6.689992432481e-04       1.464046673907e+03 
       6.767458893852e-04       1.479728811962e+03 
       6.845822374570e-04       1.495542490835e+03 
       6.925093261627e-04       1.511488181516e+03 
       7.005282062296e-04       1.527566370021e+03 
       7.086399405514e-04       1.543777560517e+03 
       7.168456043297e-04       1.560122274418e+03 
       7.251462852165e-04       1.576601056137e+03 
       7.335430834579e-04       1.593214472658e+03 
       7.420371120404e-04       1.609963109753e+03 
       7.506294968385e-04       1.626847582695e+03 
       7.593213767632e-04       1.643868535071e+03 
       7.681139039140e-04       1.661026633316e+03 
       7.770082437308e-04       1.678322571246e+03 
       7.860055751486e-04       1.695757077430e+03 
       7.951070907541e-04       1.713330906934e+03 
       8.043139969432e-04       1.731044852188e+03 
       8.136275140814e-04       1.748899733241e+03 
       8.230488766653e-04       1.766896407388e+03 
       8.325793334863e-04       1.785035771095e+03 
       8.422201477962e-04       1.803318751986e+03 
       8.519725974743e-04       1.821746309152e+03 
       8.618379751975e-04       1.840319461499e+03 
       8.718175886107e-04       1.859039240799e+03 
       8.819127605010e-04       1.877906732244e+03 
       8.921248289724e-04       1.896923064796e+03 
       9.024551476237e-04       1.916089398875e+03 
       9.129050857272e-04       1.935406937065e+03 
       9.234760284110e-04       1.954876932027e+03 
       9.341693768421e-04       1.974500668369e+03 
       9.449865484122e-04       1.994279478419e+03 
       9.559289769258e-04       2.014214736642e+03 
       9.669981127898e-04       2.034307856800e+03 
       9.781954232063e-04       2.054560300329e+03 
       9.895223923665e-04       2.074973561990e+03 
       1.000980521648e-03       2.095549192864e+03 
       1.012571329814e-03       2.116288766521e+03 
       1.024296353212e-03       2.137193913530e+03 
       1.036157145983e-03       2.158266310444e+03 
       1.048155280261e-03       2.179507644895e+03 
       1.060292346386e-03       2.200919673626e+03 
       1.072569953113e-03       2.222504181916e+03 
       1.084989727825e-03       2.244262996797e+03 
       1.097553316751e-03       2.266197967420e+03 
       1.110262385180e-03       2.288311009662e+03 
       1.123118617686e-03       2.310604030105e+03 
       1.136123718348e-03       2.333079016948e+03 
       1.149279410978e-03       2.355737969896e+03 
       1.162587439349e-03       2.378582912947e+03 
       1.176049567426e-03       2.401615901133e+03 
       1.189667579600e-03       2.424839033212e+03 
       1.203443280922e-03       2.448254432998e+03 
       1.217378497348e-03       2.471864239679e+03 
       1.231475075975e-03       2.495670630814e+03 
       1.245734885290e-03       2.519675783113e+03 
       1.260159815414e-03       2.543881914785e+03 
       1.274751778356e-03       2.568291284867e+03 
       1.289512708267e-03       2.592906118546e+03 
       1.304444561690e-03       2.617728684143e+03 
       1.319549317826e-03       2.642761256199e+03 
       1.334828978796e-03       2.668006150334e+03 
       1.350285569900e-03       2.693465620306e+03 
       1.365921139895e-03       2.719142082059e+03 
       1.381737761257e-03       2.745037770083e+03 
       1.397737530463e-03       2.771155050186e+03 
       1.413922568264e-03       2.797496240559e+03 
       1.430295019970e-03       2.824063684473e+03 
       1.446857055732e-03       2.850859697194e+03 
       1.463610870830e-03       2.877886668394e+03 
       1.480558685963e-03       2.905146868512e+03 
       1.497702747546e-03       2.932642620624e+03 
       1.515045328006e-03       2.960376284714e+03 
       1.532588726083e-03       2.988349653467e+03 
       1.550335267136e-03       3.016563201488e+03 
       1.568287303450e-03       3.045021477020e+03 
       1.586447214546e-03       3.073726789654e+03 
       1.604817407503e-03       3.102681351126e+03 
       1.623400317268e-03       3.131887407921e+03 
       1.642198406988e-03       3.161347194891e+03 
       1.661214168327e-03       3.191062906955e+03 
       1.680450121805e-03       3.221036751208e+03 
       1.699908817127e-03       3.251270817719e+03 
       1.719592833521e-03       3.281767288486e+03 
       1.739504780082e-03       3.312528247568e+03 
       1.759647296118e-03       3.343555777702e+03 
       1.780023051497e-03       3.374851928774e+03 
       1.800634747003e-03       3.406418704767e+03 
       1.821485114695e-03       3.438258112189e+03 
       1.842576918266e-03       3.470372055941e+03 
       1.863912953411e-03       3.502762494384e+03 
       1.885496048199e-03       3.535431299876e+03 
       1.907329063447e-03       3.568380308465e+03 
       1.929414893096e-03       3.601611326651e+03 
       1.951756464598e-03       3.635126127629e+03 
       1.974356739307e-03       3.668926416683e+03 
       1.997218712862e-03       3.703013881999e+03 
       2.020345415595e-03       3.737390141859e+03 
       2.043739912924e-03       3.772056791272e+03 
       2.067405305765e-03       3.807015351487e+03 
       2.091344730940e-03       3.842267402776e+03 
       2.115561361593e-03       3.877814300387e+03 
       2.140058407614e-03       3.913657500764e+03 
       2.164839116058e-03       3.949798238450e+03 
       2.189906771583e-03       3.986237913885e+03 
       2.215264696878e-03       4.022977724779e+03 
       2.240916253109e-03       4.060018818020e+03 
       2.266864840362e-03       4.097362352285e+03 
       2.293113898094e-03       4.135009476302e+03 
       2.319666905590e-03       4.172961101740e+03 
       2.346527382421e-03       4.211218212537e+03 
       2.373698888916e-03       4.249781636942e+03 
       2.401185026627e-03       4.288652324692e+03 
       2.428989438812e-03       4.327830890529e+03 
       2.457115810917e-03       4.367318068904e+03 
       2.485567871060e-03       4.407114632401e+03 
       2.514349390533e-03       4.447221168665e+03 
       2.543464184294e-03       4.487637819427e+03 
       2.572916111478e-03       4.528365384713e+03 
       2.602709075905e-03       4.569404076019e+03 
       2.632847026602e-03       4.610754222105e+03 
       2.663333958320e-03       4.652416189909e+03 
       2.694173912069e-03       4.694389678545e+03 
       2.725370975652e-03       4.736675184609e+03 
       2.756929284206e-03       4.779272558357e+03 
       2.788853020750e-03       4.822181645336e+03 
       2.821146416741e-03       4.865402338171e+03 
       2.853813752634e-03       4.908934314687e+03 
       2.886859358449e-03       4.952777317708e+03 
       2.920287614345e-03       4.996930814190e+03 
       2.954102951201e-03       5.041394404205e+03 
       2.988309851204e-03       5.086167493525e+03 
       3.022912848440e-03       5.131249043351e+03 
       3.057916529500e-03       5.176638791834e+03 
       3.093325534084e-03       5.222335591515e+03 
       3.129144555617e-03       5.268338497027e+03 
       3.165378341871e-03       5.314646368005e+03 
       3.202031695596e-03       5.361258047847e+03 
       3.239109475154e-03       5.408172231858e+03 
       3.276616595165e-03       5.455387627264e+03 
       3.314558027156e-03       5.502902727906e+03 
       3.352938800223e-03       5.550716313410e+03 
       3.391764001696e-03       5.598825554942e+03 
       3.431038777814e-03       5.647229729368e+03 
       3.470768334406e-03       5.695926731904e+03 
       3.510957937581e-03       5.744914088955e+03 
       3.551612914427e-03       5.794190224695e+03 
       3.592738653719e-03       5.843752439826e+03 
       3.634340606627e-03       5.893598745003e+03 
       3.676424287447e-03       5.943726400500e+03 
       3.718995274323e-03       5.994132499610e+03 
       3.762059209995e-03       6.044814748556e+03 
       3.805621802540e-03       6.095770111029e+03 
       3.849688826133e-03       6.146995590416e+03 
       3.894266121810e-03       6.198488562775e+03 
       3.939359598244e-03       6.250244375493e+03 
       3.984975232525e-03       6.302261077929e+03 
       4.031119070957e-03       6.354534008116e+03 
       4.077797229855e-03       6.407060445006e+03 
       4.125015896359e-03       6.459836154060e+03 
       4.172781329252e-03       6.512857454348e+03 
       4.221099859791e-03       6.566119960858e+03 
       4.269977892544e-03       6.619619177400e+03 
       4.319421906242e-03       6.673351589657e+03 
       4.369438454634e-03       6.727311888597e+03 
       4.420034167361e-03       6.781495762428e+03 
       4.471215750829e-03       6.835898311681e+03 
       4.522989989102e-03       6.890514516806e+03 
       4.575363744799e-03       6.945339209298e+03 
       4.628343960004e-03       7.000367015757e+03 
       4.681937657188e-03       7.055592750790e+03 
       4.736151940137e-03       7.111010679643e+03 
       4.790993994896e-03       7.166615339305e+03 
       4.846471090719e-03       7.222399453111e+03 
       4.902590581036e-03       7.278358506916e+03 
       4.959359904424e-03       7.334485060979e+03 
       5.016786585596e-03       7.390773255604e+03 
       5.074878236395e-03       7.447217141812e+03 
       5.133642556808e-03       7.503807391165e+03 
       5.193087335982e-03       7.560539291332e+03 
       5.253220453256e-03       7.617404243638e+03 
       5.314049879212e-03       7.674395762089e+03 
       5.375583676723e-03       7.731505982292e+03 
       5.437830002028e-03       7.788726783107e+03 
       5.500797105809e-03       7.846050179014e+03 
       5.564493334289e-03       7.903473062603e+03 
       5.628927130333e-03       7.960981815946e+03 
       5.694107034571e-03       8.018561287486e+03 
       5.760041686529e-03       8.076219052469e+03 
       5.826739825773e-03       8.133931454393e+03 
       5.894210293070e-03       8.191694114754e+03 
       5.962462031557e-03       8.249497250661e+03 
       6.031504087928e-03       8.307333959242e+03 
       6.101345613632e-03       8.365193083978e+03 
       6.171995866089e-03       8.423063157561e+03 
       6.243464209913e-03       8.480918560243e+03 
       6.315760118155e-03       8.538775489741e+03 
       6.388893173559e-03       8.596612537369e+03 
       6.462873069834e-03       8.654437816900e+03 
       6.537709612934e-03       8.712206233657e+03 
       6.613412722361e-03       8.769935884604e+03 
       6.689992432482e-03       8.827597404689e+03 
       6.767458893853e-03       8.885179820721e+03 
       6.845822374570e-03       8.942675497619e+03 
       6.925093261627e-03       9.000069154688e+03 
       7.005282062296e-03       9.057351837135e+03 
       7.086399405514e-03       9.114491773669e+03 
       7.168456043297e-03       9.171509338854e+03 
       7.251462852165e-03       9.228376303358e+03 
       7.335430834579e-03       9.285080353183e+03 
       7.420371120405e-03       9.341609237257e+03 
       7.506294968385e-03       9.397943985612e+03 
       7.593213767632e-03       9.454073805889e+03 
       7.681139039140e-03       9.509981289002e+03 
       7.770082437308e-03       9.565663101483e+03 
       7.860055751487e-03       9.621081721365e+03 
       7.951070907541e-03       9.676236994885e+03 
       8.043139969432e-03       9.731110903246e+03 
       8.136275140814e-03       9.785690277243e+03 
       8.230488766653e-03       9.839959232807e+03 
       8.325793334863e-03       9.893894025706e+03 
       8.422201477962e-03       9.947491566845e+03 
       8.519725974743e-03       1.000072784285e+04 
       8.618379751975e-03       1.005358630354e+04 
       8.718175886107e-03       1.010605020228e+04 
       8.819127605010e-03       1.015810012382e+04 
       8.921248289725e-03       1.020971973309e+04 
       9.024551476237e-03       1.026089490259e+04 
       9.129050857272e-03       1.031160505263e+04 
       9.234760284110e-03       1.036183259026e+04 
       9.341693768421e-03       1.041156047367e+04 
       9.449865484122e-03       1.046076558552e+04 
       9.559289769258e-03       1.050942969154e+04 
       9.669981127898e-03       1.055753600316e+04 
       9.781954232063e-03       1.060506442319e+04 
       9.895223923665e-03       1.065199399071e+04 
       1.000980521648e-02       1.069830768212e+04 
       1.012571329814e-02       1.074398162353e+04 
       1.024296353212e-02       1.078900045083e+04 
       1.036157145983e-02       1.083333790302e+04 
       1.048155280261e-02       1.087697640361e+04 
       1.060292346386e-02       1.091989505453e+04 
       1.072569953113e-02       1.096207522334e+04 
       1.084989727825e-02       1.100349288929e+04 
       1.097553316751e-02       1.104412483420e+04 
       1.110262385180e-02       1.108395106739e+04 
       1.123118617686e-02       1.112295183978e+04 
       1.136123718348e-02       1.116110188828e+04 
       1.149279410978e-02       1.119837920473e+04 
       1.162587439349e-02       1.123475956105e+04 
       1.176049567426e-02       1.127023227707e+04 
       1.189667579600e-02       1.130475947707e+04 
       1.203443280922e-02       1.133832420319e+04 
       1.217378497348e-02       1.137090764790e+04 
       1.231475075975e-02       1.140248246116e+04 
       1.245734885290e-02       1.143302956129e+04 
       1.260159815414e-02       1.146252163938e+04 
       1.274751778357e-02       1.149093745777e+04 
       1.289512708267e-02       1.151825377623e+04 
       1.304444561690e-02       1.154445019280e+04 
       1.319549317826e-02       1.156950224666e+04 
       1.334828978796e-02       1.159338369798e+04 
       1.350285569901e-02       1.161607517119e+04 
       1.365921139895e-02       1.163755041587e+04 
       1.381737761257e-02       1.165778906585e+04 
       1.397737530463e-02       1.167676455134e+04 
       1.413922568265e-02       1.169445671166e+04 
       1.430295019972e-02       1.171084186300e+04 
       1.446857055734e-02       1.172590351624e+04 
       1.463610870833e-02       1.173960628494e+04 
       1.480558685968e-02       1.175194232977e+04 
       1.497702747554e-02       1.176288185201e+04 
       1.515045328019e-02       1.177240244889e+04 
       1.532588726103e-02       1.178049149515e+04 
       1.550335267166e-02       1.178712344512e+04 
       1.568287303495e-02       1.179227198095e+04 
       1.586447214615e-02       1.179590144339e+04 
       1.604817407605e-02       1.179803844944e+04 
       1.623400317421e-02       1.179862852676e+04 
       1.642198407214e-02       1.179766063974e+04 
       1.661214168662e-02       1.179511898131e+04 
       1.680450122296e-02       1.179098301733e+04 
       1.699908817843e-02       1.178523513708e+04 
       1.719592834562e-02       1.177786065145e+04 
       1.739504781587e-02       1.176885698561e+04 
       1.759647298284e-02       1.175817156592e+04 
       1.780023054598e-02       1.174581288362e+04 
       1.800634751422e-02       1.173179108191e+04 
       1.821485120963e-02       1.171606709101e+04 
       1.842576927114e-02       1.169861384085e+04 
       1.863912965845e-02       1.167944646866e+04 
       1.885496065591e-02       1.165855744587e+04 
       1.907329087663e-02       1.163592418490e+04 
       1.929414926664e-02       1.161153752820e+04 
       1.951756510923e-02       1.158539287802e+04 
       1.974356802953e-02       1.155750982488e+04 
       1.997218799928e-02       1.152785042086e+04 
       2.020345534183e-02       1.149642394551e+04 
       2.043740073760e-02       1.146325744217e+04 
       2.067405522979e-02       1.142830337945e+04 
       2.091345023071e-02       1.139156146724e+04 
       2.115561752858e-02       1.135307947803e+04 
       2.140058929510e-02       1.131282632941e+04 
       2.164839809387e-02       1.127083784305e+04 
       2.189907688971e-02       1.122712142390e+04 
       2.215265905934e-02       1.118164064593e+04 
       2.240917840327e-02       1.113447348464e+04 
       2.266866915957e-02       1.108555490752e+04 
       2.293116601948e-02       1.103495958290e+04 
       2.319670414535e-02       1.098267771702e+04 
       2.346531919132e-02       1.092874194199e+04 
       2.373704732712e-02       1.087312678277e+04 
       2.401192526549e-02       1.081592030397e+04 
       2.428999029376e-02       1.075718137506e+04 
       2.457128031032e-02       1.069677578949e+04 
       2.485583386644e-02       1.063499878610e+04 
       2.514369021447e-02       1.057150978957e+04 
       2.543488936293e-02       1.050659459023e+04 
       2.572947213965e-02       1.044034686716e+04 
       2.602748026377e-02       1.037265265018e+04 
       2.632895642768e-02       1.030349410096e+04 
       2.663394438998e-02       1.023315903776e+04 
       2.694248908065e-02       1.016148956742e+04 
       2.725463671970e-02       1.008851257010e+04 
       2.757043495045e-02       1.001442798304e+04 
       2.788993298905e-02       9.939213212188e+03 
       2.821318179129e-02       9.862833531221e+03 
       2.854023423853e-02       9.785379794489e+03 
       2.887114534381e-02       9.707043459786e+03 
       2.920597248009e-02       9.627700192749e+03 
       2.954477563170e-02       9.547501284857e+03 
       2.988761767093e-02       9.466498826044e+03 
       3.023456466108e-02       9.384687705923e+03 
       3.058568618760e-02       9.302256414697e+03 
       3.094105571900e-02       9.219105801309e+03 
       3.130075099896e-02       9.135413012410e+03 
       3.166485447136e-02       9.051134725352e+03 
       3.203345373991e-02       8.966458187621e+03 
       3.240664206392e-02       8.881347618442e+03 
       3.278451889204e-02       8.795937467764e+03 
       3.316719043584e-02       8.710221211555e+03 
       3.355477028497e-02       8.624297098730e+03 
       3.394738006615e-02       8.538228236902e+03 
       3.434515014804e-02       8.452148844632e+03 
       3.474822039460e-02       8.365934765878e+03 
       3.515674096940e-02       8.279900789638e+03 
       3.557087319415e-02       8.193900010199e+03 
       3.599079046452e-02       8.107965938152e+03 
       3.641667922723e-02       8.022380717610e+03 
       3.684874002259e-02       7.937023438934e+03 
       3.728718859727e-02       7.852048582692e+03 
       3.773225709273e-02       7.767429018312e+03 
       3.818419531545e-02       7.683271391699e+03 
       3.864327209580e-02       7.599618426609e+03 
       3.910977674334e-02       7.516526747229e+03 
       3.958402060702e-02       7.433944746912e+03 
       4.006633875022e-02       7.352076548260e+03 
       4.055709175115e-02       7.270906177659e+03 
       4.105666764066e-02       7.190417795637e+03 
       4.156548399062e-02       7.110740218281e+03 
       4.208399016748e-02       7.031843411756e+03 
       4.261266976697e-02       6.953825916500e+03 
       4.315204324738e-02       6.876633874581e+03 
       4.370267078055e-02       6.800403294760e+03 
       4.426515534116e-02       6.725076772794e+03 
       4.484014605661e-02       6.650671435606e+03 
       4.542834184138e-02       6.577256621536e+03 
       4.603049534123e-02       6.504805824933e+03 
       4.664741721408e-02       6.433352589577e+03 
       4.727998077553e-02       6.362836301827e+03 
       4.792912703781e-02       6.293334251205e+03 
       4.859587017133e-02       6.224748487228e+03 
       4.928130341753e-02       6.157072831063e+03 
       4.998660548058e-02       6.090227647726e+03 
       5.071304742268e-02       6.024242239545e+03 
       5.146200008355e-02       5.958937938288e+03 
       5.223494203833e-02       5.894205744208e+03 
       5.303346809851e-02       5.830032883993e+03 
       5.385929834803e-02       5.766121800317e+03 
       5.471428768934e-02       5.702368492187e+03 
       5.560043585124e-02       5.638522055286e+03 
       5.651989778139e-02       5.574332797318e+03 
       5.747499430885e-02       5.509409948213e+03 
       5.846822291585e-02       5.443359482057e+03 
       5.950226840095e-02       5.375833468581e+03 
       6.058001314803e-02       5.306308184617e+03 
       6.170454663534e-02       5.234127561450e+03 
       6.287917372777e-02       5.158726118370e+03 
       6.410742119504e-02       5.079330334760e+03 
       6.539304179228e-02       4.995258704799e+03 
       6.674001513515e-02       4.905659180089e+03 
       6.815254450840e-02       4.809787275543e+03 
       6.963504868073e-02       4.706844697784e+03 
       7.119214777839e-02       4.596182115040e+03 
       7.282864231930e-02       4.477254425457e+03 
       7.454948465552e-02       4.349786751527e+03 
       7.635974234081e-02       4.213796002192e+03 
       7.826455335384e-02       4.069743231689e+03 
       8.026907367405e-02       3.918557639931e+03 
       8.237841841623e-02       3.761737579713e+03 
       8.459759853934e-02       3.601295027971e+03 
       8.693145598104e-02       3.440000333633e+03 
       8.938460082339e-02       3.280707270986e+03 
       9.196135463600e-02       3.126712250159e+03 
       9.466570433860e-02       2.981173278713e+03 
       9.750127066866e-02       2.846856066564e+03 
       1.004712945878e-01       2.725774737987e+03 
       1.035786437486e-01       2.618870340232e+03 
       1.068258396019e-01       2.525669352224e+03 
       1.102151040512e-01       2.444248419850e+03 
       1.137484229949e-01       2.371159580532e+03 
       1.174276228547e-01       2.301918742997e+03 
       1.212544554205e-01       2.231445368866e+03 
       1.252306861197e-01       2.154945811546e+03 
       1.293581810889e-01       2.069077144726e+03 
       1.336389890887e-01       1.972799285227e+03 
       1.380754151868e-01       1.867870246015e+03 
       1.426700840905e-01       1.758639313961e+03 
       1.474259918887e-01       1.651060301056e+03 
       1.523465456739e-01       1.551263017354e+03 
       1.574355910149e-01       1.463922478732e+03 
       1.626974275136e-01       1.391209425380e+03 
       1.681368127389e-01       1.332152954277e+03 
       1.737589547175e-01       1.282865974021e+03 
       1.795694929091e-01       1.237685654721e+03 
       1.855744672606e-01       1.191033748259e+03 
       1.917802745446e-01       1.138877078009e+03 
       1.981936107937e-01       1.080420757048e+03 
       2.048213982686e-01       1.018754954322e+03 
       2.116706950983e-01       9.591462395649e+02 
       2.187485855412e-01       9.061661627624e+02 
       2.260620487937e-01       8.615995230637e+02 
       2.336178044956e-01       8.244161284807e+02 
       2.414221336069e-01       7.914524985978e+02 
       2.494806742594e-01       7.586131759506e+02 
       2.577981935836e-01       7.234396587916e+02 
       2.663783384387e-01       6.865524572243e+02 
       2.752233704411e-01       6.505670385999e+02 
       2.843338936221e-01       6.182125149247e+02 
       2.937085862862e-01       5.904890116186e+02 
       3.033439518627e-01       5.658683855453e+02 
       3.132341063002e-01       5.421370197134e+02 
       3.233706212741e-01       5.181994751678e+02 
       3.337424425450e-01       4.944444645290e+02 
       3.443359006758e-01       4.722903087240e+02 
       3.551348266982e-01       4.524346822140e+02 
       3.661207782798e-01       4.345143848733e+02 
       3.772733730730e-01       4.176117814565e+02 
       3.885707162722e-01       4.012135017025e+02 
       3.999899003504e-01       3.856046913883e+02 
       4.115075479337e-01       3.711176540616e+02 
       4.231003649478e-01       3.578608262306e+02 
       4.347456711370e-01       3.455609443623e+02 
       4.464218787005e-01       3.340058035556e+02 
       4.581088963390e-01       3.230743600900e+02 
       4.697884442700e-01       3.128022271751e+02 
       4.814442743988e-01       3.032459254080e+02 
       4.930622976587e-01       2.943693732903e+02 
       5.046306267307e-01       2.860668754832e+02 
       5.161395465283e-01       2.782274756954e+02 
       5.275814269857e-01       2.708421618852e+02 
       5.389505930996e-01       2.638929128818e+02 
       5.502431662750e-01       2.573775883090e+02 
       5.614568892820e-01       2.512356152406e+02 
       5.725909449631e-01       2.454332864604e+02 
       5.836457765645e-01       2.399347964074e+02 
       5.946229154351e-01       2.347191251831e+02 
       6.055248199680e-01       2.297722147326e+02 
       6.163547281195e-01       2.250706815179e+02 
       6.271165246312e-01       2.206021383258e+02 
       6.378146231770e-01       2.163360048517e+02 
       6.484538630220e-01       2.122621289564e+02 
       6.590394193557e-01       2.083635582199e+02 
       6.695767262109e-01       2.046282259296e+02 
       6.800714107515e-01       2.010482353860e+02 
       6.905292376791e-01       1.976063644405e+02 
       7.009560625306e-01       1.942978054133e+02 
       7.113577927096e-01       1.911082181652e+02 
       7.217403551832e-01       1.880311808666e+02 
       7.321096698753e-01       1.850603307447e+02 
       7.424716278969e-01       1.821854214105e+02 
       7.528320738533e-01       1.794041864238e+02 
       7.631967915690e-01       1.767064362875e+02 
       7.735714926582e-01       1.740889192580e+02 
       7.839618074539e-01       1.715464575769e+02 
       7.943732778782e-01       1.690726400929e+02 
       8.048113519051e-01       1.666662187040e+02 
       8.152813793196e-01       1.643200012923e+02 
       8.257886085308e-01       1.620328640857e+02 
       8.363381842343e-01       1.598002554854e+02 
       8.469351457626e-01       1.576186954419e+02 
       8.575844259862e-01       1.554869133583e+02 
       8.682908506625e-01       1.533999895938e+02 
       8.790591381466e-01       1.513578706819e+02 
       8.898938994016e-01       1.493563553937e+02 
       9.007996382587e-01       1.473944323590e+02 
       9.117807518950e-01       1.454699648047e+02 
       9.228415315023e-01       1.435804717522e+02 
       9.339861631356e-01       1.417255912397e+02 
       9.452187287314e-01       1.399020844422e+02 
       9.565432072948e-01       1.381102421394e+02 
       9.679634762558e-01       1.363471290054e+02 
       9.794833130005e-01       1.346127533398e+02 
       9.911063965817e-01       1.329050746714e+02 
       1.002836309615e+00       1.312234723949e+02 
       1.014676540368e+00       1.295668352885e+02 
       1.026630485040e+00       1.279340541388e+02 
       1.038701450250e+00       1.263246309687e+02 
       1.050892655713e+00       1.247372154374e+02 
       1.063207237122e+00       1.231717104922e+02 
       1.075648249217e+00       1.216266910683e+02 
       1.088218669041e+00       1.201022609931e+02 
       1.100921399372e+00       1.185970601407e+02 
       1.113759272313e+00       1.171112293137e+02 
       1.126735053027e+00       1.156435701350e+02 
       1.139851443603e+00       1.141941860866e+02 
       1.153111087023e+00       1.127620978062e+02 
       1.166516571218e+00       1.113472556287e+02 
       1.180070433185e+00       1.099489613357e+02 
       1.193775163139e+00       1.085669876068e+02 
       1.207633208682e+00       1.072009321714e+02 
       1.221646978958e+00       1.058503201485e+02 
       1.235818848781e+00       1.045150896719e+02 
       1.250151162697e+00       1.031945403619e+02 
       1.264646238976e+00       1.018888343834e+02 
       1.279306373506e+00       1.005972426357e+02 
       1.294133843569e+00       9.931985608658e+01 
       1.309130911491e+00       9.805624204173e+01 
       1.324299828146e+00       9.680613886113e+01 
       1.339642836312e+00       9.556951667936e+01 
       1.355162173854e+00       9.434588083455e+01 
       1.370860076750e+00       9.313527058273e+01 
       1.386738781939e+00       9.193738362000e+01 
       1.402800529994e+00       9.075194893447e+01 
       1.419047567628e+00       8.957897635924e+01 
       1.435482150024e+00       8.841811344189e+01 
       1.452106542999e+00       8.726923309805e+01 
       1.468923025003e+00       8.613225948999e+01 
       1.485933888974e+00       8.500690487633e+01 
       1.503141444028e+00       8.389306406904e+01 
       1.520548017029e+00       8.279065657360e+01 
       1.538155954009e+00       8.169944265127e+01 
       1.555967621483e+00       8.061930714013e+01 
       1.573985407644e+00       7.955024953855e+01 
       1.592211723455e+00       7.849196137095e+01 
       1.610649003648e+00       7.744429506905e+01 
       1.629299707647e+00       7.640730068063e+01 
       1.648166320403e+00       7.538081810888e+01 
       1.667251353167e+00       7.436468514836e+01 
       1.686557344210e+00       7.335879077527e+01 
       1.706086859482e+00       7.236305587807e+01 
       1.725842493228e+00       7.137738801594e+01 
       1.745826868572e+00       7.040165983818e+01 
       1.766042638055e+00       6.943577018831e+01 
       1.786492484156e+00       6.847963119557e+01 
       1.807179119785e+00       6.753316570831e+01 
       1.828105288757e+00       6.659628709609e+01 
       1.849273766248e+00       6.566889772640e+01 
       1.870687359241e+00       6.475091145109e+01 
       1.892348906963e+00       6.384224589567e+01 
       1.914261281308e+00       6.294283528103e+01 
       1.936427387266e+00       6.205258762026e+01 
       1.958850163334e+00       6.117143427853e+01 
       1.981532581936e+00       6.029930100886e+01 
       2.004477649838e+00       5.943611674844e+01 
       2.027688408563e+00       5.858180829825e+01 
       2.051167934808e+00       5.773631073338e+01 
       2.074919340857e+00       5.689955596048e+01 
       2.098945775011e+00       5.607148184595e+01 
       2.123250422003e+00       5.525201768645e+01 
       2.147836503429e+00       5.444111486220e+01 
       2.172707278179e+00       5.363870783097e+01 
       2.197866042868e+00       5.284473912668e+01 
       2.223316132279e+00       5.205914473570e+01 
       2.249060919808e+00       5.128187127244e+01 
       2.275103817904e+00       5.051286442993e+01 
       2.301448278533e+00       4.975207875630e+01 
       2.328097793629e+00       4.899944059584e+01 
       2.355055895558e+00       4.825490949012e+01 
       2.382326157591e+00       4.751843345151e+01 
       2.409912194372e+00       4.678996188812e+01 
       2.437817662402e+00       4.606944579232e+01 
       2.466046260521e+00       4.535683510748e+01 
       2.494601730400e+00       4.465208519954e+01 
       2.523487857035e+00       4.395514782347e+01 
       2.552708469252e+00       4.326597683662e+01 
       2.582267440211e+00       4.258452473870e+01 
       2.612168687922e+00       4.191074630602e+01 
       2.642416175763e+00       4.124459682098e+01 
       2.673013913006e+00       4.058603481356e+01 
       2.703965955348e+00       3.993501686078e+01 
       2.735276405449e+00       3.929149729605e+01 
       2.766949413474e+00       3.865543369830e+01 
       2.798989177646e+00       3.802678490375e+01 
       2.831399944803e+00       3.740550970399e+01 
       2.864186010955e+00       3.679156578249e+01 
       2.897351721861e+00       3.618491152090e+01 
       2.930901473599e+00       3.558550693514e+01 
       2.964839713153e+00       3.499331110863e+01 
       2.999170938999e+00       3.440828149003e+01 
       3.033899701705e+00       3.383038311296e+01 
       3.069030604530e+00       3.325957079190e+01 
       3.104568304037e+00       3.269580602840e+01 
       3.140517510711e+00       3.213904930474e+01 
       3.176882989579e+00       3.158926015119e+01 
       3.213669560845e+00       3.104639857326e+01 
       3.250882100532e+00       3.051042648306e+01 
       3.288525541119e+00       2.998130206809e+01 
       3.326604872205e+00       2.945898592622e+01 
       3.365125141163e+00       2.894343826841e+01 
       3.404091453814e+00       2.843461886051e+01 
       3.443508975100e+00       2.793248748698e+01 
       3.483382929771e+00       2.743700342204e+01 
       3.523718603076e+00       2.694812697199e+01 
       3.564521341465e+00       2.646581590577e+01 
       3.605796553297e+00       2.599003029616e+01 
       3.647549709556e+00       2.552072847292e+01 
       3.689786344579e+00       2.505786898204e+01 
       3.732512056785e+00       2.460140957768e+01 
       3.775732509421e+00       2.415130822040e+01 
       3.819453431311e+00       2.370752233604e+01 
       3.863680617617e+00       2.327000903954e+01 
       3.908419930604e+00       2.283872504004e+01 
       3.953677300418e+00       2.241362663427e+01 
       3.999458725877e+00       2.199466973081e+01 
       4.045770275258e+00       2.158180983021e+01 
       4.092618087106e+00       2.117500200788e+01 
       4.140008371049e+00       2.077420088535e+01 
       4.187947408617e+00       2.037936064862e+01 
       4.236441554078e+00       1.999043502765e+01 
       4.285497235278e+00       1.960737729777e+01 
       4.335120954495e+00       1.923014027939e+01 
       4.385319289299e+00       1.885867632302e+01 
       4.436098893424e+00       1.849293732703e+01 
       4.487466497653e+00       1.813287472431e+01 
       4.539428910705e+00       1.777843949334e+01 
       4.591993020143e+00       1.742958216172e+01 
       4.645165793282e+00       1.708625281370e+01 
       4.698954278114e+00       1.674840109570e+01 
       4.753365604247e+00       1.641597622890e+01 
       4.808406983842e+00       1.608892701681e+01 
       4.864085712575e+00       1.576720185939e+01 
       4.920409170600e+00       1.545074876843e+01 
       4.977384823531e+00       1.513951537869e+01 
       5.035020223428e+00       1.483344896722e+01 
       5.093323009803e+00       1.453249646810e+01 
       5.152300910626e+00       1.423660449281e+01 
       5.211961743354e+00       1.394571934700e+01 
       5.272313415966e+00       1.365978705196e+01 
       5.333363928010e+00       1.337875336280e+01 
       5.395121371665e+00       1.310256379317e+01 
       5.457593932815e+00       1.283116363444e+01 
       5.520789892129e+00       1.256449797838e+01 
       5.584717626164e+00       1.230251173969e+01 
       5.649385608470e+00       1.204514967954e+01 
       5.714802410720e+00       1.179235642790e+01 
       5.780976703839e+00       1.154407650701e+01 
       5.847917259159e+00       1.130025435461e+01 
       5.915632949577e+00       1.106083434730e+01 
       5.984132750735e+00       1.082576082362e+01 
       6.053425742208e+00       1.059497810716e+01 
       6.123521108705e+00       1.036843052945e+01 
       6.194428141293e+00       1.014606245257e+01 
       6.266156238621e+00       9.927818291492e+00 
       6.338714908172e+00       9.713642536065e+00 
       6.412113767517e+00       9.503479772711e+00 
       6.486362545598e+00       9.297274705623e+00 
       6.561471084007e+00       9.094972177569e+00 
       6.637449338302e+00       8.896517190237e+00 
       6.714307379318e+00       8.701854924081e+00 
       6.792055394503e+00       8.510930757658e+00 
       6.870703689275e+00       8.323690286464e+00 
       6.950262688378e+00       8.140079341204e+00 
       7.030742937272e+00       7.960044005523e+00 
       7.112155103528e+00       7.783530633190e+00 
       7.194509978238e+00       7.610485864694e+00 
       7.277818477454e+00       7.440856643283e+00 
       7.362091643625e+00       7.274590230420e+00 
       7.447340647070e+00       7.111634220667e+00 
       7.533576787450e+00       6.951936555982e+00 
       7.620811495274e+00       6.795445539451e+00 
       7.709056333407e+00       6.642109848426e+00 
       7.798322998607e+00       6.491878547109e+00 
       7.888623323073e+00       6.344701098548e+00 
       7.979969276016e+00       6.200527376081e+00 
       8.072372965243e+00       6.059307674209e+00 
       8.165846638763e+00       5.920992718925e+00 
       8.260402686410e+00       5.785533677483e+00 
       8.356053641485e+00       5.652882167635e+00 
       8.452812182420e+00       5.522990266331e+00 
       8.550691134454e+00       5.395810517889e+00 
       8.649703471336e+00       5.271295941653e+00 
       8.749862317044e+00       5.149400039142e+00 
       8.851180947525e+00       5.030076800693e+00 
       8.953672792452e+00       4.913280711620e+00 
       9.057351437011e+00       4.798966757886e+00 
       9.162230623691e+00       4.687090431313e+00 
       9.268324254117e+00       4.577607734318e+00 
       9.375646390884e+00       4.470475184211e+00 
       9.484211259424e+00       4.365649817044e+00 
       9.594033249894e+00       4.263089191037e+00 
       9.705126919079e+00       4.162751389577e+00 
       9.817506992325e+00       4.064595023818e+00 
       9.931188365488e+00       3.968579234878e+00 
       1.004618610691e+01       3.874663695650e+00 
       1.016251545942e+01       3.782808612247e+00 
       1.028019184235e+01       3.692974725065e+00 
       1.039923085357e+01       3.605123309516e+00 
       1.051964827158e+01       3.519216176400e+00 
       1.064146005757e+01       3.435215671958e+00 
       1.076468235757e+01       3.353084677601e+00 
       1.088933150455e+01       3.272786609331e+00 
       1.101542402063e+01       3.194285416868e+00 
       1.114297661923e+01       3.117545582485e+00 
       1.127200620731e+01       3.042532119568e+00 
       1.140252988760e+01       2.969210570920e+00 
       1.153456496088e+01       2.897547006794e+00 
       1.166812892826e+01       2.827508022697e+00 
       1.180323949348e+01       2.759060736951e+00 
       1.193991456531e+01       2.692172788036e+00 
       1.207817225989e+01       2.626812331714e+00 
       1.221803090312e+01       2.562948037954e+00 
       1.235950903310e+01       2.500549087658e+00 
       1.250262540263e+01       2.439585169209e+00 
       1.264739898161e+01       2.380026474836e+00 
       1.279384895962e+01       2.321843696821e+00 
       1.294199474846e+01       2.265008023541e+00 
       1.309185598468e+01       2.209491135366e+00 
       1.324345253223e+01       2.155265200418e+00 
       1.339680448507e+01       2.102302870198e+00 
       1.355193216983e+01       2.050577275085e+00 
       1.370885614853e+01       2.000062019728e+00 
       1.386759722125e+01       1.950731178326e+00 
       1.402817642897e+01       1.902559289807e+00 
       1.419061505628e+01       1.855521352917e+00 
       1.435493463425e+01       1.809592821226e+00 
       1.452115694325e+01       1.764749598046e+00 
       1.468930401587e+01       1.720968031293e+00 
       1.485939813983e+01       1.678224908269e+00 
       1.503146186092e+01       1.636497450395e+00 
       1.520551798600e+01       1.595763307887e+00 
       1.538158958602e+01       1.556000554387e+00 
       1.555969999907e+01       1.517187681552e+00 
       1.573987283351e+01       1.479303593613e+00 
       1.592213197104e+01       1.442327601893e+00 
       1.610650156992e+01       1.406239419314e+00 
       1.629300606814e+01       1.371019154872e+00 
       1.648167018666e+01       1.336647308107e+00 
       1.667251893271e+01       1.303104763552e+00 
       1.686557760309e+01       1.270372785189e+00 
       1.706087178751e+01       1.238433010890e+00 
       1.725842737201e+01       1.207267446869e+00 
       1.745827054236e+01       1.176858462137e+00 
       1.766042778757e+01       1.147188782969e+00 
       1.786492590334e+01       1.118241487377e+00 
       1.807179199570e+01       1.089999999610e+00 
       1.828105348451e+01       1.062448084671e+00 
       1.849273810715e+01       1.035569842847e+00 
       1.870687392220e+01       1.009349704280e+00 
       1.892348931313e+01       9.837724235562e-01 
       1.914261299207e+01       9.588230743321e-01 
       1.936427400363e+01       9.344870439887e-01 
       1.958850172873e+01       9.107500283267e-01 
       1.981532588852e+01       8.875980262978e-01 
       2.004477654829e+01       8.650173347765e-01 
       2.027688412148e+01       8.429945433738e-01 
       2.051167937370e+01       8.215165292952e-01 
       2.074919342680e+01       8.005704522450e-01 
       2.098945776301e+01       7.801437493765e-01 
       2.123250422912e+01       7.602241302926e-01 
       2.147836504066e+01       7.407995720951e-01 
       2.172707278623e+01       7.218583144866e-01 
       2.197866043176e+01       7.033888549239e-01 
       2.223316132492e+01       6.853799438264e-01 
       2.249060919954e+01       6.678205798373e-01 
       2.275103818004e+01       6.507000051421e-01 
       2.301448278601e+01       6.340077008425e-01 
       2.328097793675e+01       6.177333823869e-01 
       2.355055895589e+01       6.018669950600e-01 
       2.382326157612e+01       5.863987095289e-01 
       2.409912194386e+01       5.713189174492e-01 
       2.437817662411e+01       5.566182271294e-01 
       2.466046260527e+01       5.422874592557e-01 
       2.494601730404e+01       5.283176426753e-01 
       2.523487857038e+01       5.147000102406e-01 
       2.552708469253e+01       5.014259947137e-01 
       2.582267440212e+01       4.884872247299e-01 
       2.612168687923e+01       4.758755208232e-01 
       2.642416175764e+01       4.635828915107e-01 
       2.673013913007e+01       4.516015294380e-01 
       2.703965955348e+01       4.399238075845e-01 
       2.735276405449e+01       4.285422755289e-01 
       2.766949413474e+01       4.174496557745e-01 
       2.798989177647e+01       4.066388401339e-01 
       2.831399944803e+01       3.961028861736e-01 
       2.864186010955e+01       3.858350137171e-01 
       2.897351721861e+01       3.758286014071e-01 
       2.930901473599e+01       3.660771833263e-01 
       2.964839713153e+01       3.565744456757e-01 
       2.999170938999e+01       3.473142235113e-01 
       3.033899701705e+01       3.382904975368e-01 
