# Matter power spectrum P(k) at redshift z=0
# for k=1.05678e-05 to 30.2386 h/Mpc,
# number of wavenumbers equal to 1160
#    1:k (h/Mpc)              2:P (Mpc/h)^3        
       1.056783067373e-05       4.452005505807e+01 
       1.069020038564e-05       4.501842285305e+01 
       1.081398707204e-05       4.552241012752e+01 
       1.093920714070e-05       4.603201759483e+01 
       1.106587718943e-05       4.654739373659e+01 
       1.119401400819e-05       4.706846117676e+01 
       1.132363458138e-05       4.759531524744e+01 
       1.145475609007e-05       4.812820766794e+01 
       1.158739591428e-05       4.866705383725e+01 
       1.172157163526e-05       4.921184389087e+01 
       1.185730103786e-05       4.976286054856e+01 
       1.199460211288e-05       5.031988318675e+01 
       1.213349305941e-05       5.088322441464e+01 
       1.227399228730e-05       5.145288584249e+01 
       1.241611841958e-05       5.202891185388e+01 
       1.255989029490e-05       5.261141332044e+01 
       1.270532697008e-05       5.320038232649e+01 
       1.285244772259e-05       5.379594895874e+01 
       1.300127205312e-05       5.439823756880e+01 
       1.315181968818e-05       5.500719573072e+01 
       1.330411058269e-05       5.562303089249e+01 
       1.345816492266e-05       5.624573637988e+01 
       1.361400312780e-05       5.687545666460e+01 
       1.377164585431e-05       5.751212103690e+01 
       1.393111399757e-05       5.815591922136e+01 
       1.409242869489e-05       5.880703609519e+01 
       1.425561132837e-05       5.946533889110e+01 
       1.442068352770e-05       6.013117156154e+01 
       1.458766717300e-05       6.080425536170e+01 
       1.475658439779e-05       6.148500713873e+01 
       1.492745759186e-05       6.217330594097e+01 
       1.510030940426e-05       6.286934309868e+01 
       1.527516274632e-05       6.357309870262e+01 
       1.545204079465e-05       6.428494876720e+01 
       1.563096699425e-05       6.500453018053e+01 
       1.581196506160e-05       6.573222233796e+01 
       1.599505898779e-05       6.646813118339e+01 
       1.618027304172e-05       6.721226014124e+01 
       1.636763177332e-05       6.796466321324e+01 
       1.655716001679e-05       6.872551008483e+01 
       1.674888289387e-05       6.949488415203e+01 
       1.694282581725e-05       7.027295742569e+01 
       1.713901449383e-05       7.105959718833e+01 
       1.733747492822e-05       7.185514435104e+01 
       1.753823342614e-05       7.265939647277e+01 
       1.774131659789e-05       7.347314206604e+01 
       1.794675136195e-05       7.429534021366e+01 
       1.815456494846e-05       7.512706060956e+01 
       1.836478490289e-05       7.596830466816e+01 
       1.857743908966e-05       7.681872424779e+01 
       1.879255569587e-05       7.767883606881e+01 
       1.901016323498e-05       7.854818881085e+01 
       1.923029055063e-05       7.942772601359e+01 
       1.945296682046e-05       8.031669535511e+01 
       1.967822155998e-05       8.121596682706e+01 
       1.990608462645e-05       8.212504989959e+01 
       2.013658622288e-05       8.304456358566e+01 
       2.036975690199e-05       8.397447895724e+01 
       2.060562757033e-05       8.491436919048e+01 
       2.084422949227e-05       8.586495459107e+01 
       2.108559429426e-05       8.682614409761e+01 
       2.132975396894e-05       8.779830914782e+01 
       2.157674087939e-05       8.878118505282e+01 
       2.182658776348e-05       8.977524125542e+01 
       2.207932773814e-05       9.077986492966e+01 
       2.233499430377e-05       9.179614518032e+01 
       2.259362134871e-05       9.282388403163e+01 
       2.285524315368e-05       9.386317160562e+01 
       2.311989439638e-05       9.491395273185e+01 
       2.338761015604e-05       9.597640202296e+01 
       2.365842591809e-05       9.705070276906e+01 
       2.393237757887e-05       9.813717502666e+01 
       2.420950145037e-05       9.923609029625e+01 
       2.448983426507e-05       1.003471827957e+02 
       2.477341318078e-05       1.014705349090e+02 
       2.506027578556e-05       1.026061921340e+02 
       2.535046010276e-05       1.037547662926e+02 
       2.564400459599e-05       1.049163537637e+02 
       2.594094817425e-05       1.060911713185e+02 
       2.624133019709e-05       1.072785653226e+02 
       2.654519047983e-05       1.084793444868e+02 
       2.685256929881e-05       1.096939359288e+02 
       2.716350739677e-05       1.109221930066e+02 
       2.747804598821e-05       1.121636261915e+02 
       2.779622676488e-05       1.134193905621e+02 
       2.811809190130e-05       1.146887836592e+02 
       2.844368406035e-05       1.159730665269e+02 
       2.877304639891e-05       1.172713488231e+02 
       2.910622257360e-05       1.185841645384e+02 
       2.944325674657e-05       1.199116805714e+02 
       2.978419359133e-05       1.212539034978e+02 
       3.012907829869e-05       1.226112987798e+02 
       3.047795658274e-05       1.239838858500e+02 
       3.083087468692e-05       1.253718365846e+02 
       3.118787939015e-05       1.267753230332e+02 
       3.154901801302e-05       1.281945189946e+02 
       3.191433842404e-05       1.296297526659e+02 
       3.228388904606e-05       1.310804575641e+02 
       3.265771886260e-05       1.325482920074e+02 
       3.303587742440e-05       1.340318514952e+02 
       3.341841485597e-05       1.355325272775e+02 
       3.380538186224e-05       1.370495051485e+02 
       3.419682973525e-05       1.385836416578e+02 
       3.459281036100e-05       1.401351296905e+02 
       3.499337622630e-05       1.417037676763e+02 
       3.539858042571e-05       1.432900254920e+02 
       3.580847666861e-05       1.448942832411e+02 
       3.622311928632e-05       1.465162783778e+02 
       3.664256323924e-05       1.481564259403e+02 
       3.706686412424e-05       1.498149397725e+02 
       3.749607818192e-05       1.514923129982e+02 
       3.793026230415e-05       1.531874740242e+02 
       3.836947404157e-05       1.549026293307e+02 
       3.881377161121e-05       1.566366484340e+02 
       3.926321390424e-05       1.583898980621e+02 
       3.971786049374e-05       1.601630980011e+02 
       4.017777164263e-05       1.619556711763e+02 
       4.064300831163e-05       1.637685898736e+02 
       4.111363216736e-05       1.656021156877e+02 
       4.158970559050e-05       1.674560877803e+02 
       4.207129168406e-05       1.693301348862e+02 
       4.255845428177e-05       1.712256500365e+02 
       4.305125795650e-05       1.731426462008e+02 
       4.354976802884e-05       1.750805242368e+02 
       4.405405057576e-05       1.770403364674e+02 
       4.456417243937e-05       1.790224707315e+02 
       4.508020123576e-05       1.810261433565e+02 
       4.560220536399e-05       1.830525535539e+02 
       4.613025401516e-05       1.851018471895e+02 
       4.666441718152e-05       1.871735935540e+02 
       4.720476566584e-05       1.892689001833e+02 
       4.775137109072e-05       1.913873974531e+02 
       4.830430590811e-05       1.935298814172e+02 
       4.886364340893e-05       1.956962370884e+02 
       4.942945773275e-05       1.978865320030e+02 
       5.000182387766e-05       2.001020559585e+02 
       5.058081771017e-05       2.023418858482e+02 
       5.116651597527e-05       2.046068282683e+02 
       5.175899630664e-05       2.068976370800e+02 
       5.235833723691e-05       2.092133095524e+02 
       5.296461820807e-05       2.115548511433e+02 
       5.357791958201e-05       2.139234020486e+02 
       5.419832265115e-05       2.163174313639e+02 
       5.482590964925e-05       2.187382799091e+02 
       5.546076376229e-05       2.211866493391e+02 
       5.610296913949e-05       2.236629160176e+02 
       5.675261090449e-05       2.261664108401e+02 
       5.740977516659e-05       2.286981886372e+02 
       5.807454903220e-05       2.312580125034e+02 
       5.874702061638e-05       2.338457798681e+02 
       5.942727905452e-05       2.364636415674e+02 
       6.011541451412e-05       2.391101071568e+02 
       6.081151820680e-05       2.417865433015e+02 
       6.151568240035e-05       2.444930304742e+02 
       6.222800043097e-05       2.472294695975e+02 
       6.294856671565e-05       2.499966175632e+02 
       6.367747676466e-05       2.527949781815e+02 
       6.441482719424e-05       2.556239426815e+02 
       6.516071573939e-05       2.584857065492e+02 
       6.591524126684e-05       2.613782791834e+02 
       6.667850378812e-05       2.643035932726e+02 
       6.745060447285e-05       2.672622726286e+02 
       6.823164566215e-05       2.702534634438e+02 
       6.902173088217e-05       2.732777121237e+02 
       6.982096485786e-05       2.763362946179e+02 
       7.062945352681e-05       2.794293628911e+02 
       7.144730405333e-05       2.825562376579e+02 
       7.227462484261e-05       2.857186278976e+02 
       7.311152555512e-05       2.889168305757e+02 
       7.395811712116e-05       2.921503337421e+02 
       7.481451175551e-05       2.954206386571e+02 
       7.568082297236e-05       2.987260184044e+02 
       7.655716560032e-05       3.020690929502e+02 
       7.744365579766e-05       3.054507052036e+02 
       7.834041106769e-05       3.088684603285e+02 
       7.924755027435e-05       3.123245262119e+02 
       8.016519365796e-05       3.158207294670e+02 
       8.109346285116e-05       3.193550681732e+02 
       8.203248089502e-05       3.229287351009e+02 
       8.298237225537e-05       3.265420913084e+02 
       8.394326283928e-05       3.301965022696e+02 
       8.491528001175e-05       3.338919290375e+02 
       8.589855261261e-05       3.376280407261e+02 
       8.689321097358e-05       3.414067430973e+02 
       8.789938693555e-05       3.452277638192e+02 
       8.891721386604e-05       3.490899470253e+02 
       8.994682667692e-05       3.529959045643e+02 
       9.098836184225e-05       3.569466931823e+02 
       9.204195741638e-05       3.609412702448e+02 
       9.310775305228e-05       3.649806171865e+02 
       9.418589001999e-05       3.690637353208e+02 
       9.527651122540e-05       3.731940934446e+02 
       9.637976122918e-05       3.773688158170e+02 
       9.749578626591e-05       3.815924579555e+02 
       9.862473426351e-05       3.858622018641e+02 
       9.976675486281e-05       3.901782298882e+02 
       1.009219994374e-04       3.945443161212e+02 
       1.020906211137e-04       3.989583418148e+02 
       1.032727747913e-04       4.034234618725e+02 
       1.044686171632e-04       4.079357700164e+02 
       1.056783067373e-04       4.125009620807e+02 
       1.069020038564e-04       4.171160512141e+02 
       1.081398707204e-04       4.217830021630e+02 
       1.093920714070e-04       4.265022261427e+02 
       1.106587718943e-04       4.312728623989e+02 
       1.119401400819e-04       4.360968945289e+02 
       1.132363458138e-04       4.409766899763e+02 
       1.145475609007e-04       4.459088630120e+02 
       1.158739591428e-04       4.508971776265e+02 
       1.172157163526e-04       4.559424844892e+02 
       1.185730103786e-04       4.610427862277e+02 
       1.199460211288e-04       4.662000030847e+02 
       1.213349305941e-04       4.714150890368e+02 
       1.227399228730e-04       4.766869987515e+02 
       1.241611841958e-04       4.820192095346e+02 
       1.255989029490e-04       4.874111065894e+02 
       1.270532697008e-04       4.928625437255e+02 
       1.285244772259e-04       4.983761186003e+02 
       1.300127205312e-04       5.039503305059e+02 
       1.315181968818e-04       5.095867946640e+02 
       1.330411058269e-04       5.152859609928e+02 
       1.345816492266e-04       5.210489437355e+02 
       1.361400312780e-04       5.268761353527e+02 
       1.377164585431e-04       5.327681300167e+02 
       1.393111399757e-04       5.387267625177e+02 
       1.409242869489e-04       5.447513587123e+02 
       1.425561132837e-04       5.508432122040e+02 
       1.442068352770e-04       5.570027950786e+02 
       1.458766717300e-04       5.632311967737e+02 
       1.475658439779e-04       5.695291924763e+02 
       1.492745759186e-04       5.758424498461e+02 
       1.510030940426e-04       5.822804676666e+02 
       1.527516274632e-04       5.887899229007e+02 
       1.545204079465e-04       5.953720846789e+02 
       1.563096699425e-04       6.020280912074e+02 
       1.581196506160e-04       6.087577604525e+02 
       1.599505898779e-04       6.155627376885e+02 
       1.618027304172e-04       6.224431876704e+02 
       1.636763177332e-04       6.294008233458e+02 
       1.655716001679e-04       6.364356255778e+02 
       1.674888289387e-04       6.435490504549e+02 
       1.694282581725e-04       6.507413738789e+02 
       1.713901449383e-04       6.580138023221e+02 
       1.733747492822e-04       6.653678282938e+02 
       1.753823342614e-04       6.728022560616e+02 
       1.774131659789e-04       6.803216107323e+02 
       1.794675136195e-04       6.879227117136e+02 
       1.815456494846e-04       6.956094076439e+02 
       1.836478490289e-04       7.033817526086e+02 
       1.857743908966e-04       7.112401462301e+02 
       1.879255569587e-04       7.191863996947e+02 
       1.901016323498e-04       7.272208210508e+02 
       1.923029055063e-04       7.353445751342e+02 
       1.945296682046e-04       7.435587132874e+02 
       1.967822155998e-04       7.518645095430e+02 
       1.990608462645e-04       7.602620964334e+02 
       2.013658622288e-04       7.687534454679e+02 
       2.036975690199e-04       7.773391635880e+02 
       2.060562757033e-04       7.860200936410e+02 
       2.084422949227e-04       7.947976403363e+02 
       2.108559429426e-04       8.036727763708e+02 
       2.132975396894e-04       8.126464184108e+02 
       2.157674087939e-04       8.217210212112e+02 
       2.182658776348e-04       8.308950978750e+02 
       2.207932773814e-04       8.401700535459e+02 
       2.233499430377e-04       8.495499974850e+02 
       2.259362134871e-04       8.590330668430e+02 
       2.285524315368e-04       8.686215371791e+02 
       2.311989439638e-04       8.783151094126e+02 
       2.338761015604e-04       8.881181891839e+02 
       2.365842591809e-04       8.980283242513e+02 
       2.393237757887e-04       9.080492700125e+02 
       2.420950145037e-04       9.181817813304e+02 
       2.448983426507e-04       9.284262170747e+02 
       2.477341318078e-04       9.387827399557e+02 
       2.506027578556e-04       9.492557784768e+02 
       2.535046010276e-04       9.598443621956e+02 
       2.564400459599e-04       9.705506292250e+02 
       2.594094817425e-04       9.813740321849e+02 
       2.624133019709e-04       9.923194308161e+02 
       2.654519047983e-04       1.003383385232e+03 
       2.685256929881e-04       1.014570965475e+03 
       2.716350739677e-04       1.025883180173e+03 
       2.747804598821e-04       1.037318773184e+03 
       2.779622676488e-04       1.048881536312e+03 
       2.811809190130e-04       1.060572921106e+03 
       2.844368406035e-04       1.072391990721e+03 
       2.877304639891e-04       1.084343056171e+03 
       2.910622257360e-04       1.096425214255e+03 
       2.944325674657e-04       1.108640978319e+03 
       2.978419359133e-04       1.120992183300e+03 
       3.012907829869e-04       1.133477026672e+03 
       3.047795658274e-04       1.146102030108e+03 
       3.083087468693e-04       1.158865202900e+03 
       3.118787939016e-04       1.171770449246e+03 
       3.154901801302e-04       1.184816901518e+03 
       3.191433842404e-04       1.198007656573e+03 
       3.228388904606e-04       1.211342107344e+03 
       3.265771886260e-04       1.224824333133e+03 
       3.303587742440e-04       1.238454351652e+03 
       3.341841485597e-04       1.252234641095e+03 
       3.380538186224e-04       1.266167758940e+03 
       3.419682973525e-04       1.280251539098e+03 
       3.459281036100e-04       1.294491685974e+03 
       3.499337622630e-04       1.308887212548e+03 
       3.539858042571e-04       1.323441448654e+03 
       3.580847666861e-04       1.338155033101e+03 
       3.622311928632e-04       1.353030836922e+03 
       3.664256323924e-04       1.368068555678e+03 
       3.706686412424e-04       1.383271353792e+03 
       3.749607818192e-04       1.398642909100e+03 
       3.793026230415e-04       1.414180134996e+03 
       3.836947404157e-04       1.429887870555e+03 
       3.881377161121e-04       1.445766817243e+03 
       3.926321390424e-04       1.461821040560e+03 
       3.971786049374e-04       1.478048548486e+03 
       4.017777164263e-04       1.494455969083e+03 
       4.064300831163e-04       1.511040204443e+03 
       4.111363216736e-04       1.527806291842e+03 
       4.158970559050e-04       1.544755911335e+03 
       4.207129168406e-04       1.561889075560e+03 
       4.255845428178e-04       1.579209549956e+03 
       4.305125795650e-04       1.596717906345e+03 
       4.354976802884e-04       1.614417507563e+03 
       4.405405057576e-04       1.632309738815e+03 
       4.456417243937e-04       1.650396751151e+03 
       4.508020123576e-04       1.668680399228e+03 
       4.560220536399e-04       1.687161226428e+03 
       4.613025401516e-04       1.705844318881e+03 
       4.666441718152e-04       1.724727902670e+03 
       4.720476566584e-04       1.743816625902e+03 
       4.775137109072e-04       1.763112868120e+03 
       4.830430590811e-04       1.782617915325e+03 
       4.886364340893e-04       1.802333867445e+03 
       4.942945773276e-04       1.822263735786e+03 
       5.000182387766e-04       1.842407932630e+03 
       5.058081771017e-04       1.862770838415e+03 
       5.116651597527e-04       1.883351130781e+03 
       5.175899630664e-04       1.904154548957e+03 
       5.235833723691e-04       1.925181709792e+03 
       5.296461820807e-04       1.946435019127e+03 
       5.357791958201e-04       1.967918061284e+03 
       5.419832265115e-04       1.989631094369e+03 
       5.482590964925e-04       2.011576808401e+03 
       5.546076376229e-04       2.033760662837e+03 
       5.610296913949e-04       2.056179049271e+03 
       5.675261090449e-04       2.078839472167e+03 
       5.740977516659e-04       2.101742077051e+03 
       5.807454903220e-04       2.124891217579e+03 
       5.874702061638e-04       2.148286289050e+03 
       5.942727905452e-04       2.171929062439e+03 
       6.011541451412e-04       2.195827447293e+03 
       6.081151820680e-04       2.219977835112e+03 
       6.151568240035e-04       2.244387012646e+03 
       6.222800043097e-04       2.269056347861e+03 
       6.294856671565e-04       2.293987097710e+03 
       6.367747676466e-04       2.319185351682e+03 
       6.441482719424e-04       2.344648939867e+03 
       6.516071573939e-04       2.370382867684e+03 
       6.591524126684e-04       2.396385855437e+03 
       6.667850378812e-04       2.422666963602e+03 
       6.745060447285e-04       2.449227651967e+03 
       6.823164566215e-04       2.476064203508e+03 
       6.902173088217e-04       2.503189444296e+03 
       6.982096485786e-04       2.530595765242e+03 
       7.062945352681e-04       2.558294054207e+03 
       7.144730405333e-04       2.586282238940e+03 
       7.227462484261e-04       2.614560886395e+03 
       7.311152555512e-04       2.643139855227e+03 
       7.395811712116e-04       2.672018299666e+03 
       7.481451175551e-04       2.701202009382e+03 
       7.568082297236e-04       2.730685248186e+03 
       7.655716560032e-04       2.760477616303e+03 
       7.744365579766e-04       2.790582436237e+03 
       7.834041106769e-04       2.821001017950e+03 
       7.924755027435e-04       2.851735574059e+03 
       8.016519365796e-04       2.882789591862e+03 
       8.109346285116e-04       2.914166063502e+03 
       8.203248089502e-04       2.945869945580e+03 
       8.298237225537e-04       2.977896644189e+03 
       8.394326283928e-04       3.010261240635e+03 
       8.491528001175e-04       3.042956869508e+03 
       8.589855261261e-04       3.075985868268e+03 
       8.689321097358e-04       3.109358985884e+03 
       8.789938693555e-04       3.143074087221e+03 
       8.891721386604e-04       3.177140102620e+03 
       8.994682667692e-04       3.211547381518e+03 
       9.098836184225e-04       3.246312592333e+03 
       9.204195741638e-04       3.281434115877e+03 
       9.310775305228e-04       3.316908522812e+03 
       9.418589001999e-04       3.352755698600e+03 
       9.527651122540e-04       3.388951347490e+03 
       9.637976122918e-04       3.425523082605e+03 
       9.749578626592e-04       3.462465861309e+03 
       9.862473426351e-04       3.499785674181e+03 
       9.976675486281e-04       3.537476736124e+03 
       1.009219994374e-03       3.575551296412e+03 
       1.020906211137e-03       3.614010049262e+03 
       1.032727747913e-03       3.652854928518e+03 
       1.044686171632e-03       3.692087848919e+03 
       1.056783067373e-03       3.731715076359e+03 
       1.069020038564e-03       3.771739873783e+03 
       1.081398707204e-03       3.812163913291e+03 
       1.093920714070e-03       3.852989272583e+03 
       1.106587718943e-03       3.894219079287e+03 
       1.119401400819e-03       3.935865484458e+03 
       1.132363458138e-03       3.977919703272e+03 
       1.145475609007e-03       4.020386012047e+03 
       1.158739591428e-03       4.063275011442e+03 
       1.172157163526e-03       4.106587641746e+03 
       1.185730103786e-03       4.150321823857e+03 
       1.199460211288e-03       4.194491096645e+03 
       1.213349305941e-03       4.239088855956e+03 
       1.227399228730e-03       4.284103516067e+03 
       1.241611841958e-03       4.329570891204e+03 
       1.255989029490e-03       4.375478975128e+03 
       1.270532697008e-03       4.421849390802e+03 
       1.285244772259e-03       4.468648038424e+03 
       1.300127205312e-03       4.515902223525e+03 
       1.315181968818e-03       4.563616151092e+03 
       1.330411058269e-03       4.611782234221e+03 
       1.345816492266e-03       4.660406492049e+03 
       1.361400312780e-03       4.709486886262e+03 
       1.377164585431e-03       4.759047564826e+03 
       1.393111399757e-03       4.809075333287e+03 
       1.409242869489e-03       4.859577364664e+03 
       1.425561132837e-03       4.910552902700e+03 
       1.442068352770e-03       4.962005636101e+03 
       1.458766717300e-03       5.013941736570e+03 
       1.475658439779e-03       5.066359833619e+03 
       1.492745759186e-03       5.119271545246e+03 
       1.510030940426e-03       5.172668535522e+03 
       1.527516274632e-03       5.226566145131e+03 
       1.545204079465e-03       5.280957159942e+03 
       1.563096699425e-03       5.335846565101e+03 
       1.581196506160e-03       5.391242387009e+03 
       1.599505898779e-03       5.447139807058e+03 
       1.618027304172e-03       5.503553337909e+03 
       1.636763177332e-03       5.560471745216e+03 
       1.655716001679e-03       5.617899377187e+03 
       1.674888289387e-03       5.675852212806e+03 
       1.694282581725e-03       5.734323199862e+03 
       1.713901449383e-03       5.793319157024e+03 
       1.733747492822e-03       5.852840525669e+03 
       1.753823342614e-03       5.912888861462e+03 
       1.774131659789e-03       5.973469944454e+03 
       1.794675136195e-03       6.034592888174e+03 
       1.815456494846e-03       6.096234149778e+03 
       1.836478490289e-03       6.158421890349e+03 
       1.857743908966e-03       6.221148433074e+03 
       1.879255569587e-03       6.284418934831e+03 
       1.901016323498e-03       6.348234673166e+03 
       1.923029055063e-03       6.412599531031e+03 
       1.945296682046e-03       6.477514771030e+03 
       1.967822155998e-03       6.542981316356e+03 
       1.990608462645e-03       6.609005760915e+03 
       2.013658622288e-03       6.675587381349e+03 
       2.036975690199e-03       6.742719527653e+03 
       2.060562757033e-03       6.810413634782e+03 
       2.084422949227e-03       6.878665092764e+03 
       2.108559429426e-03       6.947485510741e+03 
       2.132975396894e-03       7.016872903267e+03 
       2.157674087939e-03       7.086824360767e+03 
       2.182658776348e-03       7.157343830104e+03 
       2.207932773814e-03       7.228434999045e+03 
       2.233499430377e-03       7.300096465637e+03 
       2.259362134871e-03       7.372333328334e+03 
       2.285524315368e-03       7.445142512847e+03 
       2.311989439638e-03       7.518524428502e+03 
       2.338761015604e-03       7.592484355414e+03 
       2.365842591809e-03       7.667018930731e+03 
       2.393237757887e-03       7.742126189737e+03 
       2.420950145037e-03       7.817817124238e+03 
       2.448983426507e-03       7.894085121289e+03 
       2.477341318078e-03       7.970935629066e+03 
       2.506027578556e-03       8.048367866656e+03 
       2.535046010276e-03       8.126378048503e+03 
       2.564400459599e-03       8.204963680476e+03 
       2.594094817425e-03       8.284135449468e+03 
       2.624133019709e-03       8.363886328802e+03 
       2.654519047983e-03       8.444215187965e+03 
       2.685256929881e-03       8.525125590678e+03 
       2.716350739677e-03       8.606614720116e+03 
       2.747804598821e-03       8.688681627410e+03 
       2.779622676488e-03       8.771329966479e+03 
       2.811809190130e-03       8.854556689849e+03 
       2.844368406035e-03       8.938358226209e+03 
       2.877304639891e-03       9.022734467236e+03 
       2.910622257360e-03       9.107683881066e+03 
       2.944325674657e-03       9.193207940059e+03 
       2.978419359133e-03       9.279306330491e+03 
       3.012907829869e-03       9.365970918658e+03 
       3.047795658274e-03       9.453205109436e+03 
       3.083087468693e-03       9.541003721985e+03 
       3.118787939016e-03       9.629365491411e+03 
       3.154901801302e-03       9.718290399850e+03 
       3.191433842404e-03       9.807774613002e+03 
       3.228388904606e-03       9.897812965128e+03 
       3.265771886260e-03       9.988405380094e+03 
       3.303587742440e-03       1.007954580015e+04 
       3.341841485597e-03       1.017123735959e+04 
       3.380538186224e-03       1.026346953527e+04 
       3.419682973525e-03       1.035624204759e+04 
       3.459281036100e-03       1.044954913688e+04 
       3.499337622630e-03       1.054339151078e+04 
       3.539858042571e-03       1.063775899658e+04 
       3.580847666862e-03       1.073265109288e+04 
       3.622311928632e-03       1.082805996560e+04 
       3.664256323924e-03       1.092398308780e+04 
       3.706686412424e-03       1.102041496273e+04 
       3.749607818192e-03       1.111734999044e+04 
       3.793026230415e-03       1.121478300098e+04 
       3.836947404157e-03       1.131270717508e+04 
       3.881377161121e-03       1.141111926496e+04 
       3.926321390424e-03       1.151000829788e+04 
       3.971786049374e-03       1.160937084254e+04 
       4.017777164263e-03       1.170920038101e+04 
       4.064300831163e-03       1.180948730032e+04 
       4.111363216736e-03       1.191022781136e+04 
       4.158970559050e-03       1.201141361016e+04 
       4.207129168407e-03       1.211303540109e+04 
       4.255845428178e-03       1.221508531840e+04 
       4.305125795650e-03       1.231755504899e+04 
       4.354976802884e-03       1.242043758418e+04 
       4.405405057576e-03       1.252372270258e+04 
       4.456417243937e-03       1.262740118044e+04 
       4.508020123576e-03       1.273146564770e+04 
       4.560220536399e-03       1.283590360546e+04 
       4.613025401516e-03       1.294070663822e+04 
       4.666441718152e-03       1.304586229570e+04 
       4.720476566584e-03       1.315136374852e+04 
       4.775137109072e-03       1.325719642295e+04 
       4.830430590811e-03       1.336333156325e+04 
       4.886364340893e-03       1.346979803938e+04 
       4.942945773276e-03       1.357655642986e+04 
       5.000182387766e-03       1.368359811858e+04 
       5.058081771017e-03       1.379098363853e+04 
       5.116651597527e-03       1.389853360674e+04 
       5.175899630664e-03       1.400638584977e+04 
       5.235833723692e-03       1.411444236617e+04 
       5.296461820807e-03       1.422271489516e+04 
       5.357791958201e-03       1.433120131094e+04 
       5.419832265115e-03       1.443990702769e+04 
       5.482590964925e-03       1.454873625419e+04 
       5.546076376229e-03       1.465774242296e+04 
       5.610296913950e-03       1.476695654054e+04 
       5.675261090449e-03       1.487624737407e+04 
       5.740977516659e-03       1.498564541769e+04 
       5.807454903220e-03       1.509512386191e+04 
       5.874702061638e-03       1.520475895260e+04 
       5.942727905452e-03       1.531447848681e+04 
       6.011541451412e-03       1.542415021694e+04 
       6.081151820680e-03       1.553387201879e+04 
       6.151568240035e-03       1.564363791142e+04 
       6.222800043097e-03       1.575333867290e+04 
       6.294856671565e-03       1.586297907165e+04 
       6.367747676466e-03       1.597259314309e+04 
       6.441482719424e-03       1.608213573619e+04 
       6.516071573939e-03       1.619162223075e+04 
       6.591524126684e-03       1.630096928908e+04 
       6.667850378812e-03       1.641017779687e+04 
       6.745060447285e-03       1.651922875799e+04 
       6.823164566215e-03       1.662808246760e+04 
       6.902173088217e-03       1.673672080680e+04 
       6.982096485786e-03       1.684520099500e+04 
       7.062945352682e-03       1.695337684452e+04 
       7.144730405333e-03       1.706132693528e+04 
       7.227462484261e-03       1.716892629091e+04 
       7.311152555513e-03       1.727627414366e+04 
       7.395811712116e-03       1.738315539083e+04 
       7.481451175552e-03       1.748977868945e+04 
       7.568082297236e-03       1.759594264653e+04 
       7.655716560032e-03       1.770170160894e+04 
       7.744365579766e-03       1.780698702248e+04 
       7.834041106769e-03       1.791180489106e+04 
       7.924755027435e-03       1.801611626603e+04 
       8.016519365796e-03       1.811985806533e+04 
       8.109346285116e-03       1.822305462446e+04 
       8.203248089502e-03       1.832566957845e+04 
       8.298237225537e-03       1.842761172482e+04 
       8.394326283928e-03       1.852891600820e+04 
       8.491528001175e-03       1.862953407379e+04 
       8.589855261262e-03       1.872942093331e+04 
       8.689321097359e-03       1.882857189318e+04 
       8.789938693555e-03       1.892694632291e+04 
       8.891721386604e-03       1.902445778612e+04 
       8.994682667692e-03       1.912110830054e+04 
       9.098836184225e-03       1.921695319153e+04 
       9.204195741639e-03       1.931185804662e+04 
       9.310775305228e-03       1.940576770370e+04 
       9.418589001999e-03       1.949872723264e+04 
       9.527651122541e-03       1.959064587527e+04 
       9.637976122918e-03       1.968150982154e+04 
       9.749578626592e-03       1.977127404369e+04 
       9.862473426352e-03       1.985990207646e+04 
       9.976675486281e-03       1.994736189857e+04 
       1.009219994374e-02       2.003363544509e+04 
       1.020906211137e-02       2.011865125405e+04 
       1.032727747913e-02       2.020235896086e+04 
       1.044686171632e-02       2.028478234470e+04 
       1.056783067373e-02       2.036579354706e+04 
       1.069020038564e-02       2.044548297655e+04 
       1.081398707204e-02       2.052367563179e+04 
       1.093920714070e-02       2.060043128008e+04 
       1.106587718943e-02       2.067565334230e+04 
       1.119401400819e-02       2.074923701931e+04 
       1.132363458138e-02       2.082134409419e+04 
       1.145475609007e-02       2.089174400447e+04 
       1.158739591428e-02       2.096048012502e+04 
       1.172157163526e-02       2.102748135828e+04 
       1.185730103786e-02       2.109270668731e+04 
       1.199460211288e-02       2.115617705617e+04 
       1.213349305941e-02       2.121768132730e+04 
       1.227399228730e-02       2.127734886784e+04 
       1.241611841958e-02       2.133509362137e+04 
       1.255989029490e-02       2.139084998330e+04 
       1.270532697008e-02       2.144458682659e+04 
       1.285244772259e-02       2.149627702485e+04 
       1.300127205312e-02       2.154582696536e+04 
       1.315181968818e-02       2.159318369033e+04 
       1.330411058270e-02       2.163838144338e+04 
       1.345816492266e-02       2.168142981682e+04 
       1.361400312780e-02       2.172206183893e+04 
       1.377164585432e-02       2.176046198750e+04 
       1.393111399757e-02       2.179646763117e+04 
       1.409242869490e-02       2.183006689872e+04 
       1.425561132839e-02       2.186118450925e+04 
       1.442068352772e-02       2.188980031454e+04 
       1.458766717303e-02       2.191593872899e+04 
       1.475658439784e-02       2.193940981615e+04 
       1.492745759193e-02       2.196038951875e+04 
       1.510030940437e-02       2.197865383853e+04 
       1.527516274649e-02       2.199426506460e+04 
       1.545204079492e-02       2.200706672121e+04 
       1.563096699466e-02       2.201711904930e+04 
       1.581196506221e-02       2.202431629750e+04 
       1.599505898871e-02       2.202877030479e+04 
       1.618027304309e-02       2.203026113801e+04 
       1.636763177535e-02       2.202885764153e+04 
       1.655716001978e-02       2.202451254266e+04 
       1.674888289827e-02       2.201717130141e+04 
       1.694282582368e-02       2.200680965481e+04 
       1.713901450319e-02       2.199345956613e+04 
       1.733747494177e-02       2.197689967593e+04 
       1.753823344566e-02       2.195741097548e+04 
       1.774131662589e-02       2.193460919171e+04 
       1.794675140190e-02       2.190873092618e+04 
       1.815456500520e-02       2.187972291618e+04 
       1.836478498309e-02       2.184746356133e+04 
       1.857743920252e-02       2.181192007472e+04 
       1.879255585393e-02       2.177322636539e+04 
       1.901016345535e-02       2.173122175697e+04 
       1.923029085649e-02       2.168591605374e+04 
       1.945296724309e-02       2.163741194420e+04 
       1.967822214137e-02       2.158557564222e+04 
       1.990608542276e-02       2.153042495963e+04 
       2.013658730883e-02       2.147200751863e+04 
       2.036975837662e-02       2.141019697928e+04 
       2.060562956426e-02       2.134515363968e+04 
       2.084423217711e-02       2.127678382019e+04 
       2.108559789443e-02       2.120514818741e+04 
       2.132975877671e-02       2.113011248330e+04 
       2.157674727380e-02       2.105193422551e+04 
       2.182659623402e-02       2.097039366441e+04 
       2.207933891435e-02       2.088566900450e+04 
       2.233500899203e-02       2.079767049615e+04 
       2.259364057770e-02       2.070648523595e+04 
       2.285526823047e-02       2.061202772596e+04 
       2.311992697516e-02       2.051461403814e+04 
       2.338765232216e-02       2.041396534968e+04 
       2.365848029028e-02       2.031027486285e+04 
       2.393244743305e-02       2.020351559663e+04 
       2.420959086912e-02       2.009377119155e+04 
       2.448994831719e-02       1.998111447461e+04 
       2.477355813627e-02       1.986564499337e+04 
       2.506045937195e-02       1.974723512645e+04 
       2.535069180943e-02       1.962614636712e+04 
       2.564429603427e-02       1.950229419160e+04 
       2.594131350176e-02       1.937583575550e+04 
       2.624178661587e-02       1.924674904273e+04 
       2.654575881897e-02       1.911523533166e+04 
       2.685327469335e-02       1.898127300301e+04 
       2.716438007590e-02       1.884502921897e+04 
       2.747912218709e-02       1.870652330378e+04 
       2.779754977561e-02       1.856584430405e+04 
       2.811971328020e-02       1.842310947215e+04 
       2.844566500985e-02       1.827840056046e+04 
       2.877545934406e-02       1.813179694526e+04 
       2.910915295450e-02       1.798351195006e+04 
       2.944680504974e-02       1.783355801140e+04 
       2.978847764443e-02       1.768197059521e+04 
       3.013423585462e-02       1.752898147790e+04 
       3.048414822070e-02       1.737462122301e+04 
       3.083828705960e-02       1.721911133332e+04 
       3.119672884782e-02       1.706245111257e+04 
       3.155955463686e-02       1.690482818444e+04 
       3.192685050274e-02       1.674627266674e+04 
       3.229870803128e-02       1.658704427495e+04 
       3.267522484077e-02       1.642702423388e+04 
       3.305650514391e-02       1.626658932059e+04 
       3.344266035089e-02       1.610579079877e+04 
       3.383380971561e-02       1.594462126896e+04 
       3.423008102713e-02       1.578335503740e+04 
       3.463161134888e-02       1.562200581640e+04 
       3.503854780811e-02       1.546072914173e+04 
       3.545104843854e-02       1.529963637173e+04 
       3.586928307938e-02       1.513878698205e+04 
       3.629343433447e-02       1.497842618337e+04 
       3.672369859560e-02       1.481848359076e+04 
       3.716028713462e-02       1.465917832204e+04 
       3.760342726962e-02       1.450061437388e+04 
       3.805336361102e-02       1.434291194616e+04 
       3.851035939433e-02       1.418610028048e+04 
       3.897469790694e-02       1.403028296023e+04 
       3.944668401734e-02       1.387562062261e+04 
       3.992664581623e-02       1.372215979690e+04 
       4.041493637978e-02       1.356997262670e+04 
       4.091193566683e-02       1.341917564243e+04 
       4.141805256268e-02       1.326979628494e+04 
       4.193372708378e-02       1.312189060033e+04 
       4.245943275876e-02       1.297566689893e+04 
       4.299567920299e-02       1.283098907527e+04 
       4.354301490517e-02       1.268809202456e+04 
       4.410203024610e-02       1.254696903160e+04 
       4.467336077155e-02       1.240756313393e+04 
       4.525769074261e-02       1.227003487861e+04 
       4.585575698843e-02       1.213438629143e+04 
       4.646835308783e-02       1.200053467386e+04 
       4.709633390747e-02       1.186861418790e+04 
       4.774062052507e-02       1.173851058103e+04 
       4.840220556697e-02       1.161025395925e+04 
       4.908215898874e-02       1.148371680890e+04 
       4.978163432710e-02       1.135894021944e+04 
       5.050187544850e-02       1.123574033248e+04 
       5.124422381675e-02       1.111397534320e+04 
       5.201012629566e-02       1.099349167099e+04 
       5.280114349450e-02       1.087406236748e+04 
       5.361895865257e-02       1.075548450625e+04 
       5.446538704279e-02       1.063730385587e+04 
       5.534238585372e-02       1.051918469840e+04 
       5.625206448160e-02       1.040062620884e+04 
       5.719669512970e-02       1.028107566712e+04 
       5.817872356804e-02       1.015987256041e+04 
       5.920077985351e-02       1.003618203306e+04 
       6.026568874507e-02       9.909172136062e+03 
       6.137647947261e-02       9.777758357802e+03 
       6.253639442972e-02       9.640776552594e+03 
       6.374889626267e-02       9.496982791351e+03 
       6.501767272258e-02       9.344974211338e+03 
       6.634663854228e-02       9.183305119482e+03 
       6.773993350141e-02       9.010465586223e+03 
       6.920191576778e-02       8.824987661653e+03 
       7.073714956738e-02       8.625524654750e+03 
       7.235038626189e-02       8.411031718298e+03 
       7.404653802837e-02       8.180751913756e+03 
       7.583064356699e-02       7.934569727242e+03 
       7.770782563322e-02       7.673030041933e+03 
       7.968324071383e-02       7.397600481234e+03 
       8.176202183719e-02       7.110797221378e+03 
       8.394921629502e-02       6.816166238779e+03 
       8.624972089070e-02       6.518351440784e+03 
       8.866821811951e-02       6.222812042053e+03 
       9.120911730211e-02       5.935582644025e+03 
       9.387650499913e-02       5.662733709310e+03 
       9.667410891621e-02       5.409836441785e+03 
       9.960527889853e-02       5.181234487877e+03 
       1.026729875244e-01       4.979222125446e+03 
       1.058798513425e-01       4.803886220775e+03 
       1.092281721371e-01       4.652373181265e+03 
       1.127199959885e-01       4.519021847682e+03 
       1.163571865350e-01       4.395791397578e+03 
       1.201415079364e-01       4.273092926632e+03 
       1.240747126534e-01       4.141343227113e+03 
       1.281586293003e-01       3.992968153946e+03 
       1.323952463886e-01       3.824323329850e+03 
       1.367867886237e-01       3.637104330139e+03 
       1.413357833612e-01       3.438302404494e+03 
       1.460451157464e-01       3.238762256612e+03 
       1.509180718261e-01       3.050504365149e+03 
       1.559583694812e-01       2.883747209963e+03 
       1.611701773630e-01       2.744309626075e+03 
       1.665581221280e-01       2.632090652065e+03 
       1.721272841983e-01       2.541133379929e+03 
       1.778831820591e-01       2.461248027270e+03 
       1.838317447893e-01       2.380939454051e+03 
       1.899792721447e-01       2.291319630311e+03 
       1.963323811175e-01       2.188489114041e+03 
       2.028979375113e-01       2.076440721795e+03 
       2.096829707476e-01       1.964908066081e+03 
       2.166945698894e-01       1.863806485093e+03 
       2.239397587981e-01       1.778391897802e+03 
       2.314253484763e-01       1.708178330391e+03 
       2.391577650876e-01       1.647974662223e+03 
       2.471428529436e-01       1.589845532463e+03 
       2.553856530075e-01       1.527500086500e+03 
       2.638901592350e-01       1.460462851182e+03 
       2.726590573867e-01       1.393188056720e+03 
       2.816934537643e-01       1.331381830976e+03 
       2.909926044974e-01       1.278302084753e+03 
       3.005536592774e-01       1.232214939598e+03 
       3.103714363770e-01       1.188673992932e+03 
       3.204382478769e-01       1.144744783290e+03 
       3.307437946171e-01       1.100377311216e+03 
       3.412751489422e-01       1.058090851509e+03 
       3.520168394092e-01       1.019931658178e+03 
       3.629510452451e-01       9.856561532783e+02 
       3.740578999126e-01       9.536884761175e+02 
       3.853158935721e-01       9.225984633197e+02 
       3.967023548602e-01       8.926484340107e+02 
       4.081939846644e-01       8.645617809433e+02 
       4.197674097500e-01       8.387212240828e+02 
       4.313997229573e-01       8.147744419353e+02 
       4.430689793285e-01       7.922340207097e+02 
       4.547546233518e-01       7.708457547468e+02 
       4.664378304204e-01       7.505882188857e+02 
       4.781017542581e-01       7.316213237103e+02 
       4.897316802250e-01       7.139029437387e+02 
       5.013150911359e-01       6.973009473261e+02 
       5.128416569953e-01       6.815706572351e+02 
       5.243031627638e-01       6.666697663356e+02 
       5.356933891439e-01       6.525719617433e+02 
       5.470079607975e-01       6.392744777290e+02 
       5.582441748627e-01       6.266918136372e+02 
       5.694008205508e-01       6.147450147431e+02 
       5.804779983402e-01       6.033809865069e+02 
       5.914769450985e-01       5.925423048375e+02 
       6.023998695090e-01       5.822146641355e+02 
       6.132498005452e-01       5.723475372105e+02 
       6.240304504295e-01       5.629213095315e+02 
       6.347460925293e-01       5.538861979752e+02 
       6.454014539354e-01       5.452118149194e+02 
       6.560016219851e-01       5.368755876656e+02 
       6.665519637010e-01       5.288464862615e+02 
       6.770580569540e-01       5.211140576800e+02 
       6.875256321016e-01       5.136464200748e+02 
       6.979605228632e-01       5.064304370527e+02 
       7.083686252524e-01       4.994454722564e+02 
       7.187558634697e-01       4.926720229274e+02 
       7.291281617587e-01       4.861022936709e+02 
       7.394914213336e-01       4.797156212649e+02 
       7.498515015923e-01       4.735054530457e+02 
       7.602142049248e-01       4.674566578910e+02 
       7.705852645230e-01       4.615579262571e+02 
       7.809703346801e-01       4.558028555648e+02 
       7.913749831443e-01       4.501775687351e+02 
       8.018046851580e-01       4.446785005905e+02 
       8.122648188731e-01       4.392946385332e+02 
       8.227606618846e-01       4.340199160823e+02 
       8.332973886688e-01       4.288488622672e+02 
       8.438800687511e-01       4.237724565085e+02 
       8.545136654619e-01       4.187886158671e+02 
       8.652030351666e-01       4.138889193302e+02 
       8.759529268802e-01       4.090706968152e+02 
       8.867679821975e-01       4.043287514705e+02 
       8.976527354858e-01       3.996583342751e+02 
       9.086116143027e-01       3.950570684262e+02 
       9.196489400129e-01       3.905192131992e+02 
       9.307689285856e-01       3.860438688220e+02 
       9.419756915652e-01       3.816258456772e+02 
       9.532732372092e-01       3.772638250945e+02 
       9.646654717966e-01       3.729544095484e+02 
       9.761562011081e-01       3.686951423950e+02 
       9.877491320845e-01       3.644840205366e+02 
       9.994478746696e-01       3.603185835806e+02 
       1.011255943842e+00       3.561977297931e+02 
       1.023176761844e+00       3.521185615327e+02 
       1.035213660604e+00       3.480805498126e+02 
       1.047369884362e+00       3.440810256164e+02 
       1.059648592493e+00       3.401197068750e+02 
       1.072052862526e+00       3.361941957508e+02 
       1.084585693339e+00       3.323044871195e+02 
       1.097250008552e+00       3.284482768920e+02 
       1.110048660064e+00       3.246256372351e+02 
       1.122984431756e+00       3.208347428483e+02 
       1.136060043315e+00       3.170755559671e+02 
       1.149278154178e+00       3.133465597227e+02 
       1.162641367566e+00       3.096476971394e+02 
       1.176152234581e+00       3.059777011659e+02 
       1.189813258352e+00       3.023365030887e+02 
       1.203626898206e+00       2.987231163963e+02 
       1.217595573824e+00       2.951373500214e+02 
       1.231721669381e+00       2.915786023547e+02 
       1.246007537629e+00       2.880464257705e+02 
       1.260455503912e+00       2.845405625470e+02 
       1.275067870086e+00       2.810604579056e+02 
       1.289846918336e+00       2.776060750296e+02 
       1.304794914859e+00       2.741768555761e+02 
       1.319914113415e+00       2.707727542657e+02 
       1.335206758721e+00       2.673934504892e+02 
       1.350675089686e+00       2.640386827007e+02 
       1.366321342488e+00       2.607084362693e+02 
       1.382147753463e+00       2.574023426082e+02 
       1.398156561840e+00       2.541203765641e+02 
       1.414350012282e+00       2.508624032280e+02 
       1.430730357276e+00       2.476282181086e+02 
       1.447299859337e+00       2.444178180407e+02 
       1.464060793061e+00       2.412310667200e+02 
       1.481015447011e+00       2.380678586560e+02 
       1.498166125465e+00       2.349281942802e+02 
       1.515515150006e+00       2.318119839449e+02 
       1.533064860996e+00       2.287191618891e+02 
       1.550817618914e+00       2.256497421864e+02 
       1.568775805583e+00       2.226036922234e+02 
       1.586941825295e+00       2.195809649776e+02 
       1.605318105835e+00       2.165815782814e+02 
       1.623907099421e+00       2.136055387541e+02 
       1.642711283564e+00       2.106528301002e+02 
       1.661733161865e+00       2.077234704578e+02 
       1.680975264739e+00       2.048174830539e+02 
       1.700440150099e+00       2.019348970554e+02 
       1.720130403980e+00       1.990757342625e+02 
       1.740048641128e+00       1.962400223543e+02 
       1.760197505559e+00       1.934278020331e+02 
       1.780579671078e+00       1.906391226072e+02 
       1.801197841783e+00       1.878740233916e+02 
       1.822054752541e+00       1.851325516881e+02 
       1.843153169449e+00       1.824147558082e+02 
       1.864495890287e+00       1.797206902063e+02 
       1.886085744952e+00       1.770504112842e+02 
       1.907925595889e+00       1.744039755333e+02 
       1.930018338512e+00       1.717814383004e+02 
       1.952366901628e+00       1.691828578338e+02 
       1.974974247848e+00       1.666082917193e+02 
       1.997843374008e+00       1.640577982152e+02 
       2.020977311579e+00       1.615314347696e+02 
       2.044379127085e+00       1.590292597505e+02 
       2.068051922521e+00       1.565513294374e+02 
       2.091998835773e+00       1.540976992613e+02 
       2.116223041040e+00       1.516684219085e+02 
       2.140727749259e+00       1.492635474115e+02 
       2.165516208535e+00       1.468831258612e+02 
       2.190591704577e+00       1.445272022779e+02 
       2.215957561132e+00       1.421958193535e+02 
       2.241617140430e+00       1.398890171428e+02 
       2.267573843629e+00       1.376068313469e+02 
       2.293831111269e+00       1.353492937745e+02 
       2.320392423727e+00       1.331164323068e+02 
       2.347261301680e+00       1.309082700444e+02 
       2.374441306571e+00       1.287248259067e+02 
       2.401936041081e+00       1.265661136579e+02 
       2.429749149609e+00       1.244321419003e+02 
       2.457884318754e+00       1.223229139207e+02 
       2.486345277801e+00       1.202384275566e+02 
       2.515135799222e+00       1.181786750525e+02 
       2.544259699167e+00       1.161436427924e+02 
       2.573720837980e+00       1.141333112570e+02 
       2.603523120701e+00       1.121476548774e+02 
       2.633670497592e+00       1.101866419018e+02 
       2.664166964655e+00       1.082502343350e+02 
       2.695016564163e+00       1.063383879873e+02 
       2.726223385198e+00       1.044510523101e+02 
       2.757791564189e+00       1.025881703920e+02 
       2.789725285465e+00       1.007496789445e+02 
       2.822028781805e+00       9.893550833397e+01 
       2.854706335004e+00       9.714558258877e+01 
       2.887762276436e+00       9.537981941874e+01 
       2.921200987630e+00       9.363813026280e+01 
       2.955026900850e+00       9.192042037887e+01 
       2.989244499685e+00       9.022658888734e+01 
       3.023858319641e+00       8.855652887522e+01 
       3.058872948741e+00       8.691012749751e+01 
       3.094293028138e+00       8.528726606866e+01 
       3.130123252724e+00       8.368782019586e+01 
       3.166368371757e+00       8.211165990353e+01 
       3.203033189488e+00       8.055864976606e+01 
       3.240122565798e+00       7.902864905310e+01 
       3.277641416845e+00       7.752151187750e+01 
       3.315594715712e+00       7.603708735397e+01 
       3.353987493067e+00       7.457521975525e+01 
       3.392824837831e+00       7.313574868116e+01 
       3.432111897853e+00       7.171850922444e+01 
       3.471853880589e+00       7.032333214327e+01 
       3.512056053796e+00       6.895004403465e+01 
       3.552723746229e+00       6.759846751093e+01 
       3.593862348347e+00       6.626842137597e+01 
       3.635477313026e+00       6.495972080279e+01 
       3.677574156285e+00       6.367217751178e+01 
       3.720158458015e+00       6.240559994825e+01 
       3.763235862719e+00       6.115979345949e+01 
       3.806812080261e+00       5.993456047099e+01 
       3.850892886620e+00       5.872970066131e+01 
       3.895484124661e+00       5.754501113533e+01 
       3.940591704902e+00       5.638028659581e+01 
       3.986221606306e+00       5.523531951260e+01 
       4.032379877066e+00       5.410990028976e+01 
       4.079072635411e+00       5.300381743011e+01 
       4.126306070416e+00       5.191685769701e+01 
       4.174086442820e+00       5.084880627346e+01 
       4.222420085862e+00       4.979944691813e+01 
       4.271313406112e+00       4.876856211837e+01 
       4.320772884328e+00       4.775593323999e+01 
       4.370805076310e+00       4.676134067382e+01 
       4.421416613770e+00       4.578456397887e+01 
       4.472614205213e+00       4.482538202218e+01 
       4.524404636824e+00       4.388357311507e+01 
       4.576794773370e+00       4.295891514601e+01 
       4.629791559105e+00       4.205118570985e+01 
       4.683402018696e+00       4.116016223356e+01 
       4.737633258152e+00       4.028562209832e+01 
       4.792492465765e+00       3.942734275800e+01 
       4.847986913064e+00       3.858510185412e+01 
       4.904123955776e+00       3.775867732702e+01 
       4.960911034807e+00       3.694784752363e+01 
       5.018355677222e+00       3.615239130146e+01 
       5.076465497246e+00       3.537208812909e+01 
       5.135248197273e+00       3.460671818309e+01 
       5.194711568887e+00       3.385606244132e+01 
       5.254863493892e+00       3.311990277282e+01 
       5.315711945362e+00       3.239802202413e+01 
       5.377264988692e+00       3.169020410215e+01 
       5.439530782672e+00       3.099623405362e+01 
       5.502517580565e+00       3.031589814120e+01 
       5.566233731203e+00       2.964898391624e+01 
       5.630687680094e+00       2.899528028818e+01 
       5.695887970537e+00       2.835457759080e+01 
       5.761843244762e+00       2.772666764528e+01 
       5.828562245067e+00       2.711134381999e+01 
       5.896053814985e+00       2.650840108739e+01 
       5.964326900449e+00       2.591763607774e+01 
       6.033390550984e+00       2.533884712994e+01 
       6.103253920901e+00       2.477183433943e+01 
       6.173926270515e+00       2.421639960321e+01 
       6.245416967368e+00       2.367234666216e+01 
       6.317735487476e+00       2.313948114053e+01 
       6.390891416579e+00       2.261761058285e+01 
       6.464894451418e+00       2.210654448826e+01 
       6.539754401013e+00       2.160609434221e+01 
       6.615481187970e+00       2.111607364579e+01 
       6.692084849794e+00       2.063629794265e+01 
       6.769575540215e+00       2.016658484355e+01 
       6.847963530542e+00       1.970675404869e+01 
       6.927259211018e+00       1.925662736781e+01 
       7.007473092198e+00       1.881602873814e+01 
       7.088615806347e+00       1.838478424037e+01 
       7.170698108842e+00       1.796272211250e+01 
       7.253730879605e+00       1.754967276186e+01 
       7.337725124539e+00       1.714546877516e+01 
       7.422691976990e+00       1.674994492683e+01 
       7.508642699223e+00       1.636293818553e+01 
       7.595588683913e+00       1.598428771902e+01 
       7.683541455655e+00       1.561383489743e+01 
       7.772512672495e+00       1.525142329491e+01 
       7.862514127471e+00       1.489689868983e+01 
       7.953557750177e+00       1.455010906354e+01 
       8.045655608349e+00       1.421090459771e+01 
       8.138819909457e+00       1.387913767035e+01 
       8.233063002328e+00       1.355466285066e+01 
       8.328397378782e+00       1.323733689249e+01 
       8.424835675288e+00       1.292701872683e+01 
       8.522390674637e+00       1.262356945303e+01 
       8.621075307639e+00       1.232685232910e+01 
       8.720902654835e+00       1.203673276093e+01 
       8.821885948232e+00       1.175307829054e+01 
       8.924038573055e+00       1.147575858355e+01 
       9.027374069526e+00       1.120464541563e+01 
       9.131906134651e+00       1.093961265823e+01 
       9.237648624043e+00       1.068053626356e+01 
       9.344615553754e+00       1.042729424880e+01 
       9.452821102135e+00       1.017976667963e+01 
       9.562279611714e+00       9.937835653189e+00 
       9.673005591098e+00       9.701385280329e+00 
       9.785013716896e+00       9.470301667412e+00 
       9.898318835663e+00       9.244472897527e+00 
       1.001293596587e+01       9.023789011237e+00 
       1.012888029989e+01       8.808141986879e+00 
       1.024616720603e+01       8.597425720451e+00 
       1.036481223053e+01       8.391536005110e+00 
       1.048483109967e+01       8.190370510328e+00 
       1.060623972181e+01       7.993828760727e+00 
       1.072905418954e+01       7.801812114621e+00 
       1.085329078178e+01       7.614223742304e+00 
       1.097896596596e+01       7.430968604104e+00 
       1.110609640018e+01       7.251953428230e+00 
       1.123469893545e+01       7.077086688441e+00 
       1.136479061790e+01       6.906278581559e+00 
       1.149638869103e+01       6.739441004848e+00 
       1.162951059803e+01       6.576487533290e+00 
       1.176417398407e+01       6.417333396769e+00 
       1.190039669862e+01       6.261895457191e+00 
       1.203819679787e+01       6.110092185558e+00 
       1.217759254706e+01       5.961843639013e+00 
       1.231860242295e+01       5.817071437880e+00 
       1.246124511626e+01       5.675698742705e+00 
       1.260553953410e+01       5.537650231336e+00 
       1.275150480256e+01       5.402852076024e+00 
       1.289916026917e+01       5.271231920602e+00 
       1.304852550549e+01       5.142718857717e+00 
       1.319962030974e+01       5.017243406150e+00 
       1.335246470937e+01       4.894737488243e+00 
       1.350707896373e+01       4.775134407418e+00 
       1.366348356677e+01       4.658368825830e+00 
       1.382169924976e+01       4.544376742143e+00 
       1.398174698402e+01       4.433095469449e+00 
       1.414364798370e+01       4.324463613343e+00 
       1.430742370859e+01       4.218421050150e+00 
       1.447309586700e+01       4.114908905326e+00 
       1.464068641859e+01       4.013869532031e+00 
       1.481021757731e+01       3.915246489891e+00 
       1.498171181433e+01       3.818984523948e+00 
       1.515519186102e+01       3.725029543802e+00 
       1.533068071197e+01       3.633328602968e+00 
       1.550820162805e+01       3.543829878426e+00 
       1.568777813945e+01       3.456482650397e+00 
       1.586943404886e+01       3.371237282334e+00 
       1.605319343456e+01       3.288045201127e+00 
       1.623908065366e+01       3.206858877549e+00 
       1.642712034531e+01       3.127631806917e+00 
       1.661733743397e+01       3.050318489992e+00 
       1.680975713271e+01       2.974874414120e+00 
       1.700440494655e+01       2.901256034596e+00 
       1.720130667584e+01       2.829420756287e+00 
       1.740048841970e+01       2.759326915476e+00 
       1.760197657946e+01       2.690933761968e+00 
       1.780579786215e+01       2.624201441429e+00 
       1.801197928405e+01       2.559090977973e+00 
       1.822054817430e+01       2.495564256999e+00 
       1.843153217848e+01       2.433584008266e+00 
       1.864495926228e+01       2.373113789229e+00 
       1.886085771523e+01       2.314117968607e+00 
       1.907925615445e+01       2.256561710208e+00 
       1.930018352840e+01       2.200410956997e+00 
       1.952366912078e+01       2.145632415411e+00 
       1.974974255435e+01       2.092193539919e+00 
       1.997843379490e+01       2.040062517826e+00 
       2.020977315521e+01       1.989208254324e+00 
       2.044379129906e+01       1.939600357780e+00 
       2.068051924531e+01       1.891209125270e+00 
       2.091998837198e+01       1.844005528351e+00 
       2.116223042045e+01       1.797961199072e+00 
       2.140727749965e+01       1.753048416219e+00 
       2.165516209028e+01       1.709240091799e+00 
       2.190591704920e+01       1.666509757755e+00 
       2.215957561369e+01       1.624831552909e+00 
       2.241617140593e+01       1.584180210144e+00 
       2.267573843740e+01       1.544531043800e+00 
       2.293831111345e+01       1.505859937306e+00 
       2.320392423779e+01       1.468143331024e+00 
       2.347261301715e+01       1.431358210328e+00 
       2.374441306594e+01       1.395482093883e+00 
       2.401936041097e+01       1.360493022157e+00 
       2.429749149620e+01       1.326369546132e+00 
       2.457884318761e+01       1.293090716232e+00 
       2.486345277806e+01       1.260636071464e+00 
       2.515135799225e+01       1.228985628751e+00 
       2.544259699169e+01       1.198119872484e+00 
       2.573720837981e+01       1.168019744260e+00 
       2.603523120702e+01       1.138666632826e+00 
       2.633670497593e+01       1.110042364216e+00 
       2.664166964655e+01       1.082129192082e+00 
       2.695016564163e+01       1.054909788207e+00 
       2.726223385198e+01       1.028367233217e+00 
       2.757791564189e+01       1.002485007465e+00 
       2.789725285465e+01       9.772469821063e-01 
       2.822028781805e+01       9.526374103450e-01 
       2.854706335004e+01       9.286409188617e-01 
       2.887762276436e+01       9.052424994115e-01 
       2.921200987630e+01       8.824275005938e-01 
       2.955026900850e+01       8.601816197895e-01 
       2.989244499685e+01       8.384908952637e-01 
       3.023858319641e+01       8.173416984307e-01 
