# Matter power spectrum P(k) at redshift z=0
# for k=1.0325e-05 to 30.2318 h/Mpc,
# number of wavenumbers equal to 1162
#    1:k (h/Mpc)              2:P (Mpc/h)^3        
       1.032495196547e-05       4.904932862871e+01 
       1.044450927449e-05       4.959844050046e+01 
       1.056545099190e-05       5.015370488548e+01 
       1.068779314839e-05       5.071517996891e+01 
       1.081155196029e-05       5.128294008762e+01 
       1.093674383170e-05       5.185706381485e+01 
       1.106338535665e-05       5.243760700030e+01 
       1.119149332134e-05       5.302467681709e+01 
       1.132108470636e-05       5.361827145705e+01 
       1.145217668889e-05       5.421853646293e+01 
       1.158478664503e-05       5.482551601151e+01 
       1.171893215210e-05       5.543929514968e+01 
       1.185463099093e-05       5.605994164248e+01 
       1.199190114826e-05       5.668754242693e+01 
       1.213076081909e-05       5.732216274001e+01 
       1.227122840914e-05       5.796388755962e+01 
       1.241332253721e-05       5.861282548848e+01 
       1.255706203775e-05       5.926898167694e+01 
       1.270246596325e-05       5.993250539713e+01 
       1.284955358686e-05       6.060344876341e+01 
       1.299834440488e-05       6.128191057388e+01 
       1.314885813937e-05       6.196797382029e+01 
       1.330111474076e-05       6.266173203928e+01 
       1.345513439051e-05       6.336321292952e+01 
       1.361093750375e-05       6.407256895857e+01 
       1.376854473201e-05       6.478989651155e+01 
       1.392797696595e-05       6.551519331933e+01 
       1.408925533817e-05       6.624864065376e+01 
       1.425240122591e-05       6.699029809827e+01 
       1.441743625400e-05       6.774026024978e+01 
       1.458438229765e-05       6.849861902863e+01 
       1.475326148537e-05       6.926546512840e+01 
       1.492409620193e-05       7.004090081571e+01 
       1.509690909127e-05       7.082501004208e+01 
       1.527172305955e-05       7.161788761837e+01 
       1.544856127819e-05       7.241965678552e+01 
       1.562744718689e-05       7.323040645626e+01 
       1.580840449679e-05       7.405022725499e+01 
       1.599145719359e-05       7.487920850279e+01 
       1.617662954071e-05       7.571749164433e+01 
       1.636394608255e-05       7.656515354009e+01 
       1.655343164773e-05       7.742230421092e+01 
       1.674511135234e-05       7.828904353093e+01 
       1.693901060332e-05       7.916548900585e+01 
       1.713515510181e-05       8.005175137738e+01 
       1.733357084655e-05       8.094792708752e+01 
       1.753428413732e-05       8.185414490313e+01 
       1.773732157847e-05       8.277051002556e+01 
       1.794271008238e-05       8.369713565629e+01 
       1.815047687308e-05       8.463411051160e+01 
       1.836064948983e-05       8.558159405378e+01 
       1.857325579078e-05       8.653966617360e+01 
       1.878832395666e-05       8.750847016059e+01 
       1.900588249454e-05       8.848812560821e+01 
       1.922596024156e-05       8.947874734753e+01 
       1.944858636878e-05       9.048047735162e+01 
       1.967379038505e-05       9.149338090228e+01 
       1.990160214093e-05       9.251766075540e+01 
       2.013205183262e-05       9.355338119922e+01 
       2.036517000598e-05       9.460070456523e+01 
       2.060098756056e-05       9.565975119360e+01 
       2.083953575372e-05       9.673066718634e+01 
       2.108084620478e-05       9.781357480625e+01 
       2.132495089917e-05       9.890856682239e+01 
       2.157188219270e-05       1.000158418512e+02 
       2.182167281585e-05       1.011355131580e+02 
       2.207435587810e-05       1.022677071192e+02 
       2.232996487230e-05       1.034125978539e+02 
       2.258853367917e-05       1.045703211954e+02 
       2.285009657170e-05       1.057409524426e+02 
       2.311468821979e-05       1.069246871406e+02 
       2.338234369476e-05       1.081216920856e+02 
       2.365309847407e-05       1.093320898439e+02 
       2.392698844595e-05       1.105560623765e+02 
       2.420404991424e-05       1.117937037797e+02 
       2.448431960312e-05       1.130452231845e+02 
       2.476783466205e-05       1.143107664420e+02 
       2.505463267064e-05       1.155904308232e+02 
       2.534475164365e-05       1.168844404188e+02 
       2.563823003603e-05       1.181929270518e+02 
       2.593510674804e-05       1.195161062796e+02 
       2.623542113036e-05       1.208540312779e+02 
       2.653921298932e-05       1.222069789582e+02 
       2.684652259223e-05       1.235750428125e+02 
       2.715739067262e-05       1.249584276071e+02 
       2.747185843573e-05       1.263573065537e+02 
       2.778996756392e-05       1.277718453529e+02 
       2.811176022221e-05       1.292022374717e+02 
       2.843727906387e-05       1.306485964350e+02 
       2.876656723607e-05       1.321111665750e+02 
       2.909966838559e-05       1.335901281357e+02 
       2.943662666464e-05       1.350856027131e+02 
       2.977748673667e-05       1.365978380549e+02 
       3.012229378231e-05       1.381270008851e+02 
       3.047109350537e-05       1.396732803099e+02 
       3.082393213886e-05       1.412368678593e+02 
       3.118085645118e-05       1.428179572066e+02 
       3.154191375224e-05       1.444167441848e+02 
       3.190715189980e-05       1.460334186485e+02 
       3.227661930579e-05       1.476681976709e+02 
       3.265036494270e-05       1.493212914147e+02 
       3.302843835013e-05       1.509928824583e+02 
       3.341088964128e-05       1.526831388923e+02 
       3.379776950966e-05       1.543924112846e+02 
       3.418912923579e-05       1.561206988660e+02 
       3.458502069396e-05       1.578684346731e+02 
       3.498549635916e-05       1.596356095120e+02 
       3.539060931401e-05       1.614226426292e+02 
       3.580041325579e-05       1.632296922791e+02 
       3.621496250357e-05       1.650570057433e+02 
       3.663431200541e-05       1.669047100541e+02 
       3.705851734562e-05       1.687730792123e+02 
       3.748763475216e-05       1.706623796252e+02 
       3.792172110408e-05       1.725728238231e+02 
       3.836083393907e-05       1.745046498974e+02 
       3.880503146103e-05       1.764580580418e+02 
       3.925437254789e-05       1.784333698362e+02 
       3.970891675931e-05       1.804308481404e+02 
       4.016872434464e-05       1.824505665148e+02 
       4.063385625086e-05       1.844929502214e+02 
       4.110437413072e-05       1.865581929034e+02 
       4.158034035085e-05       1.886466087990e+02 
       4.206181800006e-05       1.907582892019e+02 
       4.254887089768e-05       1.928936510265e+02 
       4.304156360205e-05       1.950529038316e+02 
       4.353996141905e-05       1.972363684311e+02 
       4.404413041078e-05       1.994441862180e+02 
       4.455413740429e-05       2.016767523426e+02 
       4.507005000045e-05       2.039343245675e+02 
       4.559193658292e-05       2.062171423002e+02 
       4.611986632720e-05       2.085255021427e+02 
       4.665390920981e-05       2.108596987093e+02 
       4.719413601755e-05       2.132200347210e+02 
       4.774061835690e-05       2.156068263351e+02 
       4.829342866351e-05       2.180202199565e+02 
       4.885264021177e-05       2.204606505119e+02 
       4.941832712458e-05       2.229285170396e+02 
       4.999056438312e-05       2.254238093517e+02 
       5.056942783682e-05       2.279471343406e+02 
       5.115499421340e-05       2.304986471825e+02 
       5.174734112906e-05       2.330788075031e+02 
       5.234654709874e-05       2.356877075083e+02 
       5.295269154653e-05       2.383258794070e+02 
       5.356585481623e-05       2.409935356947e+02 
       5.418611818197e-05       2.436911304656e+02 
       5.481356385898e-05       2.464188724145e+02 
       5.544827501451e-05       2.491770181473e+02 
       5.609033577883e-05       2.519661221072e+02 
       5.673983125640e-05       2.547864368122e+02 
       5.739684753715e-05       2.576383589648e+02 
       5.806147170787e-05       2.605221506009e+02 
       5.873379186377e-05       2.634381057094e+02 
       5.941389712017e-05       2.663867583925e+02 
       6.010187762427e-05       2.693685194939e+02 
       6.079782456716e-05       2.723834314551e+02 
       6.150183019583e-05       2.754321958828e+02 
       6.221398782549e-05       2.785150385501e+02 
       6.293439185184e-05       2.816324473416e+02 
       6.366313776366e-05       2.847846992686e+02 
       6.440032215544e-05       2.879720731328e+02 
       6.514604274016e-05       2.911952298275e+02 
       6.590039836228e-05       2.944544015986e+02 
       6.666348901083e-05       2.977501681635e+02 
       6.743541583263e-05       3.010827009008e+02 
       6.821628114576e-05       3.044525282006e+02 
       6.900618845307e-05       3.078599294279e+02 
       6.980524245591e-05       3.113055265165e+02 
       7.061354906803e-05       3.147897757275e+02 
       7.143121542960e-05       3.183129382645e+02 
       7.225834992139e-05       3.218753508604e+02 
       7.309506217920e-05       3.254777271127e+02 
       7.394146310833e-05       3.291204035924e+02 
       7.479766489830e-05       3.328039681700e+02 
       7.566378103774e-05       3.365286247930e+02 
       7.653992632940e-05       3.402948507864e+02 
       7.742621690539e-05       3.441031382226e+02 
       7.832277024256e-05       3.479541269589e+02 
       7.922970517809e-05       3.518483258689e+02 
       8.014714192523e-05       3.557858106177e+02 
       8.107520208921e-05       3.597674307353e+02 
       8.201400868341e-05       3.637935736067e+02 
       8.296368614563e-05       3.678649167372e+02 
       8.392436035459e-05       3.719814585887e+02 
       8.489615864661e-05       3.761443653425e+02 
       8.587920983250e-05       3.803535191585e+02 
       8.687364421463e-05       3.846098256446e+02 
       8.787959360420e-05       3.889138789574e+02 
       8.889719133872e-05       3.932658596102e+02 
       8.992657229966e-05       3.976665685935e+02 
       9.096787293035e-05       4.021164828582e+02 
       9.202123125407e-05       4.066161338972e+02 
       9.308678689232e-05       4.111660572013e+02 
       9.416468108334e-05       4.157668671377e+02 
       9.525505670084e-05       4.204191381849e+02 
       9.635805827293e-05       4.251234010093e+02 
       9.747383200128e-05       4.298802512773e+02 
       9.860252578047e-05       4.346902369006e+02 
       9.974428921766e-05       4.395541392060e+02 
       1.008992736523e-04       4.444721328943e+02 
       1.020676321765e-04       4.494453388605e+02 
       1.032495196547e-04       4.544737664949e+02 
       1.044450927449e-04       4.595587026449e+02 
       1.056545099190e-04       4.647003672860e+02 
       1.068779314839e-04       4.698995754267e+02 
       1.081155196029e-04       4.751567651660e+02 
       1.093674383170e-04       4.804727190205e+02 
       1.106338535665e-04       4.858481478396e+02 
       1.119149332134e-04       4.912834917185e+02 
       1.132108470636e-04       4.967794622570e+02 
       1.145217668889e-04       5.023370391839e+02 
       1.158478664503e-04       5.079566865287e+02 
       1.171893215210e-04       5.136389702650e+02 
       1.185463099093e-04       5.193846890383e+02 
       1.199190114826e-04       5.251946835265e+02 
       1.213076081909e-04       5.310695530206e+02 
       1.227122840914e-04       5.370100135860e+02 
       1.241332253721e-04       5.430169588373e+02 
       1.255706203775e-04       5.490907247320e+02 
       1.270246596325e-04       5.552325158725e+02 
       1.284955358686e-04       5.614426449080e+02 
       1.299834440488e-04       5.677224149564e+02 
       1.314885813937e-04       5.740720881551e+02 
       1.330111474076e-04       5.804926908608e+02 
       1.345513439051e-04       5.869848567804e+02 
       1.361093750375e-04       5.935495535840e+02 
       1.376854473201e-04       6.001875425761e+02 
       1.392797696596e-04       6.068995315789e+02 
       1.408925533817e-04       6.136864879701e+02 
       1.425240122591e-04       6.205491005483e+02 
       1.441743625400e-04       6.274883316892e+02 
       1.458438229765e-04       6.345049706199e+02 
       1.475326148537e-04       6.415998094645e+02 
       1.492409620193e-04       6.487738666208e+02 
       1.509690909127e-04       6.560278923304e+02 
       1.527172305955e-04       6.633627843400e+02 
       1.544856127819e-04       6.707795666184e+02 
       1.562744718689e-04       6.782789826207e+02 
       1.580840449679e-04       6.858619983025e+02 
       1.599145719359e-04       6.935295642161e+02 
       1.617662954071e-04       7.012825819845e+02 
       1.636394608255e-04       7.091220073451e+02 
       1.655343164773e-04       7.170488038158e+02 
       1.674511135234e-04       7.250639401813e+02 
       1.693901060332e-04       7.331684660720e+02 
       1.713515510181e-04       7.413632591818e+02 
       1.733357084655e-04       7.496491793073e+02 
       1.753428413732e-04       7.580275267455e+02 
       1.773732157847e-04       7.664991479835e+02 
       1.794271008238e-04       7.750651617607e+02 
       1.815047687308e-04       7.837264690047e+02 
       1.836064948983e-04       7.924842344151e+02 
       1.857325579078e-04       8.013395072865e+02 
       1.878832395666e-04       8.102933832136e+02 
       1.900588249454e-04       8.193468542140e+02 
       1.922596024156e-04       8.285010651502e+02 
       1.944858636878e-04       8.377571829908e+02 
       1.967379038505e-04       8.471161735819e+02 
       1.990160214094e-04       8.565794131556e+02 
       2.013205183262e-04       8.661477978647e+02 
       2.036517000598e-04       8.758227236464e+02 
       2.060098756056e-04       8.856049083412e+02 
       2.083953575372e-04       8.954958918960e+02 
       2.108084620478e-04       9.054970283496e+02 
       2.132495089917e-04       9.156093245494e+02 
       2.157188219270e-04       9.258337816574e+02 
       2.182167281585e-04       9.361717662937e+02 
       2.207435587810e-04       9.466246835623e+02 
       2.232996487230e-04       9.571937037505e+02 
       2.258853367917e-04       9.678799107894e+02 
       2.285009657170e-04       9.786850230644e+02 
       2.311468821979e-04       9.896099124492e+02 
       2.338234369476e-04       1.000656006672e+03 
       2.365309847407e-04       1.011824798076e+03 
       2.392698844595e-04       1.023117300897e+03 
       2.420404991424e-04       1.034534987914e+03 
       2.448431960313e-04       1.046079292504e+03 
       2.476783466205e-04       1.057751923562e+03 
       2.505463267064e-04       1.069553663061e+03 
       2.534475164365e-04       1.081485990006e+03 
       2.563823003603e-04       1.093550725826e+03 
       2.593510674804e-04       1.105748991197e+03 
       2.623542113036e-04       1.118082332545e+03 
       2.653921298932e-04       1.130552329618e+03 
       2.684652259223e-04       1.143160142361e+03 
       2.715739067262e-04       1.155907572697e+03 
       2.747185843573e-04       1.168795918510e+03 
       2.778996756392e-04       1.181826963359e+03 
       2.811176022222e-04       1.195002209229e+03 
       2.843727906387e-04       1.208322595767e+03 
       2.876656723607e-04       1.221790666746e+03 
       2.909966838559e-04       1.235407063103e+03 
       2.943662666464e-04       1.249174285660e+03 
       2.977748673667e-04       1.263093090689e+03 
       3.012229378231e-04       1.277165677390e+03 
       3.047109350537e-04       1.291393488125e+03 
       3.082393213886e-04       1.305778562332e+03 
       3.118085645118e-04       1.320321604317e+03 
       3.154191375224e-04       1.335025716812e+03 
       3.190715189980e-04       1.349891465706e+03 
       3.227661930579e-04       1.364920641333e+03 
       3.265036494270e-04       1.380115981370e+03 
       3.302843835013e-04       1.395478038944e+03 
       3.341088964128e-04       1.411009585065e+03 
       3.379776950966e-04       1.426711472814e+03 
       3.418912923579e-04       1.442586333871e+03 
       3.458502069396e-04       1.458635590592e+03 
       3.498549635916e-04       1.474861538978e+03 
       3.539060931401e-04       1.491265187761e+03 
       3.580041325579e-04       1.507849141818e+03 
       3.621496250357e-04       1.524615036187e+03 
       3.663431200541e-04       1.541564847931e+03 
       3.705851734562e-04       1.558700523322e+03 
       3.748763475216e-04       1.576024086500e+03 
       3.792172110409e-04       1.593537388275e+03 
       3.836083393907e-04       1.611242785177e+03 
       3.880503146104e-04       1.629141213057e+03 
       3.925437254789e-04       1.647236347475e+03 
       3.970891675931e-04       1.665528583490e+03 
       4.016872434464e-04       1.684021076171e+03 
       4.063385625086e-04       1.702715594511e+03 
       4.110437413072e-04       1.721614202798e+03 
       4.158034035085e-04       1.740719236339e+03 
       4.206181800006e-04       1.760032748932e+03 
       4.254887089768e-04       1.779556330250e+03 
       4.304156360205e-04       1.799292859210e+03 
       4.353996141905e-04       1.819244354121e+03 
       4.404413041078e-04       1.839413411080e+03 
       4.455413740429e-04       1.859801117637e+03 
       4.507005000045e-04       1.880410728421e+03 
       4.559193658292e-04       1.901244418362e+03 
       4.611986632720e-04       1.922304395735e+03 
       4.665390920981e-04       1.943592905128e+03 
       4.719413601755e-04       1.965112636644e+03 
       4.774061835690e-04       1.986864858958e+03 
       4.829342866351e-04       2.008853007115e+03 
       4.885264021177e-04       2.031079210835e+03 
       4.941832712458e-04       2.053546095073e+03 
       4.999056438312e-04       2.076255690909e+03 
       5.056942783682e-04       2.099210849938e+03 
       5.115499421340e-04       2.122413506237e+03 
       5.174734112906e-04       2.145866737816e+03 
       5.234654709874e-04       2.169572520818e+03 
       5.295269154653e-04       2.193534016837e+03 
       5.356585481623e-04       2.217753464685e+03 
       5.418611818197e-04       2.242233369377e+03 
       5.481356385898e-04       2.266976430420e+03 
       5.544827501451e-04       2.291985046843e+03 
       5.609033577883e-04       2.317262327580e+03 
       5.673983125640e-04       2.342810708323e+03 
       5.739684753715e-04       2.368632832816e+03 
       5.806147170787e-04       2.394731259170e+03 
       5.873379186377e-04       2.421109040882e+03 
       5.941389712017e-04       2.447768819291e+03 
       6.010187762427e-04       2.474713729511e+03 
       6.079782456716e-04       2.501945101735e+03 
       6.150183019583e-04       2.529467472028e+03 
       6.221398782549e-04       2.557283131395e+03 
       6.293439185184e-04       2.585394647029e+03 
       6.366313776366e-04       2.613804836101e+03 
       6.440032215544e-04       2.642517438920e+03 
       6.514604274016e-04       2.671534121094e+03 
       6.590039836228e-04       2.700858760522e+03 
       6.666348901083e-04       2.730494174749e+03 
       6.743541583263e-04       2.760443012372e+03 
       6.821628114576e-04       2.790708446255e+03 
       6.900618845307e-04       2.821293309071e+03 
       6.980524245591e-04       2.852201274094e+03 
       7.061354906803e-04       2.883434619933e+03 
       7.143121542960e-04       2.914996854199e+03 
       7.225834992139e-04       2.946891201479e+03 
       7.309506217920e-04       2.979120345719e+03 
       7.394146310833e-04       3.011687721219e+03 
       7.479766489830e-04       3.044597032991e+03 
       7.566378103774e-04       3.077850357566e+03 
       7.653992632940e-04       3.111451262328e+03 
       7.742621690539e-04       3.145402918089e+03 
       7.832277024256e-04       3.179709206295e+03 
       7.922970517809e-04       3.214373213796e+03 
       8.014714192523e-04       3.249397740771e+03 
       8.107520208921e-04       3.284786097288e+03 
       8.201400868342e-04       3.320541929044e+03 
       8.296368614564e-04       3.356668153029e+03 
       8.392436035459e-04       3.393169098780e+03 
       8.489615864661e-04       3.430046600549e+03 
       8.587920983250e-04       3.467305297433e+03 
       8.687364421463e-04       3.504948707820e+03 
       8.787959360420e-04       3.542978663122e+03 
       8.889719133872e-04       3.581400864512e+03 
       8.992657229966e-04       3.620216723128e+03 
       9.096787293036e-04       3.659431282168e+03 
       9.202123125407e-04       3.699046230295e+03 
       9.308678689232e-04       3.739066687955e+03 
       9.416468108334e-04       3.779495698529e+03 
       9.525505670084e-04       3.820336552276e+03 
       9.635805827293e-04       3.861593145087e+03 
       9.747383200128e-04       3.903268628349e+03 
       9.860252578047e-04       3.945367611335e+03 
       9.974428921766e-04       3.987891411329e+03 
       1.008992736523e-03       4.030845444758e+03 
       1.020676321765e-03       4.074232880307e+03 
       1.032495196547e-03       4.118057636962e+03 
       1.044450927449e-03       4.162323348353e+03 
       1.056545099190e-03       4.207031952856e+03 
       1.068779314839e-03       4.252189896643e+03 
       1.081155196029e-03       4.297797527235e+03 
       1.093674383170e-03       4.343861795806e+03 
       1.106338535665e-03       4.390384546741e+03 
       1.119149332134e-03       4.437369295582e+03 
       1.132108470636e-03       4.484819914430e+03 
       1.145217668889e-03       4.532740989977e+03 
       1.158478664503e-03       4.581135548660e+03 
       1.171893215210e-03       4.630006587725e+03 
       1.185463099093e-03       4.679358909758e+03 
       1.199190114826e-03       4.729194131250e+03 
       1.213076081909e-03       4.779518439237e+03 
       1.227122840914e-03       4.830334010876e+03 
       1.241332253721e-03       4.881646003081e+03 
       1.255706203775e-03       4.933456101936e+03 
       1.270246596325e-03       4.985769296579e+03 
       1.284955358686e-03       5.038589498151e+03 
       1.299834440488e-03       5.091917959114e+03 
       1.314885813937e-03       5.145760693500e+03 
       1.330111474076e-03       5.200121945489e+03 
       1.345513439051e-03       5.255002377579e+03 
       1.361093750375e-03       5.310407492327e+03 
       1.376854473201e-03       5.366340739071e+03 
       1.392797696596e-03       5.422805416291e+03 
       1.408925533817e-03       5.479806343098e+03 
       1.425240122591e-03       5.537345106205e+03 
       1.441743625400e-03       5.595426350648e+03 
       1.458438229765e-03       5.654052265505e+03 
       1.475326148537e-03       5.713228231483e+03 
       1.492409620193e-03       5.772957021267e+03 
       1.509690909127e-03       5.833243540108e+03 
       1.527172305955e-03       5.894088893943e+03 
       1.544856127819e-03       5.955492304832e+03 
       1.562744718689e-03       6.017461413547e+03 
       1.580840449679e-03       6.080000000470e+03 
       1.599145719359e-03       6.143111495839e+03 
       1.617662954071e-03       6.206799706357e+03 
       1.636394608255e-03       6.271067750191e+03 
       1.655343164773e-03       6.335918852553e+03 
       1.674511135234e-03       6.401355154031e+03 
       1.693901060332e-03       6.467381556304e+03 
       1.713515510181e-03       6.534000804024e+03 
       1.733357084655e-03       6.601214059683e+03 
       1.753428413732e-03       6.669026498852e+03 
       1.773732157847e-03       6.737440012396e+03 
       1.794271008238e-03       6.806457374657e+03 
       1.815047687308e-03       6.876083010533e+03 
       1.836064948983e-03       6.946319049307e+03 
       1.857325579078e-03       7.017166935540e+03 
       1.878832395667e-03       7.088630903586e+03 
       1.900588249454e-03       7.160713127177e+03 
       1.922596024156e-03       7.233416384899e+03 
       1.944858636878e-03       7.306742815746e+03 
       1.967379038505e-03       7.380695617852e+03 
       1.990160214094e-03       7.455276941664e+03 
       2.013205183262e-03       7.530488383631e+03 
       2.036517000598e-03       7.606332552475e+03 
       2.060098756056e-03       7.682812127734e+03 
       2.083953575372e-03       7.759928938402e+03 
       2.108084620478e-03       7.837685567378e+03 
       2.132495089917e-03       7.916083616049e+03 
       2.157188219270e-03       7.995125577153e+03 
       2.182167281585e-03       8.074811251886e+03 
       2.207435587810e-03       8.155144122098e+03 
       2.232996487230e-03       8.236125118856e+03 
       2.258853367917e-03       8.317756332243e+03 
       2.285009657171e-03       8.400039988172e+03 
       2.311468821979e-03       8.482975671379e+03 
       2.338234369476e-03       8.566565116499e+03 
       2.365309847407e-03       8.650810219835e+03 
       2.392698844595e-03       8.735711252115e+03 
       2.420404991424e-03       8.821269871553e+03 
       2.448431960313e-03       8.907486703901e+03 
       2.476783466205e-03       8.994361949008e+03 
       2.505463267064e-03       9.081896310106e+03 
       2.534475164365e-03       9.170090600377e+03 
       2.563823003604e-03       9.258945068261e+03 
       2.593510674804e-03       9.348459950602e+03 
       2.623542113036e-03       9.438634770793e+03 
       2.653921298932e-03       9.529470836390e+03 
       2.684652259223e-03       9.620966309411e+03 
       2.715739067262e-03       9.713121735811e+03 
       2.747185843573e-03       9.805936395057e+03 
       2.778996756393e-03       9.899410483251e+03 
       2.811176022222e-03       9.993541830619e+03 
       2.843727906387e-03       1.008833051227e+04 
       2.876656723607e-03       1.018377510545e+04 
       2.909966838559e-03       1.027987483750e+04 
       2.943662666464e-03       1.037662698314e+04 
       2.977748673667e-03       1.047403099559e+04 
       3.012229378231e-03       1.057208526820e+04 
       3.047109350537e-03       1.067078721577e+04 
       3.082393213886e-03       1.077013558332e+04 
       3.118085645118e-03       1.087012670955e+04 
       3.154191375224e-03       1.097075951527e+04 
       3.190715189980e-03       1.107203030357e+04 
       3.227661930579e-03       1.117393678545e+04 
       3.265036494270e-03       1.127647554667e+04 
       3.302843835013e-03       1.137964324027e+04 
       3.341088964128e-03       1.148343671437e+04 
       3.379776950966e-03       1.158785204516e+04 
       3.418912923579e-03       1.169288530071e+04 
       3.458502069396e-03       1.179853203397e+04 
       3.498549635916e-03       1.190478817835e+04 
       3.539060931401e-03       1.201164837476e+04 
       3.580041325579e-03       1.211910924739e+04 
       3.621496250357e-03       1.222716490877e+04 
       3.663431200541e-03       1.233580952723e+04 
       3.705851734562e-03       1.244503831927e+04 
       3.748763475216e-03       1.255484456709e+04 
       3.792172110409e-03       1.266522332977e+04 
       3.836083393907e-03       1.277616741647e+04 
       3.880503146104e-03       1.288767159786e+04 
       3.925437254789e-03       1.299972542588e+04 
       3.970891675931e-03       1.311232531965e+04 
       4.016872434464e-03       1.322546258326e+04 
       4.063385625086e-03       1.333912890644e+04 
       4.110437413072e-03       1.345331792579e+04 
       4.158034035085e-03       1.356802061040e+04 
       4.206181800006e-03       1.368322801170e+04 
       4.254887089768e-03       1.379893124940e+04 
       4.304156360205e-03       1.391512143807e+04 
       4.353996141905e-03       1.403178928247e+04 
       4.404413041078e-03       1.414892487730e+04 
       4.455413740429e-03       1.426651729029e+04 
       4.507005000045e-03       1.438455854264e+04 
       4.559193658292e-03       1.450303559243e+04 
       4.611986632720e-03       1.462193735643e+04 
       4.665390920981e-03       1.474124897805e+04 
       4.719413601755e-03       1.486093419121e+04 
       4.774061835690e-03       1.498101699927e+04 
       4.829342866351e-03       1.510152031394e+04 
       4.885264021177e-03       1.522239730090e+04 
       4.941832712458e-03       1.534361230079e+04 
       4.999056438312e-03       1.546515376255e+04 
       5.056942783682e-03       1.558701789827e+04 
       5.115499421340e-03       1.570919672226e+04 
       5.174734112906e-03       1.583167222741e+04 
       5.234654709874e-03       1.595442482336e+04 
       5.295269154653e-03       1.607743026684e+04 
       5.356585481623e-03       1.620068891832e+04 
       5.418611818197e-03       1.632418738299e+04 
       5.481356385898e-03       1.644791686090e+04 
       5.544827501451e-03       1.657182779445e+04 
       5.609033577883e-03       1.669591089995e+04 
       5.673983125640e-03       1.682020847007e+04 
       5.739684753715e-03       1.694471061637e+04 
       5.806147170787e-03       1.706914194604e+04 
       5.873379186377e-03       1.719376959895e+04 
       5.941389712017e-03       1.731848257328e+04 
       6.010187762427e-03       1.744326587553e+04 
       6.079782456716e-03       1.756810377550e+04 
       6.150183019584e-03       1.769296126261e+04 
       6.221398782549e-03       1.781782212625e+04 
       6.293439185184e-03       1.794267855456e+04 
       6.366313776366e-03       1.806747963800e+04 
       6.440032215544e-03       1.819222269284e+04 
       6.514604274016e-03       1.831693110505e+04 
       6.590039836228e-03       1.844148764576e+04 
       6.666348901083e-03       1.856589535611e+04 
       6.743541583263e-03       1.869018662682e+04 
       6.821628114577e-03       1.881425035431e+04 
       6.900618845307e-03       1.893814149337e+04 
       6.980524245592e-03       1.906179756275e+04 
       7.061354906803e-03       1.918517808498e+04 
       7.143121542960e-03       1.930830556675e+04 
       7.225834992139e-03       1.943105690303e+04 
       7.309506217920e-03       1.955352554495e+04 
       7.394146310833e-03       1.967556901811e+04 
       7.479766489831e-03       1.979727248026e+04 
       7.566378103774e-03       1.991851106725e+04 
       7.653992632940e-03       2.003929283931e+04 
       7.742621690539e-03       2.015958697069e+04 
       7.832277024256e-03       2.027934622017e+04 
       7.922970517809e-03       2.039855522406e+04 
       8.014714192523e-03       2.051718695206e+04 
       8.107520208921e-03       2.063519200739e+04 
       8.201400868342e-03       2.075254829774e+04 
       8.296368614564e-03       2.086922596787e+04 
       8.392436035459e-03       2.098517268096e+04 
       8.489615864661e-03       2.110036919618e+04 
       8.587920983250e-03       2.121477676077e+04 
       8.687364421463e-03       2.132836553437e+04 
       8.787959360421e-03       2.144108631364e+04 
       8.889719133872e-03       2.155291836592e+04 
       8.992657229966e-03       2.166379022562e+04 
       9.096787293036e-03       2.177370725144e+04 
       9.202123125407e-03       2.188261035879e+04 
       9.308678689232e-03       2.199046291649e+04 
       9.416468108334e-03       2.209722533572e+04 
       9.525505670084e-03       2.220285610638e+04 
       9.635805827294e-03       2.230731584442e+04 
       9.747383200128e-03       2.241056166065e+04 
       9.860252578048e-03       2.251253997494e+04 
       9.974428921766e-03       2.261326138039e+04 
       1.008992736523e-02       2.271262033420e+04 
       1.020676321765e-02       2.281060251168e+04 
       1.032495196547e-02       2.290716000245e+04 
       1.044450927449e-02       2.300226128031e+04 
       1.056545099190e-02       2.309584666678e+04 
       1.068779314839e-02       2.318786959193e+04 
       1.081155196029e-02       2.327830218466e+04 
       1.093674383170e-02       2.336708363619e+04 
       1.106338535665e-02       2.345417559947e+04 
       1.119149332134e-02       2.353952635020e+04 
       1.132108470636e-02       2.362309745707e+04 
       1.145217668889e-02       2.370482923046e+04 
       1.158478664503e-02       2.378469604581e+04 
       1.171893215210e-02       2.386262016134e+04 
       1.185463099093e-02       2.393857939158e+04 
       1.199190114826e-02       2.401251556690e+04 
       1.213076081909e-02       2.408437426152e+04 
       1.227122840914e-02       2.415411587206e+04 
       1.241332253721e-02       2.422167879282e+04 
       1.255706203775e-02       2.428706160145e+04 
       1.270246596325e-02       2.435016289634e+04 
       1.284955358686e-02       2.441095929110e+04 
       1.299834440488e-02       2.446939291783e+04 
       1.314885813937e-02       2.452539665826e+04 
       1.330111474077e-02       2.457894229411e+04 
       1.345513439051e-02       2.462999058186e+04 
       1.361093750375e-02       2.467846476106e+04 
       1.376854473201e-02       2.472433178424e+04 
       1.392797696596e-02       2.476753924511e+04 
       1.408925533817e-02       2.480804149073e+04 
       1.425240122592e-02       2.484579557794e+04 
       1.441743625402e-02       2.488074189546e+04 
       1.458438229768e-02       2.491284946294e+04 
       1.475326148542e-02       2.494202459491e+04 
       1.492409620200e-02       2.496829637680e+04 
       1.509690909138e-02       2.499155921883e+04 
       1.527172305973e-02       2.501176692246e+04 
       1.544856127846e-02       2.502890489510e+04 
       1.562744718730e-02       2.504292142558e+04 
       1.580840449740e-02       2.505375115170e+04 
       1.599145719449e-02       2.506138367252e+04 
       1.617662954206e-02       2.506576370171e+04 
       1.636394608457e-02       2.506683213245e+04 
       1.655343165070e-02       2.506457745567e+04 
       1.674511135670e-02       2.505894500681e+04 
       1.693901060971e-02       2.504988518309e+04 
       1.713515511110e-02       2.503738092480e+04 
       1.733357086000e-02       2.502138340507e+04 
       1.753428415671e-02       2.500189289715e+04 
       1.773732160628e-02       2.497882377217e+04 
       1.794271012206e-02       2.495222268011e+04 
       1.815047692944e-02       2.492198413805e+04 
       1.836064956951e-02       2.488809646566e+04 
       1.857325590290e-02       2.485057114890e+04 
       1.878832411371e-02       2.480935946878e+04 
       1.900588271352e-02       2.476445475118e+04 
       1.922596054551e-02       2.471581457612e+04 
       1.944858678880e-02       2.466346211668e+04 
       1.967379096291e-02       2.460736666826e+04 
       1.990160293247e-02       2.454746385337e+04 
       2.013205291216e-02       2.448384167524e+04 
       2.036517147201e-02       2.441642652872e+04 
       2.060098954303e-02       2.434527372733e+04 
       2.083953842335e-02       2.427033151258e+04 
       2.108084978483e-02       2.419162675838e+04 
       2.132495568045e-02       2.410912989438e+04 
       2.157188855236e-02       2.402294318916e+04 
       2.182168124101e-02       2.393293231408e+04 
       2.207436699528e-02       2.383928048314e+04 
       2.232997948408e-02       2.374190553206e+04 
       2.258855280946e-02       2.364086584962e+04 
       2.285012152162e-02       2.353615895396e+04 
       2.311472063610e-02       2.342789046270e+04 
       2.338238565362e-02       2.331604584027e+04 
       2.365315258284e-02       2.320067023951e+04 
       2.392705796661e-02       2.308178041329e+04 
       2.420413891223e-02       2.295941966976e+04 
       2.448443312638e-02       2.283374013329e+04 
       2.476797895519e-02       2.270472339615e+04 
       2.505481543041e-02       2.257240299530e+04 
       2.534498232234e-02       2.243692492262e+04 
       2.563852020036e-02       2.229830349046e+04 
       2.593547050218e-02       2.215666468661e+04 
       2.623587561254e-02       2.201200417541e+04 
       2.653977895277e-02       2.186446349339e+04 
       2.684722508205e-02       2.171409777143e+04 
       2.715825981179e-02       2.156104583713e+04 
       2.747293033437e-02       2.140543650817e+04 
       2.779128536745e-02       2.124726222934e+04 
       2.811337531545e-02       2.108668148814e+04 
       2.843925244937e-02       2.092380853371e+04 
       2.876897110668e-02       2.075868830382e+04 
       2.910258791255e-02       2.059152340732e+04 
       2.944016202408e-02       2.042243508212e+04 
       2.978175539905e-02       2.025144036702e+04 
       3.012743309068e-02       2.007876081150e+04 
       3.047726357003e-02       1.990444582860e+04 
       3.083131907766e-02       1.972871003239e+04 
       3.118967600598e-02       1.955158113413e+04 
       3.155241531412e-02       1.937331118942e+04 
       3.191962297671e-02       1.919394849774e+04 
       3.229139046850e-02       1.901362123036e+04 
       3.266781528626e-02       1.883251632368e+04 
       3.304900150996e-02       1.865070180026e+04 
       3.343506040507e-02       1.846841086565e+04 
       3.382611106784e-02       1.828566123765e+04 
       3.422228111597e-02       1.810263595772e+04 
       3.462370742679e-02       1.791950822528e+04 
       3.503053692575e-02       1.773635696005e+04 
       3.544292742799e-02       1.755331059432e+04 
       3.586104853629e-02       1.737056952537e+04 
       3.628508259896e-02       1.718822218595e+04 
       3.671522573190e-02       1.700631010634e+04 
       3.715168890937e-02       1.682505314981e+04 
       3.759469912860e-02       1.664454307169e+04 
       3.804450065439e-02       1.646495072390e+04 
       3.850135635003e-02       1.628628206951e+04 
       3.896554910227e-02       1.610879416079e+04 
       3.943738334848e-02       1.593236390961e+04 
       3.991718671542e-02       1.575731229405e+04 
       4.040531178018e-02       1.558363899211e+04 
       4.090213796455e-02       1.541149234875e+04 
       4.140807357593e-02       1.524090322526e+04 
       4.192355800875e-02       1.507200433154e+04 
       4.244906412197e-02       1.490483164379e+04 
       4.298510080970e-02       1.473945342870e+04 
       4.353221578354e-02       1.457599537949e+04 
       4.409099858668e-02       1.441449441372e+04 
       4.466208386166e-02       1.425493734245e+04 
       4.524615489511e-02       1.409744866189e+04 
       4.584394746446e-02       1.394203683817e+04 
       4.645625401293e-02       1.378864255797e+04 
       4.708392818053e-02       1.363737322448e+04 
       4.772788971968e-02       1.348815817327e+04 
       4.838912982439e-02       1.334097633915e+04 
       4.906871690218e-02       1.319570202880e+04 
       4.976780281654e-02       1.305234857380e+04 
       5.048762962584e-02       1.291077632117e+04 
       5.122953684068e-02       1.277076828696e+04 
       5.199496921615e-02       1.263215418672e+04 
       5.278548508684e-02       1.249466400454e+04 
       5.360276524108e-02       1.235800389896e+04 
       5.444862231488e-02       1.222179831686e+04 
       5.532501066521e-02       1.208548670434e+04 
       5.623403665505e-02       1.194861711411e+04 
       5.717796924788e-02       1.181041848795e+04 
       5.815925076611e-02       1.167016761589e+04 
       5.918050761412e-02       1.152690156075e+04 
       6.024456070226e-02       1.137956040436e+04 
       6.135443523182e-02       1.122691995286e+04 
       6.251336941315e-02       1.106762302722e+04 
       6.372482159101e-02       1.090016392010e+04 
       6.499247514641e-02       1.072285767563e+04 
       6.632024043819e-02       1.053400511020e+04 
       6.771225294986e-02       1.033178862577e+04 
       6.917286673068e-02       1.011446484573e+04 
       7.070664218363e-02       9.880412247966e+03 
       7.231832727782e-02       9.628292681211e+03 
       7.401283137692e-02       9.357215025679e+03 
       7.579519110361e-02       9.066962792014e+03 
       7.767052802790e-02       8.758123530825e+03 
       7.964399848753e-02       8.432261874813e+03 
       8.172073651628e-02       8.092348039496e+03 
       8.390579164183e-02       7.742518350524e+03 
       8.620406415208e-02       7.388074868251e+03 
       8.862024122147e-02       7.035490059311e+03 
       9.115873790895e-02       6.691964839987e+03 
       9.382364735356e-02       6.364703690462e+03 
       9.661870438361e-02       6.060264917203e+03 
       9.954726615492e-02       5.783940332189e+03 
       1.026123123527e-01       5.538755169236e+03 
       1.058164660320e-01       5.324830735749e+03 
       1.091620345145e-01       5.138974051265e+03 
       1.126510681361e-01       4.974680962913e+03 
       1.162854332763e-01       4.822314441900e+03 
       1.200668951804e-01       4.670589792639e+03 
       1.239972056925e-01       4.508096827286e+03 
       1.280781911471e-01       4.325802596898e+03 
       1.323118362267e-01       4.119275609688e+03 
       1.367003604267e-01       3.890487995654e+03 
       1.412462847173e-01       3.647421146186e+03 
       1.459524869092e-01       3.403084399773e+03 
       1.508222449992e-01       3.171822462258e+03 
       1.558592683358e-01       2.966037582101e+03 
       1.610677167837e-01       2.792989789317e+03 
       1.664522081802e-01       2.652883058940e+03 
       1.720178143158e-01       2.538836051770e+03 
       1.777700454538e-01       2.438544746171e+03 
       1.837148230916e-01       2.338233255204e+03 
       1.898584402934e-01       2.227126288120e+03 
       1.962075085217e-01       2.100213263320e+03 
       2.027688895167e-01       1.962174395990e+03 
       2.095496104439e-01       1.824508204169e+03 
       2.165567602992e-01       1.699446797489e+03 
       2.237973654860e-01       1.593635909964e+03 
       2.312782426140e-01       1.506755893119e+03 
       2.390058269967e-01       1.432624319929e+03 
       2.469859761201e-01       1.361539766810e+03 
       2.552237486029e-01       1.285581142465e+03 
       2.637231609282e-01       1.203906508741e+03 
       2.724869265340e-01       1.121895621013e+03 
       2.815161846539e-01       1.046680889669e+03 
       2.908102294745e-01       9.825566595063e+02 
       3.003662534414e-01       9.275584100509e+02 
       3.101791215051e-01       8.760564816374e+02 
       3.202411951977e-01       8.242293217705e+02 
       3.305422260661e-01       7.718555682009e+02 
       3.410693365793e-01       7.221003151437e+02 
       3.518071027779e-01       6.777159007556e+02 
       3.627377465986e-01       6.384805381621e+02 
       3.738414374053e-01       6.023526830529e+02 
       3.850966927051e-01       5.673598151854e+02 
       3.964808586371e-01       5.337874119478e+02 
       4.079706430381e-01       5.026078373865e+02 
       4.195426690022e-01       4.743744449388e+02 
       4.311740156372e-01       4.486348609173e+02 
       4.428427152932e-01       4.247002285597e+02 
       4.545281823160e-01       4.022014723662e+02 
       4.662115562594e-01       3.810940856988e+02 
       4.778759511424e-01       3.616193876361e+02 
       4.895066105197e-01       3.437348119620e+02 
       5.010909748866e-01       3.272648334330e+02 
       5.126186727483e-01       3.118484609445e+02 
       5.240814494378e-01       2.974276291864e+02 
       5.354730486646e-01       2.839726952926e+02 
       5.467890612323e-01       2.714995720696e+02 
       5.580267538258e-01       2.598938047481e+02 
       5.691848886927e-01       2.490425070118e+02 
       5.802635427797e-01       2.388777038945e+02 
       5.912639326937e-01       2.293189190639e+02 
       6.021882499013e-01       2.203607325881e+02 
       6.130395089347e-01       2.119347644313e+02 
       6.238214100661e-01       2.040252021438e+02 
       6.345382169184e-01       1.965630806442e+02 
       6.451946487659e-01       1.895091935234e+02 
       6.557957867999e-01       1.828405567521e+02 
       6.663469933303e-01       1.765147009611e+02 
       6.768538427347e-01       1.705288284698e+02 
       6.873220629078e-01       1.648382131736e+02 
       6.977574859704e-01       1.594310211577e+02 
       7.081660070579e-01       1.542822783513e+02 
       7.185535500890e-01       1.493660086021e+02 
       7.289260395155e-01       1.446799655568e+02 
       7.392893771614e-01       1.401945195321e+02 
       7.496494233593e-01       1.359079064877e+02 
       7.600119816961e-01       1.318003821567e+02 
       7.703827867705e-01       1.278581244719e+02 
       7.807674944482e-01       1.240787304908e+02 
       7.911716741808e-01       1.204409162281e+02 
       8.016008030147e-01       1.169468122561e+02 
       8.120602609833e-01       1.135807908232e+02 
       8.225553276209e-01       1.103373063020e+02 
       8.330911793852e-01       1.072127911634e+02 
       8.436728878130e-01       1.041929690729e+02 
       8.543054182653e-01       1.012813385471e+02 
       8.649936291497e-01       9.846412513247e+01 
       8.757422715280e-01       9.574181127608e+01 
       8.865559890409e-01       9.310828715901e+01 
       8.974393180959e-01       9.055672351764e+01 
       9.083966882817e-01       8.808851850966e+01 
       9.194324229805e-01       8.569300474796e+01 
       9.305507401626e-01       8.337389249511e+01 
       9.417557533536e-01       8.112178103937e+01 
       9.530514727692e-01       7.893815072264e+01 
       9.644418066203e-01       7.681809139186e+01 
       9.759305625894e-01       7.475866423274e+01 
       9.875214494865e-01       7.275864729462e+01 
       9.992180790873e-01       7.081400836322e+01 
       1.011023968162e+00       6.892583431095e+01 
       1.022942540700e+00       6.708804082334e+01 
       1.034977130328e+00       6.530300939750e+01 
       1.047130982934e+00       6.356449200897e+01 
       1.059407259486e+00       6.187526399978e+01 
       1.071809039041e+00       6.022930149870e+01 
       1.084339321949e+00       5.863001176598e+01 
       1.097001033231e+00       5.707094529580e+01 
       1.109797026120e+00       5.555534987210e+01 
       1.122730085756e+00       5.407808987423e+01 
       1.135802933016e+00       5.264165827771e+01 
       1.149018228445e+00       5.124144462506e+01 
       1.162378576296e+00       4.987957534198e+01 
       1.175886528624e+00       4.855186008219e+01 
       1.189544589433e+00       4.726019904595e+01 
       1.203355218841e+00       4.600121131464e+01 
       1.217320837244e+00       4.477579653921e+01 
       1.231443829451e+00       4.358210440479e+01 
       1.245726548771e+00       4.241926344293e+01 
       1.260171321027e+00       4.128707051745e+01 
       1.274780448484e+00       4.018343109206e+01 
       1.289556213659e+00       3.910942589667e+01 
       1.304500883016e+00       3.806239295764e+01 
       1.319616710510e+00       3.704316530179e+01 
       1.334905940992e+00       3.605028985712e+01 
       1.350370813448e+00       3.508286153375e+01 
       1.366013564068e+00       3.414145572786e+01 
       1.381836429153e+00       3.322365451279e+01 
       1.397841647841e+00       3.233024359768e+01 
       1.414031464659e+00       3.146039473056e+01 
       1.430408131915e+00       3.061267606165e+01 
       1.446973911902e+00       2.978762351619e+01 
       1.463731078955e+00       2.898406766977e+01 
       1.480681921345e+00       2.820116547845e+01 
       1.497828743022e+00       2.743914063434e+01 
       1.515173865213e+00       2.669702481972e+01 
       1.532719627898e+00       2.597401824539e+01 
       1.550468391147e+00       2.527025266139e+01 
       1.568422536354e+00       2.458510881597e+01 
       1.586584467358e+00       2.391768807444e+01 
       1.604956611475e+00       2.326795410147e+01 
       1.623541420435e+00       2.263557551006e+01 
       1.642341371246e+00       2.201972160348e+01 
       1.661358966989e+00       2.142001044316e+01 
       1.680596737550e+00       2.083623163566e+01 
       1.700057240294e+00       2.026809768122e+01 
       1.719743060702e+00       1.971498901548e+01 
       1.739656812952e+00       1.917637392906e+01 
       1.759801140482e+00       1.865203900207e+01 
       1.780178716510e+00       1.814173949895e+01 
       1.800792244535e+00       1.764512570335e+01 
       1.821644458818e+00       1.716163237161e+01 
       1.842738124841e+00       1.669094980485e+01 
       1.864076039761e+00       1.623282017506e+01 
       1.885661032840e+00       1.578693581481e+01 
       1.907495965883e+00       1.535303528128e+01 
       1.929583733656e+00       1.493078713937e+01 
       1.951927264309e+00       1.451984832630e+01 
       1.974529519786e+00       1.411988830877e+01 
       1.997393496251e+00       1.373067067978e+01 
       2.020522224493e+00       1.335185865329e+01 
       2.043918770346e+00       1.298310762755e+01 
       2.067586235108e+00       1.262439349909e+01 
       2.091527755958e+00       1.227531996627e+01 
       2.115746506380e+00       1.193567867788e+01 
       2.140245696590e+00       1.160521143393e+01 
       2.165028573961e+00       1.128364872457e+01 
       2.190098423461e+00       1.097078138551e+01 
       2.215458568091e+00       1.066638442494e+01 
       2.241112369322e+00       1.037019160321e+01 
       2.267063227548e+00       1.008205137389e+01 
       2.293314582532e+00       9.801710088617e+00 
       2.319869913870e+00       9.529016604324e+00 
       2.346732741444e+00       9.263700873932e+00 
       2.373906625896e+00       9.005608490093e+00 
       2.401395169096e+00       8.754544112986e+00 
       2.429202014621e+00       8.510304717055e+00 
       2.457330848241e+00       8.272748236886e+00 
       2.485785398402e+00       8.041614147630e+00 
       2.514569436725e+00       7.816793989745e+00 
       2.543686778502e+00       7.598114239944e+00 
       2.573141283206e+00       7.385426017451e+00 
       2.602936854999e+00       7.178585818660e+00 
       2.633077443253e+00       6.977399688433e+00 
       2.663567043070e+00       6.781705263804e+00 
       2.694409695814e+00       6.591387126005e+00 
       2.725609489644e+00       6.406285207298e+00 
       2.757170560060e+00       6.226292675030e+00 
       2.789097090447e+00       6.051231535091e+00 
       2.821393312632e+00       5.880961085463e+00 
       2.854063507445e+00       5.715393627322e+00 
       2.887112005284e+00       5.554417175396e+00 
       2.920543186693e+00       5.397827773130e+00 
       2.954361482937e+00       5.245598558137e+00 
       2.988571376596e+00       5.097566493145e+00 
       3.023177402154e+00       4.953606544209e+00 
       3.058184146601e+00       4.813652555528e+00 
       3.093596250045e+00       4.677571653674e+00 
       3.129418406321e+00       4.545239665049e+00 
       3.165655363617e+00       4.416584096229e+00 
       3.202311925103e+00       4.291480764936e+00 
       3.239392949566e+00       4.169873905057e+00 
       3.276903352055e+00       4.051637437516e+00 
       3.314848104534e+00       3.936684125292e+00 
       3.353232236539e+00       3.824920572520e+00 
       3.392060835845e+00       3.716289031574e+00 
       3.431339049141e+00       3.610662477860e+00 
       3.471072082710e+00       3.507999164516e+00 
       3.511265203125e+00       3.408174144660e+00 
       3.551923737939e+00       3.311155605724e+00 
       3.593053076397e+00       3.216843050022e+00 
       3.634658670148e+00       3.125147933530e+00 
       3.676746033970e+00       3.036041409916e+00 
       3.719320746495e+00       2.949416441406e+00 
       3.762388450957e+00       2.865221626574e+00 
       3.805954855933e+00       2.783389482279e+00 
       3.850025736103e+00       2.703847949121e+00 
       3.894606933013e+00       2.626528602405e+00 
       3.939704355854e+00       2.551385756934e+00 
       3.985323982241e+00       2.478354066433e+00 
       4.031471859004e+00       2.407382347530e+00 
       4.078154102995e+00       2.338401683220e+00 
       4.125376901896e+00       2.271359747083e+00 
       4.173146515036e+00       2.206206469768e+00 
       4.221469274227e+00       2.142879832580e+00 
       4.270351584597e+00       2.081358410940e+00 
       4.319799925445e+00       2.021561389646e+00 
       4.369820851093e+00       1.963456455565e+00 
       4.420420991762e+00       1.906991159238e+00 
       4.471607054446e+00       1.852134920869e+00 
       4.523385823801e+00       1.798812905268e+00 
       4.575764163048e+00       1.747008575421e+00 
       4.628749014878e+00       1.696678147346e+00 
       4.682347402376e+00       1.647734099210e+00 
       4.736566429951e+00       1.600219205927e+00 
       4.791413284276e+00       1.554041216374e+00 
       4.846895235241e+00       1.509171440833e+00 
       4.903019636920e+00       1.465566613363e+00 
       4.959793928541e+00       1.423211499655e+00 
       5.017225635475e+00       1.382066681625e+00 
       5.075322370233e+00       1.342068701830e+00 
       5.134091833473e+00       1.303235027505e+00 
       5.193541815025e+00       1.265500535655e+00 
       5.253680194919e+00       1.228844136716e+00 
       5.314514944432e+00       1.193224753598e+00 
       5.376054127145e+00       1.158627866626e+00 
       5.438305900009e+00       1.125014706956e+00 
       5.501278514429e+00       1.092361136144e+00 
       5.564980317358e+00       1.060647538960e+00 
       5.629419752400e+00       1.029837323424e+00 
       5.694605360933e+00       9.999041238247e-01 
       5.760545783238e+00       9.708322252056e-01 
       5.827249759647e+00       9.425928532152e-01 
       5.894726131700e+00       9.151567997041e-01 
       5.962983843317e+00       8.885135110980e-01 
       6.032031941983e+00       8.626326462868e-01 
       6.101879579949e+00       8.374914906195e-01 
       6.172536015445e+00       8.130763448539e-01 
       6.244010613903e+00       7.893633608821e-01 
       6.316312849205e+00       7.663310684544e-01 
       6.389452304934e+00       7.439589779985e-01 
       6.463438675644e+00       7.222289324230e-01 
       6.538281768151e+00       7.011275342786e-01 
       6.613991502823e+00       6.806312601420e-01 
       6.690577914906e+00       6.607271577607e-01 
       6.768051155844e+00       6.413983803714e-01 
       6.846421494631e+00       6.226258787031e-01 
       6.925699319172e+00       6.043949355095e-01 
       7.005895137657e+00       5.866922095923e-01 
       7.087019579953e+00       5.694973567693e-01 
       7.169083399018e+00       5.528015000637e-01 
       7.252097472322e+00       5.365895490715e-01 
       7.336072803291e+00       5.208454252334e-01 
       7.421020522764e+00       5.055566608867e-01 
       7.506951890469e+00       4.907126415151e-01 
       7.593878296516e+00       4.762981666787e-01 
       7.681811262906e+00       4.623013091365e-01 
       7.770762445058e+00       4.487085441078e-01 
       7.860743633355e+00       4.355130438020e-01 
       7.951766754706e+00       4.226980403574e-01 
       8.043843874128e+00       4.102565481410e-01 
       8.136987196342e+00       3.981752239807e-01 
       8.231209067395e+00       3.864456473811e-01 
       8.326521976295e+00       3.750566219102e-01 
       8.422938556664e+00       3.640003954094e-01 
       8.520471588414e+00       3.532651902769e-01 
       8.619133999445e+00       3.428424334468e-01 
       8.718938867352e+00       3.327229777135e-01 
       8.819899421161e+00       3.228990662501e-01 
       8.922029043085e+00       3.133614898080e-01 
       9.025341270295e+00       3.041020740790e-01 
       9.129849796715e+00       2.951121346749e-01 
       9.235568474835e+00       2.863857393873e-01 
       9.342511317554e+00       2.779140985532e-01 
       9.450692500028e+00       2.696915917965e-01 
       9.560126361556e+00       2.617062041150e-01 
       9.670827407479e+00       2.539556911849e-01 
       9.782810311099e+00       2.464320005728e-01 
       9.896089915630e+00       2.391289846799e-01 
       1.001068123616e+01       2.320387235627e-01 
       1.012659946164e+01       2.251584428875e-01 
       1.024385995692e+01       2.184766056613e-01 
       1.036247826473e+01       2.119926737119e-01 
       1.048247010782e+01       2.056984283956e-01 
       1.060385139096e+01       1.995891220784e-01 
       1.072663820313e+01       1.936591798502e-01 
       1.085084681956e+01       1.879035108581e-01 
       1.097649370399e+01       1.823165079539e-01 
       1.110359551077e+01       1.768936651286e-01 
       1.123216908711e+01       1.716304601658e-01 
       1.136223147529e+01       1.665221333505e-01 
       1.149379991495e+01       1.615640093325e-01 
       1.162689184534e+01       1.567522774928e-01 
       1.176152490764e+01       1.520806550932e-01 
       1.189771694734e+01       1.475492446287e-01 
       1.203548601653e+01       1.431499535736e-01 
       1.217485037635e+01       1.388797465750e-01 
       1.231582849940e+01       1.347369166026e-01 
       1.245843907219e+01       1.307160216607e-01 
       1.260270099757e+01       1.268136852933e-01 
       1.274863339733e+01       1.230258236136e-01 
       1.289625561463e+01       1.193507733173e-01 
       1.304558721664e+01       1.157839403638e-01 
       1.319664799711e+01       1.123226610153e-01 
       1.334945797897e+01       1.089637100193e-01 
       1.350403741704e+01       1.057044267623e-01 
       1.366040680063e+01       1.025408785817e-01 
       1.381858685635e+01       9.947151385029e-02 
       1.397859855079e+01       9.649329358946e-02 
       1.414046309333e+01       9.360280866119e-02 
       1.430420193893e+01       9.079811311328e-02 
       1.446983679101e+01       8.807709716681e-02 
       1.463738960428e+01       8.543615176478e-02 
       1.480688258768e+01       8.287383951498e-02 
       1.497833820734e+01       8.038771663594e-02 
       1.515177918950e+01       7.797511858564e-02 
       1.532722852358e+01       7.563426598960e-02 
       1.550470946520e+01       7.336273713570e-02 
       1.568424553926e+01       7.115913510903e-02 
       1.586586054309e+01       6.902085503702e-02 
       1.604957854954e+01       6.694644945758e-02 
       1.623542391025e+01       6.493351904054e-02 
       1.642342125880e+01       6.298066781331e-02 
       1.661359551406e+01       6.108577040202e-02 
       1.680597188341e+01       5.924753273215e-02 
       1.700057586613e+01       5.746419746444e-02 
       1.719743325676e+01       5.573335346879e-02 
       1.739657014854e+01       5.405466632559e-02 
       1.759801293686e+01       5.242591801557e-02 
       1.780178832273e+01       5.084581072049e-02 
       1.800792331635e+01       4.931254445523e-02 
       1.821644524071e+01       4.782580204425e-02 
       1.842738173515e+01       4.638300846018e-02 
       1.864076075909e+01       4.498321975856e-02 
       1.885661059567e+01       4.362551989762e-02 
       1.907495985555e+01       4.230821862610e-02 
       1.929583748071e+01       4.103043823271e-02 
       1.951927274823e+01       3.979060622259e-02 
       1.974529527420e+01       3.858818900762e-02 
       1.997393501768e+01       3.742175842850e-02 
       2.020522228460e+01       3.629030438767e-02 
       2.043918773186e+01       3.519236348473e-02 
       2.067586237131e+01       3.412763160924e-02 
       2.091527757392e+01       3.309469037973e-02 
       2.115746507392e+01       3.209297245086e-02 
       2.140245697300e+01       3.112107304269e-02 
       2.165028574457e+01       3.017848540512e-02 
       2.190098423806e+01       2.926398770246e-02 
       2.215458568329e+01       2.837702760302e-02 
       2.241112369486e+01       2.751680098956e-02 
       2.267063227660e+01       2.668224155617e-02 
       2.293314582609e+01       2.587298332138e-02 
       2.319869913922e+01       2.508772028133e-02 
       2.346732741479e+01       2.432637347577e-02 
       2.373906625919e+01       2.358785667474e-02 
       2.401395169111e+01       2.287155725586e-02 
       2.429202014632e+01       2.217668749460e-02 
       2.457330848248e+01       2.150292092232e-02 
       2.485785398407e+01       2.084940476583e-02 
       2.514569436728e+01       2.021534854171e-02 
       2.543686778504e+01       1.960072798405e-02 
       2.573141283207e+01       1.900458310437e-02 
       2.602936855000e+01       1.842620473496e-02 
       2.633077443254e+01       1.786540050738e-02 
       2.663567043071e+01       1.732149559353e-02 
       2.694409695814e+01       1.679400568481e-02 
       2.725609489644e+01       1.628253178212e-02 
       2.757170560060e+01       1.578642419278e-02 
       2.789097090447e+01       1.530513333445e-02 
       2.821393312632e+01       1.483849760209e-02 
       2.854063507445e+01       1.438605461552e-02 
       2.887112005284e+01       1.394733738965e-02 
       2.920543186693e+01       1.352171726564e-02 
       2.954361482937e+01       1.310905674988e-02 
       2.988571376596e+01       1.270886716985e-02 
       3.023177402154e+01       1.232078388146e-02 
