# Matter power spectrum P(k) at redshift z=0
# for k=1.06752e-05 to 30.196 h/Mpc,
# number of wavenumbers equal to 1159
#    1:k (h/Mpc)              2:P (Mpc/h)^3        
       1.067515846695e-05       4.283577083283e+01 
       1.079877097614e-05       4.331531872812e+01 
       1.092381485072e-05       4.380021348929e+01 
       1.105030666512e-05       4.429056464245e+01 
       1.117826318571e-05       4.478641820474e+01 
       1.130770137298e-05       4.528781996926e+01 
       1.143863838381e-05       4.579482227237e+01 
       1.157109157377e-05       4.630750768145e+01 
       1.170507849938e-05       4.682606530918e+01 
       1.184061692048e-05       4.735012866402e+01 
       1.197772480252e-05       4.788025520687e+01 
       1.211642031900e-05       4.841621329032e+01 
       1.225672185388e-05       4.895829048450e+01 
       1.239864800397e-05       4.950639120962e+01 
       1.254221758141e-05       5.006060294529e+01 
       1.268744961621e-05       5.062106611392e+01 
       1.283436335872e-05       5.118776370973e+01 
       1.298297828219e-05       5.176079801720e+01 
       1.313331408536e-05       5.234027477700e+01 
       1.328539069509e-05       5.292621184870e+01 
       1.343922826897e-05       5.351873533465e+01 
       1.359484719800e-05       5.411788964234e+01 
       1.375226810930e-05       5.472372414865e+01 
       1.391151186884e-05       5.533635559953e+01 
       1.407259958421e-05       5.595583132807e+01 
       1.423555260742e-05       5.658230160918e+01 
       1.440039253770e-05       5.721573425974e+01 
       1.456714122441e-05       5.785646532837e+01 
       1.473582076992e-05       5.850419082078e+01 
       1.490645353251e-05       5.915914054480e+01 
       1.507906212936e-05       5.982145173328e+01 
       1.525366943957e-05       6.049113581630e+01 
       1.543029860715e-05       6.116833604925e+01 
       1.560897304408e-05       6.185309225049e+01 
       1.578971643349e-05       6.254558895006e+01 
       1.597255273271e-05       6.324578103771e+01 
       1.615750617649e-05       6.395358556003e+01 
       1.634460128022e-05       6.466977852770e+01 
       1.653386284314e-05       6.539376479183e+01 
       1.672531595167e-05       6.612584186454e+01 
       1.691898598271e-05       6.686611844025e+01 
       1.711489860702e-05       6.761469636128e+01 
       1.731307979261e-05       6.837162918131e+01 
       1.751355580816e-05       6.913707126546e+01 
       1.771635322657e-05       6.991104660183e+01 
       1.792149892841e-05       7.069358418253e+01 
       1.812902010552e-05       7.148513380194e+01 
       1.833894426461e-05       7.228502227585e+01 
       1.855129923090e-05       7.309453120222e+01 
       1.876611315180e-05       7.391289291386e+01 
       1.898341450068e-05       7.474024962792e+01 
       1.920323208059e-05       7.557695445493e+01 
       1.942559502811e-05       7.642304916809e+01 
       1.965053281721e-05       7.727863375894e+01 
       1.987807526315e-05       7.814364345336e+01 
       2.010825252643e-05       7.901842170356e+01 
       2.034109511681e-05       7.990314839103e+01 
       2.057663389731e-05       8.079739101348e+01 
       2.081490008834e-05       8.170216038869e+01 
       2.105592527184e-05       8.261686266885e+01 
       2.129974139543e-05       8.354180702871e+01 
       2.154638077666e-05       8.447683096591e+01 
       2.179587610733e-05       8.542275359142e+01 
       2.204826045777e-05       8.637895552031e+01 
       2.230356728125e-05       8.734589885334e+01 
       2.256183041842e-05       8.832369766133e+01 
       2.282308410177e-05       8.931243750126e+01 
       2.308736296020e-05       9.031239246353e+01 
       2.335470202357e-05       9.132345820452e+01 
       2.362513672741e-05       9.234585105696e+01 
       2.389870291753e-05       9.337964777021e+01 
       2.417543685483e-05       9.442485835539e+01 
       2.445537522011e-05       9.548203075930e+01 
       2.473855511888e-05       9.655094568898e+01 
       2.502501408633e-05       9.763175765278e+01 
       2.531479009230e-05       9.872468471819e+01 
       2.560792154627e-05       9.982993831367e+01 
       2.590444730251e-05       1.009474847057e+02 
       2.620440666517e-05       1.020775735915e+02 
       2.650783939356e-05       1.032204253908e+02 
       2.681478570735e-05       1.043758996743e+02 
       2.712528629193e-05       1.055443229738e+02 
       2.743938230384e-05       1.067258780917e+02 
       2.775711537615e-05       1.079207688266e+02 
       2.807852762403e-05       1.091289091028e+02 
       2.840366165034e-05       1.103504816042e+02 
       2.873256055123e-05       1.115858337207e+02 
       2.906526792190e-05       1.128350005444e+02 
       2.940182786236e-05       1.140981499653e+02 
       2.974228498325e-05       1.153754385878e+02 
       3.008668441180e-05       1.166670242051e+02 
       3.043507179777e-05       1.179730674798e+02 
       3.078749331955e-05       1.192937296440e+02 
       3.114399569022e-05       1.206291744323e+02 
       3.150462616379e-05       1.219795672856e+02 
       3.186943254143e-05       1.233450085269e+02 
       3.223846317783e-05       1.247258156111e+02 
       3.261176698761e-05       1.261220768033e+02 
       3.298939345178e-05       1.275339175474e+02 
       3.337139262431e-05       1.289615917698e+02 
       3.375781513879e-05       1.304052506912e+02 
       3.414871221511e-05       1.318651107405e+02 
       3.454413566624e-05       1.333412700550e+02 
       3.494413790513e-05       1.348338928486e+02 
       3.534877195166e-05       1.363432986648e+02 
       3.575809143961e-05       1.378695761755e+02 
       3.617215062386e-05       1.394129598375e+02 
       3.659100438749e-05       1.409736053667e+02 
       3.701470824912e-05       1.425517413594e+02 
       3.744331837023e-05       1.441474886675e+02 
       3.787689156264e-05       1.457611425701e+02 
       3.831548529600e-05       1.473928141971e+02 
       3.875915770543e-05       1.490427998777e+02 
       3.920796759923e-05       1.507112142575e+02 
       3.966197446667e-05       1.523982551518e+02 
       4.012123848586e-05       1.541042045764e+02 
       4.058582053176e-05       1.558293332434e+02 
       4.105578218421e-05       1.575737362001e+02 
       4.153118573612e-05       1.593376062437e+02 
       4.201209420171e-05       1.611212500332e+02 
       4.249857132488e-05       1.629248254179e+02 
       4.299068158765e-05       1.647486588587e+02 
       4.348849021869e-05       1.665931870399e+02 
       4.399206320201e-05       1.684577088195e+02 
       4.450146728566e-05       1.703434122684e+02 
       4.501676999059e-05       1.722502315724e+02 
       4.553803961962e-05       1.741783223012e+02 
       4.606534526649e-05       1.761280587946e+02 
       4.659875682497e-05       1.780996173528e+02 
       4.713834499819e-05       1.800935387460e+02 
       4.768418130798e-05       1.821095265053e+02 
       4.823633810436e-05       1.841480109373e+02 
       4.879488857510e-05       1.862092398570e+02 
       4.935990675548e-05       1.882936612759e+02 
       4.993146753802e-05       1.904009643905e+02 
       5.050964668251e-05       1.925322436389e+02 
       5.109452082595e-05       1.946877566145e+02 
       5.168616749279e-05       1.968669536666e+02 
       5.228466510514e-05       1.990706307908e+02 
       5.289009299322e-05       2.012989153036e+02 
       5.350253140584e-05       2.035518322872e+02 
       5.412206152104e-05       2.058305318564e+02 
       5.474876545687e-05       2.081344964389e+02 
       5.538272628227e-05       2.104639664462e+02 
       5.602402802804e-05       2.128195436862e+02 
       5.667275569805e-05       2.152016728572e+02 
       5.732899528044e-05       2.176104578919e+02 
       5.799283375905e-05       2.200461492706e+02 
       5.866435912497e-05       2.225091932764e+02 
       5.934366038814e-05       2.250001561937e+02 
       6.003082758922e-05       2.275185505161e+02 
       6.072595181147e-05       2.300651101892e+02 
       6.142912519286e-05       2.326402396663e+02 
       6.214044093826e-05       2.352441174870e+02 
       6.285999333179e-05       2.378771651210e+02 
       6.358787774936e-05       2.405395848835e+02 
       6.432419067124e-05       2.432318584687e+02 
       6.506902969492e-05       2.459542759826e+02 
       6.582249354801e-05       2.487070749670e+02 
       6.658468210132e-05       2.514908963684e+02 
       6.735569638212e-05       2.543055588984e+02 
       6.813563858752e-05       2.571518139396e+02 
       6.892461209802e-05       2.600296692290e+02 
       6.972272149119e-05       2.629399578566e+02 
       7.053007255557e-05       2.658830597078e+02 
       7.134677230467e-05       2.688586428075e+02 
       7.217292899117e-05       2.718676579036e+02 
       7.300865212122e-05       2.749103904825e+02 
       7.385405246904e-05       2.779870849990e+02 
       7.470924209151e-05       2.810985011929e+02 
       7.557433434310e-05       2.842442362485e+02 
       7.644944389085e-05       2.874253076676e+02 
       7.733468672958e-05       2.906423361417e+02 
       7.823018019727e-05       2.938951163712e+02 
       7.913604299061e-05       2.971837602748e+02 
       8.005239518073e-05       3.005095703239e+02 
       8.097935822912e-05       3.038729356899e+02 
       8.191705500373e-05       3.072732967291e+02 
       8.286560979525e-05       3.107119697668e+02 
       8.382514833359e-05       3.141893780546e+02 
       8.479579780455e-05       3.177050403805e+02 
       8.577768686666e-05       3.212604488470e+02 
       8.677094566825e-05       3.248557474213e+02 
       8.777570586470e-05       3.284910946728e+02 
       8.879210063589e-05       3.321666618915e+02 
       8.982026470385e-05       3.358836035879e+02 
       9.086033435060e-05       3.396425535065e+02 
       9.191244743625e-05       3.434431618586e+02 
       9.297674341725e-05       3.472862150009e+02 
       9.405336336489e-05       3.511718318097e+02 
       9.514244998396e-05       3.551012592104e+02 
       9.624414763172e-05       3.590745784200e+02 
       9.735860233701e-05       3.630923013292e+02 
       9.848596181958e-05       3.671554054738e+02 
       9.962637550971e-05       3.712631299035e+02 
       1.007799945680e-04       3.754172372561e+02 
       1.019469719054e-04       3.796176885319e+02 
       1.031274622035e-04       3.838654430647e+02 
       1.043216219351e-04       3.881599508950e+02 
       1.055296093846e-04       3.925027014506e+02 
       1.067515846695e-04       3.968941595986e+02 
       1.079877097614e-04       4.013344069480e+02 
       1.092381485072e-04       4.058244771648e+02 
       1.105030666512e-04       4.103648342853e+02 
       1.117826318571e-04       4.149556806955e+02 
       1.130770137298e-04       4.195979850304e+02 
       1.143863838381e-04       4.242920764241e+02 
       1.157109157377e-04       4.290383893363e+02 
       1.170507849938e-04       4.338380486664e+02 
       1.184061692048e-04       4.386910648096e+02 
       1.197772480252e-04       4.435983253764e+02 
       1.211642031900e-04       4.485604339975e+02 
       1.225672185388e-04       4.535780591128e+02 
       1.239864800397e-04       4.586515666495e+02 
       1.254221758141e-04       4.637817768508e+02 
       1.268744961621e-04       4.689694474688e+02 
       1.283436335872e-04       4.742150252356e+02 
       1.298297828219e-04       4.795190515414e+02 
       1.313331408536e-04       4.848821346741e+02 
       1.328539069509e-04       4.903049173790e+02 
       1.343922826897e-04       4.957886762569e+02 
       1.359484719800e-04       5.013334257290e+02 
       1.375226810930e-04       5.069401711761e+02 
       1.391151186884e-04       5.126090605365e+02 
       1.407259958422e-04       5.183418371942e+02 
       1.423555260742e-04       5.241381015302e+02 
       1.440039253770e-04       5.299994225461e+02 
       1.456714122442e-04       5.359257061302e+02 
       1.473582076992e-04       5.419182996518e+02 
       1.490645353251e-04       5.479777193941e+02 
       1.507906212937e-04       5.540538536704e+02 
       1.525366943957e-04       5.602479683112e+02 
       1.543029860715e-04       5.665112656024e+02 
       1.560897304408e-04       5.728444422145e+02 
       1.578971643349e-04       5.792479644028e+02 
       1.597255273271e-04       5.857228829239e+02 
       1.615750617649e-04       5.922702088890e+02 
       1.634460128022e-04       5.988903776884e+02 
       1.653386284314e-04       6.055841473782e+02 
       1.672531595167e-04       6.123526269473e+02 
       1.691898598271e-04       6.191965992068e+02 
       1.711489860702e-04       6.261165915263e+02 
       1.731307979261e-04       6.331138654709e+02 
       1.751355580816e-04       6.401888290030e+02 
       1.771635322657e-04       6.473430313608e+02 
       1.792149892841e-04       6.545765913605e+02 
       1.812902010552e-04       6.618902962390e+02 
       1.833894426461e-04       6.692862002195e+02 
       1.855129923090e-04       6.767636823509e+02 
       1.876611315180e-04       6.843246690638e+02 
       1.898341450068e-04       6.919697063075e+02 
       1.920323208059e-04       6.996999659852e+02 
       1.942559502811e-04       7.075162677959e+02 
       1.965053281721e-04       7.154193114029e+02 
       1.987807526315e-04       7.234103459341e+02 
       2.010825252643e-04       7.314904279803e+02 
       2.034109511681e-04       7.396597750939e+02 
       2.057663389731e-04       7.479200862622e+02 
       2.081490008834e-04       7.562724243871e+02 
       2.105592527184e-04       7.647171732618e+02 
       2.129974139543e-04       7.732561030042e+02 
       2.154638077666e-04       7.818896566629e+02 
       2.179587610733e-04       7.906193103249e+02 
       2.204826045777e-04       7.994456697442e+02 
       2.230356728125e-04       8.083702803984e+02 
       2.256183041842e-04       8.173937441643e+02 
       2.282308410177e-04       8.265174626987e+02 
       2.308736296020e-04       8.357425643842e+02 
       2.335470202357e-04       8.450695330432e+02 
       2.362513672741e-04       8.545006168694e+02 
       2.389870291753e-04       8.640358448874e+02 
       2.417543685483e-04       8.736767401889e+02 
       2.445537522011e-04       8.834242895190e+02 
       2.473855511888e-04       8.932801540543e+02 
       2.502501408633e-04       9.032454073052e+02 
       2.531479009230e-04       9.133207634468e+02 
       2.560792154627e-04       9.235078242999e+02 
       2.590444730251e-04       9.338075378336e+02 
       2.620440666517e-04       9.442212719717e+02 
       2.650783939356e-04       9.547502766165e+02 
       2.681478570735e-04       9.653958702356e+02 
       2.712528629193e-04       9.761590988483e+02 
       2.743938230384e-04       9.870413895269e+02 
       2.775711537615e-04       9.980441294856e+02 
       2.807852762403e-04       1.009168207990e+03 
       2.840366165034e-04       1.020415319749e+03 
       2.873256055123e-04       1.031786703729e+03 
       2.906526792191e-04       1.043283653747e+03 
       2.940182786236e-04       1.054907400992e+03 
       2.974228498325e-04       1.066659500285e+03 
       3.008668441180e-04       1.078541221029e+03 
       3.043507179778e-04       1.090554049133e+03 
       3.078749331955e-04       1.102699239846e+03 
       3.114399569022e-04       1.114978339072e+03 
       3.150462616379e-04       1.127392726582e+03 
       3.186943254143e-04       1.139943839359e+03 
       3.223846317783e-04       1.152633257410e+03 
       3.261176698761e-04       1.165462168809e+03 
       3.298939345178e-04       1.178432388660e+03 
       3.337139262431e-04       1.191545130564e+03 
       3.375781513880e-04       1.204802195794e+03 
       3.414871221511e-04       1.218204839492e+03 
       3.454413566624e-04       1.231754757051e+03 
       3.494413790513e-04       1.245453491338e+03 
       3.534877195166e-04       1.259302578008e+03 
       3.575809143962e-04       1.273303671362e+03 
       3.617215062386e-04       1.287458245910e+03 
       3.659100438749e-04       1.301768123230e+03 
       3.701470824912e-04       1.316234729865e+03 
       3.744331837024e-04       1.330859895194e+03 
       3.787689156264e-04       1.345645166059e+03 
       3.831548529600e-04       1.360592256692e+03 
       3.875915770543e-04       1.375702834940e+03 
       3.920796759923e-04       1.390978659390e+03 
       3.966197446667e-04       1.406421317377e+03 
       4.012123848587e-04       1.422032881935e+03 
       4.058582053176e-04       1.437814783435e+03 
       4.105578218421e-04       1.453768887465e+03 
       4.153118573612e-04       1.469896936225e+03 
       4.201209420171e-04       1.486201000405e+03 
       4.249857132488e-04       1.502682452285e+03 
       4.299068158765e-04       1.519343671903e+03 
       4.348849021869e-04       1.536185996806e+03 
       4.399206320201e-04       1.553211650636e+03 
       4.450146728566e-04       1.570422281198e+03 
       4.501676999059e-04       1.587820035090e+03 
       4.553803961963e-04       1.605406546657e+03 
       4.606534526649e-04       1.623184024592e+03 
       4.659875682497e-04       1.641154183922e+03 
       4.713834499819e-04       1.659319224062e+03 
       4.768418130798e-04       1.677680927277e+03 
       4.823633810436e-04       1.696241597909e+03 
       4.879488857510e-04       1.715002716964e+03 
       4.935990675548e-04       1.733966923666e+03 
       4.993146753802e-04       1.753135779486e+03 
       5.050964668251e-04       1.772511911412e+03 
       5.109452082595e-04       1.792096691617e+03 
       5.168616749279e-04       1.811892909825e+03 
       5.228466510514e-04       1.831902263261e+03 
       5.289009299322e-04       1.852126909397e+03 
       5.350253140584e-04       1.872569354255e+03 
       5.412206152104e-04       1.893231207265e+03 
       5.474876545687e-04       1.914115281675e+03 
       5.538272628227e-04       1.935223330818e+03 
       5.602402802804e-04       1.956557967353e+03 
       5.667275569805e-04       1.978121030729e+03 
       5.732899528044e-04       1.999914942730e+03 
       5.799283375905e-04       2.021942052141e+03 
       5.866435912497e-04       2.044204389400e+03 
       5.934366038814e-04       2.066704873390e+03 
       6.003082758922e-04       2.089445286444e+03 
       6.072595181147e-04       2.112428136477e+03 
       6.142912519286e-04       2.135655773494e+03 
       6.214044093826e-04       2.159130633758e+03 
       6.285999333179e-04       2.182855171527e+03 
       6.358787774936e-04       2.206831423821e+03 
       6.432419067124e-04       2.231062436513e+03 
       6.506902969492e-04       2.255550224742e+03 
       6.582249354801e-04       2.280297515679e+03 
       6.658468210132e-04       2.305306479897e+03 
       6.735569638212e-04       2.330580048718e+03 
       6.813563858752e-04       2.356120495503e+03 
       6.892461209802e-04       2.381930191782e+03 
       6.972272149119e-04       2.408012099274e+03 
       7.053007255557e-04       2.434368604978e+03 
       7.134677230468e-04       2.461002143210e+03 
       7.217292899117e-04       2.487915509954e+03 
       7.300865212123e-04       2.515111354599e+03 
       7.385405246904e-04       2.542592288267e+03 
       7.470924209151e-04       2.570361081570e+03 
       7.557433434310e-04       2.598419972344e+03 
       7.644944389085e-04       2.626771920498e+03 
       7.733468672958e-04       2.655420316375e+03 
       7.823018019727e-04       2.684366504250e+03 
       7.913604299061e-04       2.713614250058e+03 
       8.005239518073e-04       2.743165958516e+03 
       8.097935822912e-04       2.773025171394e+03 
       8.191705500373e-04       2.803193391911e+03 
       8.286560979525e-04       2.833673252287e+03 
       8.382514833359e-04       2.864469941052e+03 
       8.479579780455e-04       2.895583815430e+03 
       8.577768686666e-04       2.927018116663e+03 
       8.677094566825e-04       2.958776382963e+03 
       8.777570586470e-04       2.990862779557e+03 
       8.879210063589e-04       3.023277460229e+03 
       8.982026470385e-04       3.056023850367e+03 
       9.086033435060e-04       3.089106801948e+03 
       9.191244743625e-04       3.122527690429e+03 
       9.297674341725e-04       3.156288169383e+03 
       9.405336336489e-04       3.190395433913e+03 
       9.514244998396e-04       3.224849490714e+03 
       9.624414763173e-04       3.259652416006e+03 
       9.735860233701e-04       3.294809046160e+03 
       9.848596181958e-04       3.330321798738e+03 
       9.962637550971e-04       3.366193618447e+03 
       1.007799945680e-03       3.402427812317e+03 
       1.019469719054e-03       3.439027264770e+03 
       1.031274622035e-03       3.475993955258e+03 
       1.043216219351e-03       3.513332475381e+03 
       1.055296093846e-03       3.551045015547e+03 
       1.067515846695e-03       3.589135835262e+03 
       1.079877097614e-03       3.627605994550e+03 
       1.092381485072e-03       3.666458508470e+03 
       1.105030666512e-03       3.705698794550e+03 
       1.117826318571e-03       3.745329745443e+03 
       1.130770137298e-03       3.785350400270e+03 
       1.143863838381e-03       3.825770041689e+03 
       1.157109157377e-03       3.866585124128e+03 
       1.170507849938e-03       3.907802961487e+03 
       1.184061692048e-03       3.949428341658e+03 
       1.197772480252e-03       3.991460036435e+03 
       1.211642031900e-03       4.033903994859e+03 
       1.225672185388e-03       4.076758941224e+03 
       1.239864800397e-03       4.120035157049e+03 
       1.254221758141e-03       4.163726101649e+03 
       1.268744961621e-03       4.207845912571e+03 
       1.283436335872e-03       4.252387575840e+03 
       1.298297828219e-03       4.297361807236e+03 
       1.313331408536e-03       4.342765567652e+03 
       1.328539069510e-03       4.388605802143e+03 
       1.343922826897e-03       4.434885747591e+03 
       1.359484719800e-03       4.481607113024e+03 
       1.375226810930e-03       4.528772084746e+03 
       1.391151186884e-03       4.576384761718e+03 
       1.407259958422e-03       4.624448667019e+03 
       1.423555260742e-03       4.672966129684e+03 
       1.440039253770e-03       4.721938408432e+03 
       1.456714122442e-03       4.771371176294e+03 
       1.473582076992e-03       4.821265528298e+03 
       1.490645353251e-03       4.871625827684e+03 
       1.507906212937e-03       4.922455560043e+03 
       1.525366943957e-03       4.973749355104e+03 
       1.543029860715e-03       5.025520276594e+03 
       1.560897304408e-03       5.077767379908e+03 
       1.578971643349e-03       5.130491607655e+03 
       1.597255273271e-03       5.183695688494e+03 
       1.615750617649e-03       5.237388973433e+03 
       1.634460128022e-03       5.291565741098e+03 
       1.653386284314e-03       5.346235148427e+03 
       1.672531595167e-03       5.401396237618e+03 
       1.691898598271e-03       5.457052231552e+03 
       1.711489860702e-03       5.513207011184e+03 
       1.731307979261e-03       5.569863906282e+03 
       1.751355580816e-03       5.627021191504e+03 
       1.771635322657e-03       5.684685672030e+03 
       1.792149892841e-03       5.742859020839e+03 
       1.812902010552e-03       5.801542800740e+03 
       1.833894426461e-03       5.860738779479e+03 
       1.855129923090e-03       5.920451476052e+03 
       1.876611315180e-03       5.980680086640e+03 
       1.898341450068e-03       6.041427903230e+03 
       1.920323208059e-03       6.102696151731e+03 
       1.942559502811e-03       6.164489719057e+03 
       1.965053281721e-03       6.226809163456e+03 
       1.987807526315e-03       6.289656851343e+03 
       2.010825252643e-03       6.353034264076e+03 
       2.034109511681e-03       6.416943640781e+03 
       2.057663389731e-03       6.481385988015e+03 
       2.081490008835e-03       6.546364252186e+03 
       2.105592527184e-03       6.611879043478e+03 
       2.129974139543e-03       6.677932642895e+03 
       2.154638077666e-03       6.744524898147e+03 
       2.179587610733e-03       6.811660645454e+03 
       2.204826045777e-03       6.879338154161e+03 
       2.230356728125e-03       6.947559922833e+03 
       2.256183041842e-03       7.016327380399e+03 
       2.282308410177e-03       7.085641699297e+03 
       2.308736296020e-03       7.155503912031e+03 
       2.335470202357e-03       7.225914783536e+03 
       2.362513672741e-03       7.296874976798e+03 
       2.389870291753e-03       7.368385411414e+03 
       2.417543685483e-03       7.440447711416e+03 
       2.445537522011e-03       7.513060857516e+03 
       2.473855511888e-03       7.586226644699e+03 
       2.502501408633e-03       7.659945572156e+03 
       2.531479009230e-03       7.734217103901e+03 
       2.560792154627e-03       7.809041733994e+03 
       2.590444730251e-03       7.884419822483e+03 
       2.620440666517e-03       7.960351394136e+03 
       2.650783939356e-03       8.036836182270e+03 
       2.681478570735e-03       8.113873797085e+03 
       2.712528629194e-03       8.191463825869e+03 
       2.743938230384e-03       8.269606063663e+03 
       2.775711537615e-03       8.348299827895e+03 
       2.807852762403e-03       8.427544154600e+03 
       2.840366165034e-03       8.507338103264e+03 
       2.873256055123e-03       8.587681459625e+03 
       2.906526792191e-03       8.668572365017e+03 
       2.940182786236e-03       8.750009106210e+03 
       2.974228498325e-03       8.831991325352e+03 
       3.008668441180e-03       8.914516853215e+03 
       3.043507179778e-03       8.997583622147e+03 
       3.078749331955e-03       9.081190759893e+03 
       3.114399569023e-03       9.165335012405e+03 
       3.150462616379e-03       9.250015045610e+03 
       3.186943254143e-03       9.335228229341e+03 
       3.223846317783e-03       9.420971788507e+03 
       3.261176698761e-03       9.507243069225e+03 
       3.298939345178e-03       9.594039333731e+03 
       3.337139262431e-03       9.681357518752e+03 
       3.375781513880e-03       9.769194333994e+03 
       3.414871221511e-03       9.857546076033e+03 
       3.454413566624e-03       9.946409737213e+03 
       3.494413790513e-03       1.003578088912e+04 
       3.534877195166e-03       1.012565523238e+04 
       3.575809143962e-03       1.021602963843e+04 
       3.617215062386e-03       1.030689902197e+04 
       3.659100438749e-03       1.039825898277e+04 
       3.701470824912e-03       1.049010427855e+04 
       3.744331837024e-03       1.058242987207e+04 
       3.787689156264e-03       1.067523057029e+04 
       3.831548529600e-03       1.076850147606e+04 
       3.875915770543e-03       1.086223736859e+04 
       3.920796759923e-03       1.095642936252e+04 
       3.966197446667e-03       1.105107408820e+04 
       4.012123848587e-03       1.114616480317e+04 
       4.058582053176e-03       1.124169386692e+04 
       4.105578218421e-03       1.133765455599e+04 
       4.153118573612e-03       1.143404082528e+04 
       4.201209420171e-03       1.153084430132e+04 
       4.249857132488e-03       1.162805787477e+04 
       4.299068158765e-03       1.172567326037e+04 
       4.348849021869e-03       1.182368252417e+04 
       4.399206320201e-03       1.192207720208e+04 
       4.450146728566e-03       1.202084859489e+04 
       4.501676999059e-03       1.211998817315e+04 
       4.553803961963e-03       1.221948690004e+04 
       4.606534526649e-03       1.231933429004e+04 
       4.659875682497e-03       1.241951999046e+04 
       4.713834499819e-03       1.252003641657e+04 
       4.768418130798e-03       1.262087118759e+04 
       4.823633810436e-03       1.272201264427e+04 
       4.879488857510e-03       1.282344698625e+04 
       4.935990675548e-03       1.292518070508e+04 
       4.993146753802e-03       1.302717967742e+04 
       5.050964668251e-03       1.312943442466e+04 
       5.109452082595e-03       1.323192524258e+04 
       5.168616749279e-03       1.333469748824e+04 
       5.228466510514e-03       1.343769265007e+04 
       5.289009299322e-03       1.354089085859e+04 
       5.350253140584e-03       1.364427774629e+04 
       5.412206152104e-03       1.374780544272e+04 
       5.474876545688e-03       1.385153656874e+04 
       5.538272628227e-03       1.395540521712e+04 
       5.602402802804e-03       1.405947274396e+04 
       5.667275569805e-03       1.416359064413e+04 
       5.732899528044e-03       1.426800836282e+04 
       5.799283375905e-03       1.437237442203e+04 
       5.866435912497e-03       1.447683155249e+04 
       5.934366038814e-03       1.458131489776e+04 
       6.003082758922e-03       1.468577530752e+04 
       6.072595181147e-03       1.479046751513e+04 
       6.142912519286e-03       1.489506667514e+04 
       6.214044093826e-03       1.499967000221e+04 
       6.285999333179e-03       1.510427155199e+04 
       6.358787774936e-03       1.520880187142e+04 
       6.432419067124e-03       1.531329056132e+04 
       6.506902969492e-03       1.541761034931e+04 
       6.582249354801e-03       1.552186676337e+04 
       6.658468210132e-03       1.562601039337e+04 
       6.735569638213e-03       1.573001674916e+04 
       6.813563858753e-03       1.583384290473e+04 
       6.892461209802e-03       1.593749320753e+04 
       6.972272149119e-03       1.604086778064e+04 
       7.053007255557e-03       1.614401237001e+04 
       7.134677230468e-03       1.624694220322e+04 
       7.217292899117e-03       1.634957793004e+04 
       7.300865212123e-03       1.645187669418e+04 
       7.385405246904e-03       1.655389984559e+04 
       7.470924209151e-03       1.665555731479e+04 
       7.557433434310e-03       1.675690202384e+04 
       7.644944389085e-03       1.685772217228e+04 
       7.733468672958e-03       1.695822683450e+04 
       7.823018019727e-03       1.705821028591e+04 
       7.913604299061e-03       1.715766706004e+04 
       8.005239518073e-03       1.725673168480e+04 
       8.097935822912e-03       1.735521550800e+04 
       8.191705500373e-03       1.745304029411e+04 
       8.286560979525e-03       1.755041292242e+04 
       8.382514833359e-03       1.764702283269e+04 
       8.479579780455e-03       1.774311619840e+04 
       8.577768686666e-03       1.783840815949e+04 
       8.677094566825e-03       1.793303772916e+04 
       8.777570586471e-03       1.802693350140e+04 
       8.879210063590e-03       1.812005228986e+04 
       8.982026470385e-03       1.821236769733e+04 
       9.086033435060e-03       1.830382383832e+04 
       9.191244743625e-03       1.839443895100e+04 
       9.297674341726e-03       1.848413623368e+04 
       9.405336336489e-03       1.857293822394e+04 
       9.514244998396e-03       1.866071819935e+04 
       9.624414763173e-03       1.874759772965e+04 
       9.735860233701e-03       1.883327490003e+04 
       9.848596181958e-03       1.891801383746e+04 
       9.962637550971e-03       1.900153823050e+04 
       1.007799945680e-02       1.908402306743e+04 
       1.019469719054e-02       1.916528679698e+04 
       1.031274622035e-02       1.924525844323e+04 
       1.043216219351e-02       1.932403834514e+04 
       1.055296093846e-02       1.940156700195e+04 
       1.067515846695e-02       1.947767926768e+04 
       1.079877097614e-02       1.955249435965e+04 
       1.092381485072e-02       1.962588397212e+04 
       1.105030666512e-02       1.969790816136e+04 
       1.117826318571e-02       1.976815520841e+04 
       1.130770137298e-02       1.983725491610e+04 
       1.143863838381e-02       1.990465687291e+04 
       1.157109157377e-02       1.997048135616e+04 
       1.170507849938e-02       2.003460570125e+04 
       1.184061692048e-02       2.009704733465e+04 
       1.197772480252e-02       2.015786142135e+04 
       1.211642031901e-02       2.021683422400e+04 
       1.225672185388e-02       2.027402998461e+04 
       1.239864800397e-02       2.032936975222e+04 
       1.254221758141e-02       2.038284572439e+04 
       1.268744961621e-02       2.043447564617e+04 
       1.283436335872e-02       2.048397373615e+04 
       1.298297828219e-02       2.053159939073e+04 
       1.313331408536e-02       2.057711465680e+04 
       1.328539069510e-02       2.062059527902e+04 
       1.343922826898e-02       2.066189858843e+04 
       1.359484719800e-02       2.070105632112e+04 
       1.375226810931e-02       2.073802293720e+04 
       1.391151186885e-02       2.077275569998e+04 
       1.407259958422e-02       2.080515463109e+04 
       1.423555260743e-02       2.083517949385e+04 
       1.440039253772e-02       2.086290517545e+04 
       1.456714122444e-02       2.088830540586e+04 
       1.473582076997e-02       2.091111373757e+04 
       1.490645353258e-02       2.093148007291e+04 
       1.507906212947e-02       2.094926081071e+04 
       1.525366943974e-02       2.096450308741e+04 
       1.543029860740e-02       2.097715965216e+04 
       1.560897304447e-02       2.098718453267e+04 
       1.578971643407e-02       2.099468250333e+04 
       1.597255273358e-02       2.099922764962e+04 
       1.615750617779e-02       2.100104809105e+04 
       1.634460128215e-02       2.100018120435e+04 
       1.653386284599e-02       2.099665766688e+04 
       1.672531595586e-02       2.098995400913e+04 
       1.691898598885e-02       2.098059368349e+04 
       1.711489861596e-02       2.096820339725e+04 
       1.731307980555e-02       2.095300275955e+04 
       1.751355582682e-02       2.093480039271e+04 
       1.771635325335e-02       2.091375839296e+04 
       1.792149896664e-02       2.088941121737e+04 
       1.812902015985e-02       2.086228837876e+04 
       1.833894434145e-02       2.083193842745e+04 
       1.855129933908e-02       2.079874906342e+04 
       1.876611330341e-02       2.076216047210e+04 
       1.898341471217e-02       2.072263784757e+04 
       1.920323237428e-02       2.067997460492e+04 
       1.942559543414e-02       2.063419130576e+04 
       1.965053337608e-02       2.058533355366e+04 
       1.987807602903e-02       2.053326531911e+04 
       2.010825357146e-02       2.047800637740e+04 
       2.034109653661e-02       2.041963129566e+04 
       2.057663581813e-02       2.035822419406e+04 
       2.081490267608e-02       2.029337027580e+04 
       2.105592874359e-02       2.022560397347e+04 
       2.129974603407e-02       2.015469860661e+04 
       2.154638694923e-02       2.008049143115e+04 
       2.179588428808e-02       2.000324578649e+04 
       2.204827125696e-02       1.992289725316e+04 
       2.230358148094e-02       1.983955509172e+04 
       2.256184901678e-02       1.975301044550e+04 
       2.282310836772e-02       1.966349299485e+04 
       2.308739450046e-02       1.957121977122e+04 
       2.335474286463e-02       1.947566460041e+04 
       2.362518941527e-02       1.937716516691e+04 
       2.389877063868e-02       1.927583157061e+04 
       2.417552358225e-02       1.917172513085e+04 
       2.445548588883e-02       1.906460114722e+04 
       2.473869583623e-02       1.895494512210e+04 
       2.502519238277e-02       1.884257875282e+04 
       2.531501521937e-02       1.872747033696e+04 
       2.560820482932e-02       1.860991015331e+04 
       2.590480255650e-02       1.848967648502e+04 
       2.620485068309e-02       1.836693157985e+04 
       2.650839251789e-02       1.824201415846e+04 
       2.681547249632e-02       1.811466699401e+04 
       2.712613629337e-02       1.798502860901e+04 
       2.744043095071e-02       1.785335106925e+04 
       2.775840501940e-02       1.771958978787e+04 
       2.808010871938e-02       1.758368791112e+04 
       2.840559411739e-02       1.744614388220e+04 
       2.873491532461e-02       1.730658373806e+04 
       2.906812871564e-02       1.716543476204e+04 
       2.940529317017e-02       1.702270917484e+04 
       2.974647033915e-02       1.687836008038e+04 
       3.009172493667e-02       1.673289414648e+04 
       3.044112505945e-02       1.658588583760e+04 
       3.079474253529e-02       1.643781822576e+04 
       3.115265330219e-02       1.628858978920e+04 
       3.151493781964e-02       1.613848386105e+04 
       3.188168151384e-02       1.598749667621e+04 
       3.225297525842e-02       1.583573864763e+04 
       3.262891589237e-02       1.568332362618e+04 
       3.300960677702e-02       1.553049766469e+04 
       3.339515839389e-02       1.537716318912e+04 
       3.378568898538e-02       1.522358829943e+04 
       3.418132524059e-02       1.506986670340e+04 
       3.458220302837e-02       1.491614107025e+04 
       3.498846818037e-02       1.476235222909e+04 
       3.540027732697e-02       1.460872326645e+04 
       3.581779878906e-02       1.445537580474e+04 
       3.624121352952e-02       1.430245767139e+04 
       3.667071616833e-02       1.414988589679e+04 
       3.710651606582e-02       1.399796199711e+04 
       3.754883847938e-02       1.384666133971e+04 
       3.799792579925e-02       1.369623832353e+04 
       3.845403887016e-02       1.354665699703e+04 
       3.891745840594e-02       1.339787920364e+04 
       3.938848650555e-02       1.325029832009e+04 
       3.986744827976e-02       1.310384136681e+04 
       4.035469359859e-02       1.295859828623e+04 
       4.085059897118e-02       1.281464626881e+04 
       4.135556957064e-02       1.267207479748e+04 
       4.187004141792e-02       1.253090822399e+04 
       4.239448374002e-02       1.239119029445e+04 
       4.292940151947e-02       1.225303310112e+04 
       4.347533825354e-02       1.211654607232e+04 
       4.403287894297e-02       1.198179020216e+04 
       4.460265333200e-02       1.184862214917e+04 
       4.518533942290e-02       1.171722822249e+04 
       4.578166728968e-02       1.158764066046e+04 
       4.639242321736e-02       1.145970939922e+04 
       4.701845419420e-02       1.133362017219e+04 
       4.766067278557e-02       1.120929442094e+04 
       4.832006241828e-02       1.108675766701e+04 
       4.899768310466e-02       1.096586508832e+04 
       4.969467763435e-02       1.084658856520e+04 
       5.041227825991e-02       1.072884372883e+04 
       5.115181389887e-02       1.061246344073e+04 
       5.191471786925e-02       1.049733643006e+04 
       5.270253616753e-02       1.038313674486e+04 
       5.351693628695e-02       1.026977119694e+04 
       5.435971655837e-02       1.015691814792e+04 
       5.523281597605e-02       1.004425974900e+04 
       5.613832444365e-02       9.931147238183e+03 
       5.707849334253e-02       9.817102310894e+03 
       5.805574628159e-02       9.701582745845e+03 
       5.907268983558e-02       9.583729705360e+03 
       6.013212401557e-02       9.462829466174e+03 
       6.123705214022e-02       9.337872425266e+03 
       6.239068968964e-02       9.207663308773e+03 
       6.359647162686e-02       9.071165967284e+03 
       6.485805756724e-02       8.926947514207e+03 
       6.617933407004e-02       8.773671304487e+03 
       6.756441322729e-02       8.609948188142e+03 
       6.901762664538e-02       8.434344272403e+03 
       7.054351387334e-02       8.245538151095e+03 
       7.214680434911e-02       8.042510249540e+03 
       7.383239203815e-02       7.824501942295e+03 
       7.560530215432e-02       7.591338068024e+03 
       7.747064970491e-02       7.343442304351e+03 
       7.943359010579e-02       7.082145161861e+03 
       8.149926276609e-02       6.809599402279e+03 
       8.367272931709e-02       6.529196903267e+03 
       8.595890899640e-02       6.245117216524e+03 
       8.836251450102e-02       5.962508676715e+03 
       9.088799226809e-02       5.687128985492e+03 
       9.353947149424e-02       5.424720210613e+03 
       9.632072614409e-02       5.180698380445e+03 
       9.923515365006e-02       4.959242144161e+03 
       1.022857729728e-01       4.762991588432e+03 
       1.054752432640e-01       4.592230178035e+03 
       1.088059027268e-01       4.444529418951e+03 
       1.122798256299e-01       4.314939329917e+03 
       1.158988940342e-01       4.195952973189e+03 
       1.196648798118e-01       4.078651978365e+03 
       1.235795320948e-01       3.953853783418e+03 
       1.276446653631e-01       3.814014714004e+03 
       1.318622439044e-01       3.655206055816e+03 
       1.362344591916e-01       3.478335444703e+03 
       1.407637976655e-01       3.289508997699e+03 
       1.454530973403e-01       3.098638674681e+03 
       1.503055924327e-01       2.917170357337e+03 
       1.553249458093e-01       2.755192823769e+03 
       1.605152694027e-01       2.618629310905e+03 
       1.658811328906e-01       2.508256117524e+03 
       1.714275608804e-01       2.419068945960e+03 
       1.771600186446e-01       2.341685500630e+03 
       1.830843861467e-01       2.265248045338e+03 
       1.892069197265e-01       2.180951938249e+03 
       1.955342004157e-01       2.084268794079e+03 
       2.020730674713e-01       1.978077306912e+03 
       2.088305353765e-01       1.871139923430e+03 
       2.158136923177e-01       1.773166700436e+03 
       2.230295780506e-01       1.689747679153e+03 
       2.304850391784e-01       1.621074170700e+03 
       2.381865602585e-01       1.562693093417e+03 
       2.461400699051e-01       1.507310966085e+03 
       2.543507222552e-01       1.448469569616e+03 
       2.628226558643e-01       1.384964992870e+03 
       2.715587343533e-01       1.320628599541e+03 
       2.805602758804e-01       1.260877577383e+03 
       2.898267816599e-01       1.209262792833e+03 
       2.993556770224e-01       1.164739212163e+03 
       3.091420815273e-01       1.123153545105e+03 
       3.191786268532e-01       1.081434985256e+03 
       3.294553420164e-01       1.039184630680e+03 
       3.399596242921e-01       9.985753434032e+02 
       3.506763106334e-01       9.617756069309e+02 
       3.615878582991e-01       9.287923672567e+02 
       3.726746351809e-01       8.982405403212e+02 
       3.839153108331e-01       8.686155516245e+02 
       3.952873297315e-01       8.399994296582e+02 
       4.067674402678e-01       8.130921686562e+02 
       4.183322477477e-01       7.883110206534e+02 
       4.299587580365e-01       7.654091763903e+02 
       4.416248806930e-01       7.438841546732e+02 
       4.533098659100e-01       7.234909241640e+02 
       4.649946573051e-01       7.041550421365e+02 
       4.766621512377e-01       6.860435684129e+02 
       4.882973616120e-01       6.691299110410e+02 
       4.998874960597e-01       6.533060469025e+02 
       5.114219544271e-01       6.383332883130e+02 
       5.228922634500e-01       6.241506651039e+02 
       5.342919625841e-01       6.107350824062e+02 
       5.456164555382e-01       5.980829568972e+02 
       5.568628406089e-01       5.861262782296e+02 
       5.680297308735e-01       5.747788720787e+02 
       5.791170730408e-01       5.639951232464e+02 
       5.901259715530e-01       5.537135372734e+02 
       6.010585225440e-01       5.439217649601e+02 
       6.119176605801e-01       5.345726622680e+02 
       6.227070197674e-01       5.256454214307e+02 
       6.334308097845e-01       5.170967532159e+02 
       6.440937066590e-01       5.088921005548e+02 
       6.547007576016e-01       5.010131554043e+02 
       6.652572988951e-01       4.934277401792e+02 
       6.757688856616e-01       4.861265419629e+02 
       6.862412322612e-01       4.790805440781e+02 
       6.966801620803e-01       4.722743208576e+02 
       7.070915655205e-01       4.656910091537e+02 
       7.174813650786e-01       4.593093870204e+02 
       7.278554865089e-01       4.531231725974e+02 
       7.382198351642e-01       4.471127515902e+02 
       7.485802767121e-01       4.412705466407e+02 
       7.589426215299e-01       4.355840462608e+02 
       7.693126121694e-01       4.300404010586e+02 
       7.796959133704e-01       4.246349339409e+02 
       7.900981041800e-01       4.193537562325e+02 
       8.005246717989e-01       4.141930537929e+02 
       8.109810068408e-01       4.091434105289e+02 
       8.214723997384e-01       4.041976346038e+02 
       8.320040380792e-01       3.993517244698e+02 
       8.425810046908e-01       3.945962628611e+02 
       8.532082763299e-01       3.899294537835e+02 
       8.638907228587e-01       3.853436103522e+02 
       8.746331068160e-01       3.808354000451e+02 
       8.854400833105e-01       3.764008253493e+02 
       8.963162001835e-01       3.720343435399e+02 
       9.072658984006e-01       3.677345470953e+02 
       9.182935126444e-01       3.634955138683e+02 
       9.294032720901e-01       3.593163356129e+02 
       9.405993013551e-01       3.551924002357e+02 
       9.518856216161e-01       3.511218993709e+02 
       9.632661518958e-01       3.471021706891e+02 
       9.747447105220e-01       3.431304259656e+02 
       9.863250167630e-01       3.392051128988e+02 
       9.980106926476e-01       3.353234703677e+02 
       1.009805264973e+00       3.314847084365e+02 
       1.021712167508e+00       3.276859242330e+02 
       1.033734743394e+00       3.239267201823e+02 
       1.045876247742e+00       3.202044520492e+02 
       1.058139850434e+00       3.165188744880e+02 
       1.070528639114e+00       3.128676758995e+02 
       1.083045622370e+00       3.092508231326e+02 
       1.095693733091e+00       3.056661487276e+02 
       1.108475832001e+00       3.021136540443e+02 
       1.121394711327e+00       2.985916433153e+02 
       1.134453098624e+00       2.951000016476e+02 
       1.147653660694e+00       2.916373217276e+02 
       1.160999007614e+00       2.882035085447e+02 
       1.174491696830e+00       2.847973018257e+02 
       1.188134237293e+00       2.814187083579e+02 
       1.201929093629e+00       2.780666406625e+02 
       1.215878690305e+00       2.747410615350e+02 
       1.229985415760e+00       2.714411573111e+02 
       1.244251626510e+00       2.681667045506e+02 
       1.258679651162e+00       2.649172874772e+02 
       1.273271794354e+00       2.616924615706e+02 
       1.288030340581e+00       2.584921023568e+02 
       1.302957557900e+00       2.553156458171e+02 
       1.318055701493e+00       2.521631027905e+02 
       1.333327017085e+00       2.490340288203e+02 
       1.348773744202e+00       2.459282728123e+02 
       1.364398119260e+00       2.428457033544e+02 
       1.380202378486e+00       2.397859798596e+02 
       1.396188760663e+00       2.367490930615e+02 
       1.412359509708e+00       2.337348142660e+02 
       1.428716877069e+00       2.307429797718e+02 
       1.445263123956e+00       2.277735566592e+02 
       1.462000523416e+00       2.248263510334e+02 
       1.478931362236e+00       2.219012770890e+02 
       1.496057942705e+00       2.189983033111e+02 
       1.513382584230e+00       2.161172953700e+02 
       1.530907624821e+00       2.132581854912e+02 
       1.548635422444e+00       2.104209651180e+02 
       1.566568356261e+00       2.076055554869e+02 
       1.584708827772e+00       2.048118960258e+02 
       1.603059261846e+00       2.020399929167e+02 
       1.621622107671e+00       1.992898100724e+02 
       1.640399839631e+00       1.965613028056e+02 
       1.659394958099e+00       1.938544727643e+02 
       1.678609990180e+00       1.911693217857e+02 
       1.698047490392e+00       1.885058420703e+02 
       1.717710041300e+00       1.858640245064e+02 
       1.737600254114e+00       1.832438782184e+02 
       1.757720769241e+00       1.806454206712e+02 
       1.778074256820e+00       1.780686705114e+02 
       1.798663417217e+00       1.755136426677e+02 
       1.819490981512e+00       1.729803545730e+02 
       1.840559711961e+00       1.704688330631e+02 
       1.861872402444e+00       1.679791095659e+02 
       1.883431878909e+00       1.655112145083e+02 
       1.905240999797e+00       1.630651808891e+02 
       1.927302656468e+00       1.606410404517e+02 
       1.949619773622e+00       1.582388298350e+02 
       1.972195309716e+00       1.558585808452e+02 
       1.995032257375e+00       1.535003368898e+02 
       2.018133643814e+00       1.511641336161e+02 
       2.041502531246e+00       1.488500080944e+02 
       2.065142017308e+00       1.465580015002e+02 
       2.089055235472e+00       1.442881499319e+02 
       2.113245355472e+00       1.420404904136e+02 
       2.137715583730e+00       1.398150589995e+02 
       2.162469163783e+00       1.376118898188e+02 
       2.187509376717e+00       1.354310162800e+02 
       2.212839541602e+00       1.332724693099e+02 
       2.238463015939e+00       1.311362784739e+02 
       2.264383196100e+00       1.290224701725e+02 
       2.290603517785e+00       1.269310686556e+02 
       2.317127456473e+00       1.248620951099e+02 
       2.343958527888e+00       1.228155672354e+02 
       2.371100288461e+00       1.207914999031e+02 
       2.398556335806e+00       1.187899040783e+02 
       2.426330309192e+00       1.168107869349e+02 
       2.454425890030e+00       1.148541516368e+02 
       2.482846802360e+00       1.129199971064e+02 
       2.511596813344e+00       1.110083179475e+02 
       2.540679733765e+00       1.091191042235e+02 
       2.570099418532e+00       1.072523413357e+02 
       2.599859767193e+00       1.054080097368e+02 
       2.629964724449e+00       1.035860850722e+02 
       2.660418280681e+00       1.017865376647e+02 
       2.691224472475e+00       1.000093328574e+02 
       2.722387383157e+00       9.825443084981e+01 
       2.753911143338e+00       9.652178631423e+01 
       2.785799931458e+00       9.481134869240e+01 
       2.818057974342e+00       9.312306202775e+01 
       2.850689547757e+00       9.145686492759e+01 
       2.883698976985e+00       8.981269058954e+01 
       2.917090637388e+00       8.819046680048e+01 
       2.950868954996e+00       8.659011591310e+01 
       2.985038407087e+00       8.501155495519e+01 
       3.019603522786e+00       8.345469557769e+01 
       3.054568883661e+00       8.191944420220e+01 
       3.089939124333e+00       8.040570202117e+01 
       3.125718933089e+00       7.891336509451e+01 
       3.161913052504e+00       7.744232444281e+01 
       3.198526280070e+00       7.599246613047e+01 
       3.235563468829e+00       7.456367136994e+01 
       3.273029528021e+00       7.315581663754e+01 
       3.310929423732e+00       7.176877378060e+01 
       3.349268179552e+00       7.040241015547e+01 
       3.388050877241e+00       6.905658874445e+01 
       3.427282657404e+00       6.773116829720e+01 
       3.466968720172e+00       6.642600346855e+01 
       3.507114325887e+00       6.514094495781e+01 
       3.547724795808e+00       6.387583965920e+01 
       3.588805512808e+00       6.263053080691e+01 
       3.630361922091e+00       6.140485812754e+01 
       3.672399531915e+00       6.019865799068e+01 
       3.714923914319e+00       5.901176356292e+01 
       3.757940705864e+00       5.784400496145e+01 
       3.801455608379e+00       5.669520940777e+01 
       3.845474389717e+00       5.556520138172e+01 
       3.890002884520e+00       5.445380277492e+01 
       3.935046994992e+00       5.336083304295e+01 
       3.980612691681e+00       5.228610935691e+01 
       4.026706014271e+00       5.122944675340e+01 
       4.073333072381e+00       5.019065828298e+01 
       4.120500046378e+00       4.916955515667e+01 
       4.168213188193e+00       4.816594689054e+01 
       4.216478822152e+00       4.717964144811e+01 
       4.265303345810e+00       4.621044538041e+01 
       4.314693230808e+00       4.525816396355e+01 
       4.364655023719e+00       4.432260133373e+01 
       4.415195346927e+00       4.340356061957e+01 
       4.466320899495e+00       4.250084407169e+01 
       4.518038458061e+00       4.161425318942e+01 
       4.570354877730e+00       4.074358884454e+01 
       4.623277092989e+00       3.988865140220e+01 
       4.676812118618e+00       3.904924083869e+01 
       4.730967050627e+00       3.822515685618e+01 
       4.785749067195e+00       3.741619899448e+01 
       4.841165429618e+00       3.662216673953e+01 
       4.897223483275e+00       3.584285962891e+01 
       4.953930658600e+00       3.507807735415e+01 
       5.011294472068e+00       3.432761985986e+01 
       5.069322527190e+00       3.359128743981e+01 
       5.128022515523e+00       3.286888082981e+01 
       5.187402217685e+00       3.216020129744e+01 
       5.247469504392e+00       3.146505072873e+01 
       5.308232337498e+00       3.078323171167e+01 
       5.369698771051e+00       3.011454761670e+01 
       5.431876952360e+00       2.945880267405e+01 
       5.494775123076e+00       2.881580204816e+01 
       5.558401620282e+00       2.818535190900e+01 
       5.622764877602e+00       2.756725950049e+01 
       5.687873426316e+00       2.696133320593e+01 
       5.753735896492e+00       2.636738261057e+01 
       5.820361018129e+00       2.578521856127e+01 
       5.887757622315e+00       2.521465322345e+01 
       5.955934642396e+00       2.465550013514e+01 
       6.024901115162e+00       2.410757425837e+01 
       6.094666182046e+00       2.357069202792e+01 
       6.165239090330e+00       2.304467139734e+01 
       6.236629194378e+00       2.252933188246e+01 
       6.308845956870e+00       2.202449460240e+01 
       6.381898950060e+00       2.152998231801e+01 
       6.455797857044e+00       2.104561946799e+01 
       6.530552473041e+00       2.057123220256e+01 
       6.606172706694e+00       2.010664841492e+01 
       6.682668581384e+00       1.965169777033e+01 
       6.760050236557e+00       1.920621173309e+01 
       6.838327929065e+00       1.877002359136e+01 
       6.917512034534e+00       1.834296847986e+01 
       6.997613048730e+00       1.792488340059e+01 
       7.078641588957e+00       1.751560724152e+01 
       7.160608395458e+00       1.711498079348e+01 
       7.243524332846e+00       1.672284676504e+01 
       7.327400391539e+00       1.633904979573e+01 
       7.412247689217e+00       1.596343646744e+01 
       7.498077472297e+00       1.559585531419e+01 
       7.584901117425e+00       1.523615683019e+01 
       7.672730132980e+00       1.488419347643e+01 
       7.761576160603e+00       1.453981968569e+01 
       7.851450976740e+00       1.420289186608e+01 
       7.942366494199e+00       1.387326840320e+01 
       8.034334763734e+00       1.355080966095e+01 
       8.127367975639e+00       1.323537798100e+01 
       8.221478461366e+00       1.292683768102e+01 
       8.316678695158e+00       1.262505505174e+01 
       8.412981295703e+00       1.232989835284e+01 
       8.510399027806e+00       1.204123780767e+01 
       8.608944804082e+00       1.175894559707e+01 
       8.708631686667e+00       1.148289585200e+01 
       8.809472888949e+00       1.121296464536e+01 
       8.911481777321e+00       1.094902998282e+01 
       9.014671872949e+00       1.069097179278e+01 
       9.119056853570e+00       1.043867191550e+01 
       9.224650555299e+00       1.019201409150e+01 
       9.331466974468e+00       9.950883949160e+00 
       9.439520269476e+00       9.715168991597e+00 
       9.548824762672e+00       9.484758582949e+00 
       9.659394942247e+00       9.259543933978e+00 
       9.771245464159e+00       9.039418087096e+00 
       9.884391154074e+00       8.824275900846e+00 
       9.998847009329e+00       8.614014033853e+00 
       1.011462820093e+01       8.408530928300e+00 
       1.023175007553e+01       8.207726792945e+00 
       1.035022815753e+01       8.011503585726e+00 
       1.047007815106e+01       7.819764995969e+00 
       1.059131594211e+01       7.632416426249e+00 
       1.071395760061e+01       7.449364973907e+00 
       1.083801938259e+01       7.270519412281e+00 
       1.096351773230e+01       7.095790171651e+00 
       1.109046928441e+01       6.925089319942e+00 
       1.121889086621e+01       6.758330543202e+00 
       1.134879949984e+01       6.595429125882e+00 
       1.148021240455e+01       6.436301930941e+00 
       1.161314699899e+01       6.280867379796e+00 
       1.174762090348e+01       6.129045432144e+00 
       1.188365194239e+01       5.980757565673e+00 
       1.202125814650e+01       5.835926755676e+00 
       1.216045775535e+01       5.694477454608e+00 
       1.230126921971e+01       5.556335571572e+00 
       1.244371120398e+01       5.421428451782e+00 
       1.258780258869e+01       5.289684856003e+00 
       1.273356247300e+01       5.161034939990e+00 
       1.288101017722e+01       5.035410233930e+00 
       1.303016524539e+01       4.912743621928e+00 
       1.318104744784e+01       4.792969321515e+00 
       1.333367678386e+01       4.676022863224e+00 
       1.348807348430e+01       4.561841070225e+00 
       1.364425801426e+01       4.450362038039e+00 
       1.380225107585e+01       4.341525114344e+00 
       1.396207361087e+01       4.235270878877e+00 
       1.412374680362e+01       4.131541123451e+00 
       1.428729208371e+01       4.030278832090e+00 
       1.445273112889e+01       3.931428161289e+00 
       1.462008586793e+01       3.834934420414e+00 
       1.478937848351e+01       3.740744052250e+00 
       1.496063141519e+01       3.648804613694e+00 
       1.513386736236e+01       3.559064756618e+00 
       1.530910928726e+01       3.471474208882e+00 
       1.548638041801e+01       3.385983755538e+00 
       1.566570425171e+01       3.302545220193e+00 
       1.584710455755e+01       3.221111446569e+00 
       1.603060537992e+01       3.141636280243e+00 
       1.621623104168e+01       3.064074550581e+00 
       1.640400614729e+01       2.988382052864e+00 
       1.659395558615e+01       2.914515530620e+00 
       1.678610453585e+01       2.842432658158e+00 
       1.698047846553e+01       2.772092023299e+00 
       1.717710313923e+01       2.703453110328e+00 
       1.737600461935e+01       2.636476283146e+00 
       1.757720927006e+01       2.571122768647e+00 
       1.778074376082e+01       2.507354640295e+00 
       1.798663506991e+01       2.445134801932e+00 
       1.819491048799e+01       2.384426971796e+00 
       1.840559762175e+01       2.325195666757e+00 
       1.861872439753e+01       2.267406186775e+00 
       1.883431906507e+01       2.211024599582e+00 
       1.905241020120e+01       2.156017725578e+00 
       1.927302671367e+01       2.102353122952e+00 
       1.949619784495e+01       2.049999073023e+00 
       1.972195317614e+01       1.998924565802e+00 
       1.995032263085e+01       1.949099285775e+00 
       2.018133647923e+01       1.900493597906e+00 
       2.041502534189e+01       1.853078533856e+00 
       2.065142019405e+01       1.806825778430e+00 
       2.089055236959e+01       1.761707656230e+00 
       2.113245356522e+01       1.717697118532e+00 
       2.137715584468e+01       1.674767730379e+00 
       2.162469164299e+01       1.632893657884e+00 
       2.187509377075e+01       1.592049655748e+00 
       2.212839541850e+01       1.552211054992e+00 
       2.238463016110e+01       1.513353750894e+00 
       2.264383196217e+01       1.475454191140e+00 
       2.290603517865e+01       1.438489364174e+00 
       2.317127456527e+01       1.402436787762e+00 
       2.343958527925e+01       1.367274497748e+00 
       2.371100288486e+01       1.332981037024e+00 
       2.398556335822e+01       1.299535444684e+00 
       2.426330309202e+01       1.266917245388e+00 
       2.454425890037e+01       1.235106438912e+00 
       2.482846802365e+01       1.204083489893e+00 
       2.511596813347e+01       1.173829317769e+00 
       2.540679733767e+01       1.144325286897e+00 
       2.570099418533e+01       1.115553196868e+00 
       2.599859767193e+01       1.087495272995e+00 
       2.629964724450e+01       1.060134156993e+00 
       2.660418280682e+01       1.033452897827e+00 
       2.691224472475e+01       1.007434942745e+00 
       2.722387383157e+01       9.820641284783e-01 
       2.753911143338e+01       9.573246726212e-01 
       2.785799931458e+01       9.332011651717e-01 
       2.818057974342e+01       9.096785602448e-01 
       2.850689547758e+01       8.867421679474e-01 
       2.883698976985e+01       8.643776464162e-01 
       2.917090637388e+01       8.425709940152e-01 
       2.950868954996e+01       8.213085416897e-01 
       2.985038407087e+01       8.005769454752e-01 
       3.019603522786e+01       7.803631791593e-01 
