# Matter power spectrum P(k) at redshift z=1
# for k=1.06752e-05 to 30.196 h/Mpc,
# number of wavenumbers equal to 1159
#    1:k (h/Mpc)              2:P (Mpc/h)^3        
       1.067515846695e-05       1.557444210602e+01 
       1.079877097614e-05       1.574879701298e+01 
       1.092381485072e-05       1.592510268085e+01 
       1.105030666512e-05       1.610338501098e+01 
       1.117826318571e-05       1.628367360132e+01 
       1.130770137298e-05       1.646597329068e+01 
       1.143863838381e-05       1.665031094507e+01 
       1.157109157377e-05       1.683671073534e+01 
       1.170507849938e-05       1.702520068016e+01 
       1.184061692048e-05       1.721580127912e+01 
       1.197772480252e-05       1.740853594706e+01 
       1.211642031900e-05       1.760341293212e+01 
       1.225672185388e-05       1.780049780981e+01 
       1.239864800397e-05       1.799977686640e+01 
       1.254221758141e-05       1.820128343577e+01 
       1.268744961621e-05       1.840504899620e+01 
       1.283436335872e-05       1.861110042829e+01 
       1.298297828219e-05       1.881945371324e+01 
       1.313331408536e-05       1.903014063995e+01 
       1.328539069509e-05       1.924317783140e+01 
       1.343922826897e-05       1.945861435030e+01 
       1.359484719800e-05       1.967645541675e+01 
       1.375226810930e-05       1.989673508022e+01 
       1.391151186884e-05       2.011947433309e+01 
       1.407259958421e-05       2.034469976137e+01 
       1.423555260742e-05       2.057247081338e+01 
       1.440039253770e-05       2.080277872418e+01 
       1.456714122441e-05       2.103567632743e+01 
       1.473582076992e-05       2.127116818228e+01 
       1.490645353251e-05       2.150930713072e+01 
       1.507906212936e-05       2.175010762636e+01 
       1.525366943957e-05       2.199359942528e+01 
       1.543029860715e-05       2.223981911910e+01 
       1.560897304408e-05       2.248878293443e+01 
       1.578971643349e-05       2.274056099549e+01 
       1.597255273271e-05       2.299514029363e+01 
       1.615750617649e-05       2.325255883048e+01 
       1.634460128022e-05       2.351288677767e+01 
       1.653386284314e-05       2.377611605389e+01 
       1.672531595167e-05       2.404229068762e+01 
       1.691898598271e-05       2.431144474368e+01 
       1.711489860702e-05       2.458361204538e+01 
       1.731307979261e-05       2.485882682978e+01 
       1.751355580816e-05       2.513712111790e+01 
       1.771635322657e-05       2.541853127923e+01 
       1.792149892841e-05       2.570309215253e+01 
       1.812902010552e-05       2.599083970001e+01 
       1.833894426461e-05       2.628180213454e+01 
       1.855129923090e-05       2.657603000892e+01 
       1.876611315180e-05       2.687354769618e+01 
       1.898341450068e-05       2.717439982274e+01 
       1.920323208059e-05       2.747861611933e+01 
       1.942559502811e-05       2.778623428086e+01 
       1.965053281721e-05       2.809728908752e+01 
       1.987807526315e-05       2.841185013458e+01 
       2.010825252643e-05       2.872991691590e+01 
       2.034109511681e-05       2.905155027650e+01 
       2.057663389731e-05       2.937678293820e+01 
       2.081490008834e-05       2.970565373781e+01 
       2.105592527184e-05       3.003820836423e+01 
       2.129974139543e-05       3.037447901857e+01 
       2.154638077666e-05       3.071451596966e+01 
       2.179587610733e-05       3.105836658035e+01 
       2.204826045777e-05       3.140606730094e+01 
       2.230356728125e-05       3.175765207925e+01 
       2.256183041842e-05       3.211317999831e+01 
       2.282308410177e-05       3.247267530318e+01 
       2.308736296020e-05       3.283620897885e+01 
       2.335470202357e-05       3.320380795917e+01 
       2.362513672741e-05       3.357552486404e+01 
       2.389870291753e-05       3.395139891061e+01 
       2.417543685483e-05       3.433148097461e+01 
       2.445537522011e-05       3.471581555647e+01 
       2.473855511888e-05       3.510445166160e+01 
       2.502501408633e-05       3.549744495388e+01 
       2.531479009230e-05       3.589482857794e+01 
       2.560792154627e-05       3.629666821283e+01 
       2.590444730251e-05       3.670300505942e+01 
       2.620440666517e-05       3.711388372811e+01 
       2.650783939356e-05       3.752936998664e+01 
       2.681478570735e-05       3.794950309941e+01 
       2.712528629193e-05       3.837434121032e+01 
       2.743938230384e-05       3.880392756544e+01 
       2.775711537615e-05       3.923832591240e+01 
       2.807852762403e-05       3.967759393665e+01 
       2.840366165034e-05       4.012177504365e+01 
       2.873256055123e-05       4.057092784180e+01 
       2.906526792190e-05       4.102510835848e+01 
       2.940182786236e-05       4.148437285281e+01 
       2.974228498325e-05       4.194877820712e+01 
       3.008668441180e-05       4.241838198310e+01 
       3.043507179777e-05       4.289324230070e+01 
       3.078749331955e-05       4.337341802468e+01 
       3.114399569022e-05       4.385896862337e+01 
       3.150462616379e-05       4.434995423982e+01 
       3.186943254143e-05       4.484643992096e+01 
       3.223846317783e-05       4.534847891308e+01 
       3.261176698761e-05       4.585613713737e+01 
       3.298939345178e-05       4.636947779333e+01 
       3.337139262431e-05       4.688856447447e+01 
       3.375781513879e-05       4.741345839128e+01 
       3.414871221511e-05       4.794423341865e+01 
       3.454413566624e-05       4.848094669207e+01 
       3.494413790513e-05       4.902365693633e+01 
       3.534877195166e-05       4.957245512064e+01 
       3.575809143961e-05       5.012739896568e+01 
       3.617215062386e-05       5.068854472229e+01 
       3.659100438749e-05       5.125597963394e+01 
       3.701470824912e-05       5.182975791403e+01 
       3.744331837023e-05       5.240995890011e+01 
       3.787689156264e-05       5.299665978839e+01 
       3.831548529600e-05       5.358992447853e+01 
       3.875915770543e-05       5.418983355668e+01 
       3.920796759923e-05       5.479645281422e+01 
       3.966197446667e-05       5.540985700060e+01 
       4.012123848586e-05       5.603012740536e+01 
       4.058582053176e-05       5.665734571052e+01 
       4.105578218421e-05       5.729159038601e+01 
       4.153118573612e-05       5.793291829574e+01 
       4.201209420171e-05       5.858143282218e+01 
       4.249857132488e-05       5.923720739989e+01 
       4.299068158765e-05       5.990031864709e+01 
       4.348849021869e-05       6.057085366635e+01 
       4.399206320201e-05       6.124888523606e+01 
       4.450146728566e-05       6.193451167321e+01 
       4.501676999059e-05       6.262781206672e+01 
       4.553803961962e-05       6.332886811685e+01 
       4.606534526649e-05       6.403777287221e+01 
       4.659875682497e-05       6.475461008821e+01 
       4.713834499819e-05       6.547946884754e+01 
       4.768418130798e-05       6.621244578041e+01 
       4.823633810436e-05       6.695362232505e+01 
       4.879488857510e-05       6.770308772401e+01 
       4.935990675548e-05       6.846094679111e+01 
       4.993146753802e-05       6.922728291467e+01 
       5.050964668251e-05       7.000219832452e+01 
       5.109452082595e-05       7.078578622982e+01 
       5.168616749279e-05       7.157814164195e+01 
       5.228466510514e-05       7.237936423548e+01 
       5.289009299322e-05       7.318955347873e+01 
       5.350253140584e-05       7.400881324054e+01 
       5.412206152104e-05       7.483723091926e+01 
       5.474876545687e-05       7.567492310524e+01 
       5.538272628227e-05       7.652198961938e+01 
       5.602402802804e-05       7.737853466126e+01 
       5.667275569805e-05       7.824466257598e+01 
       5.732899528044e-05       7.912048685220e+01 
       5.799283375905e-05       8.000610160978e+01 
       5.866435912497e-05       8.090163581136e+01 
       5.934366038814e-05       8.180718601456e+01 
       6.003082758922e-05       8.272286812586e+01 
       6.072595181147e-05       8.364879559217e+01 
       6.142912519286e-05       8.458508589728e+01 
       6.214044093826e-05       8.553185173421e+01 
       6.285999333179e-05       8.648921036167e+01 
       6.358787774936e-05       8.745727959448e+01 
       6.432419067124e-05       8.843617904060e+01 
       6.506902969492e-05       8.942602490578e+01 
       6.582249354801e-05       9.042695641898e+01 
       6.658468210132e-05       9.143907979971e+01 
       6.735569638212e-05       9.246252242911e+01 
       6.813563858752e-05       9.349741590702e+01 
       6.892461209802e-05       9.454389214606e+01 
       6.972272149119e-05       9.560207864890e+01 
       7.053007255557e-05       9.667209743304e+01 
       7.134677230467e-05       9.775408048965e+01 
       7.217292899117e-05       9.884817426215e+01 
       7.300865212122e-05       9.995450439930e+01 
       7.385405246904e-05       1.010732165781e+02 
       7.470924209151e-05       1.022044323168e+02 
       7.557433434310e-05       1.033483083982e+02 
       7.644944389085e-05       1.045049747958e+02 
       7.733468672958e-05       1.056745789209e+02 
       7.823018019727e-05       1.068572665182e+02 
       7.913604299061e-05       1.080531822023e+02 
       8.005239518073e-05       1.092624738178e+02 
       8.097935822912e-05       1.104852845740e+02 
       8.191705500373e-05       1.117217844231e+02 
       8.286560979525e-05       1.129721038631e+02 
       8.382514833359e-05       1.142363984751e+02 
       8.479579780455e-05       1.155148411499e+02 
       8.577768686666e-05       1.168075868888e+02 
       8.677094566825e-05       1.181147701762e+02 
       8.777570586470e-05       1.194365908644e+02 
       8.879210063589e-05       1.207731733977e+02 
       8.982026470385e-05       1.221247182165e+02 
       9.086033435060e-05       1.234913669988e+02 
       9.191244743625e-05       1.248732867768e+02 
       9.297674341725e-05       1.262706741805e+02 
       9.405336336489e-05       1.276836771786e+02 
       9.514244998396e-05       1.291124760356e+02 
       9.624414763172e-05       1.305572472694e+02 
       9.735860233701e-05       1.320181718727e+02 
       9.848596181958e-05       1.334954291055e+02 
       9.962637550971e-05       1.349891984431e+02 
       1.007799945680e-04       1.364996651662e+02 
       1.019469719054e-04       1.380270147852e+02 
       1.031274622035e-04       1.395714356941e+02 
       1.043216219351e-04       1.411331190144e+02 
       1.055296093846e-04       1.427122560867e+02 
       1.067515846695e-04       1.443090410324e+02 
       1.079877097614e-04       1.459236708315e+02 
       1.092381485072e-04       1.475563444191e+02 
       1.105030666512e-04       1.492072631415e+02 
       1.117826318571e-04       1.508766282232e+02 
       1.130770137298e-04       1.525646494049e+02 
       1.143863838381e-04       1.542715291099e+02 
       1.157109157377e-04       1.559974769821e+02 
       1.170507849938e-04       1.577427099251e+02 
       1.184061692048e-04       1.595074397100e+02 
       1.197772480252e-04       1.612918822101e+02 
       1.211642031900e-04       1.630962591780e+02 
       1.225672185388e-04       1.649207909792e+02 
       1.239864800397e-04       1.667657000586e+02 
       1.254221758141e-04       1.686312154045e+02 
       1.268744961621e-04       1.705175651056e+02 
       1.283436335872e-04       1.724249806487e+02 
       1.298297828219e-04       1.743536959623e+02 
       1.313331408536e-04       1.763039467200e+02 
       1.328539069509e-04       1.782759749138e+02 
       1.343922826897e-04       1.802700201582e+02 
       1.359484719800e-04       1.822863265356e+02 
       1.375226810930e-04       1.843251418945e+02 
       1.391151186884e-04       1.863867138314e+02 
       1.407259958422e-04       1.884713003126e+02 
       1.423555260742e-04       1.905791513635e+02 
       1.440039253770e-04       1.927105271716e+02 
       1.456714122442e-04       1.948656896344e+02 
       1.473582076992e-04       1.970449001422e+02 
       1.490645353251e-04       1.992484248973e+02 
       1.507906212937e-04       2.014695716157e+02 
       1.525366943957e-04       2.037223814790e+02 
       1.543029860715e-04       2.060003194296e+02 
       1.560897304408e-04       2.083036652607e+02 
       1.578971643349e-04       2.106326997920e+02 
       1.597255273271e-04       2.129877061287e+02 
       1.615750617649e-04       2.153689723366e+02 
       1.634460128022e-04       2.177767895330e+02 
       1.653386284314e-04       2.202114502345e+02 
       1.672531595167e-04       2.226732514209e+02 
       1.691898598271e-04       2.251624936144e+02 
       1.711489860702e-04       2.276794785133e+02 
       1.731307979261e-04       2.302245139279e+02 
       1.751355580816e-04       2.327979088346e+02 
       1.771635322657e-04       2.353999761554e+02 
       1.792149892841e-04       2.380310298834e+02 
       1.812902010552e-04       2.406913930353e+02 
       1.833894426461e-04       2.433813930189e+02 
       1.855129923090e-04       2.461013496946e+02 
       1.876611315180e-04       2.488515935204e+02 
       1.898341450068e-04       2.516324582736e+02 
       1.920323208059e-04       2.544442818793e+02 
       1.942559502811e-04       2.572874047536e+02 
       1.965053281721e-04       2.601621753443e+02 
       1.987807526315e-04       2.630689332736e+02 
       2.010825252643e-04       2.660080414918e+02 
       2.034109511681e-04       2.689798443046e+02 
       2.057663389731e-04       2.719847082955e+02 
       2.081490008834e-04       2.750229928241e+02 
       2.105592527184e-04       2.780950641260e+02 
       2.129974139543e-04       2.812012943228e+02 
       2.154638077666e-04       2.843420576136e+02 
       2.179587610733e-04       2.875177323816e+02 
       2.204826045777e-04       2.907286972851e+02 
       2.230356728125e-04       2.939753458014e+02 
       2.256183041842e-04       2.972580654117e+02 
       2.282308410177e-04       3.005772502149e+02 
       2.308736296020e-04       3.039332983096e+02 
       2.335470202357e-04       3.073266127586e+02 
       2.362513672741e-04       3.107576007507e+02 
       2.389870291753e-04       3.142266738527e+02 
       2.417543685483e-04       3.177342462000e+02 
       2.445537522011e-04       3.212807397906e+02 
       2.473855511888e-04       3.248665764127e+02 
       2.502501408633e-04       3.284921863738e+02 
       2.531479009230e-04       3.321579960594e+02 
       2.560792154627e-04       3.358644510662e+02 
       2.590444730251e-04       3.396119894191e+02 
       2.620440666517e-04       3.434010573704e+02 
       2.650783939356e-04       3.472321057506e+02 
       2.681478570735e-04       3.511055894231e+02 
       2.712528629193e-04       3.550219687308e+02 
       2.743938230384e-04       3.589817080975e+02 
       2.775711537615e-04       3.629852774992e+02 
       2.807852762403e-04       3.670331509857e+02 
       2.840366165034e-04       3.711258019356e+02 
       2.873256055123e-04       3.752637235021e+02 
       2.906526792191e-04       3.794473949049e+02 
       2.940182786236e-04       3.836773154082e+02 
       2.974228498325e-04       3.879539799811e+02 
       3.008668441180e-04       3.922778927446e+02 
       3.043507179778e-04       3.966495614779e+02 
       3.078749331955e-04       4.010694994316e+02 
       3.114399569022e-04       4.055382243951e+02 
       3.150462616379e-04       4.100562596322e+02 
       3.186943254143e-04       4.146241335843e+02 
       3.223846317783e-04       4.192423797601e+02 
       3.261176698761e-04       4.239115365870e+02 
       3.298939345178e-04       4.286321477697e+02 
       3.337139262431e-04       4.334047627071e+02 
       3.375781513880e-04       4.382299349934e+02 
       3.414871221511e-04       4.431082258809e+02 
       3.454413566624e-04       4.480401990296e+02 
       3.494413790513e-04       4.530264253736e+02 
       3.534877195166e-04       4.580674805046e+02 
       3.575809143962e-04       4.631639463753e+02 
       3.617215062386e-04       4.683164092761e+02 
       3.659100438749e-04       4.735254615962e+02 
       3.701470824912e-04       4.787917013904e+02 
       3.744331837024e-04       4.841157318095e+02 
       3.787689156264e-04       4.894981619213e+02 
       3.831548529600e-04       4.949396066263e+02 
       3.875915770543e-04       5.004406858636e+02 
       3.920796759923e-04       5.060020264736e+02 
       3.966197446667e-04       5.116242597660e+02 
       4.012123848587e-04       5.173080227957e+02 
       4.058582053176e-04       5.230539593594e+02 
       4.105578218421e-04       5.288627185854e+02 
       4.153118573612e-04       5.347349550799e+02 
       4.201209420171e-04       5.406713297548e+02 
       4.249857132488e-04       5.466725093354e+02 
       4.299068158765e-04       5.527391666276e+02 
       4.348849021869e-04       5.588719799569e+02 
       4.399206320201e-04       5.650716332207e+02 
       4.450146728566e-04       5.713388174256e+02 
       4.501676999059e-04       5.776742289453e+02 
       4.553803961963e-04       5.840785700790e+02 
       4.606534526649e-04       5.905525491736e+02 
       4.659875682497e-04       5.970968809158e+02 
       4.713834499819e-04       6.037122857340e+02 
       4.768418130798e-04       6.103994904989e+02 
       4.823633810436e-04       6.171592273309e+02 
       4.879488857510e-04       6.239922361003e+02 
       4.935990675548e-04       6.308992605754e+02 
       4.993146753802e-04       6.378810532498e+02 
       5.050964668251e-04       6.449383707891e+02 
       5.109452082595e-04       6.520719771395e+02 
       5.168616749279e-04       6.592826413086e+02 
       5.228466510514e-04       6.665711391990e+02 
       5.289009299322e-04       6.739382529766e+02 
       5.350253140584e-04       6.813847716241e+02 
       5.412206152104e-04       6.889114883650e+02 
       5.474876545687e-04       6.965192050075e+02 
       5.538272628227e-04       7.042087282216e+02 
       5.602402802804e-04       7.119808712898e+02 
       5.667275569805e-04       7.198364530969e+02 
       5.732899528044e-04       7.277762997932e+02 
       5.799283375905e-04       7.358012431842e+02 
       5.866435912497e-04       7.439121214132e+02 
       5.934366038814e-04       7.521097785685e+02 
       6.003082758922e-04       7.603950657300e+02 
       6.072595181147e-04       7.687688389857e+02 
       6.142912519286e-04       7.772319627220e+02 
       6.214044093826e-04       7.857853050631e+02 
       6.285999333179e-04       7.944297414538e+02 
       6.358787774936e-04       8.031661545295e+02 
       6.432419067124e-04       8.119954314295e+02 
       6.506902969492e-04       8.209184663134e+02 
       6.582249354801e-04       8.299361592375e+02 
       6.658468210132e-04       8.390494173743e+02 
       6.735569638212e-04       8.482591525181e+02 
       6.813563858752e-04       8.575662827746e+02 
       6.892461209802e-04       8.669717340811e+02 
       6.972272149119e-04       8.764764373547e+02 
       7.053007255557e-04       8.860813267048e+02 
       7.134677230468e-04       8.957873498079e+02 
       7.217292899117e-04       9.055954506413e+02 
       7.300865212123e-04       9.155065850699e+02 
       7.385405246904e-04       9.255217174524e+02 
       7.470924209151e-04       9.356418102441e+02 
       7.557433434310e-04       9.458678377081e+02 
       7.644944389085e-04       9.562007787843e+02 
       7.733468672958e-04       9.666416160258e+02 
       7.823018019727e-04       9.771913420411e+02 
       7.913604299061e-04       9.878509473543e+02 
       8.005239518073e-04       9.986214383209e+02 
       8.097935822912e-04       1.009503820004e+03 
       8.191705500373e-04       1.020499102901e+03 
       8.286560979525e-04       1.031608308328e+03 
       8.382514833359e-04       1.042832455526e+03 
       8.479579780455e-04       1.054172575502e+03 
       8.577768686666e-04       1.065629703491e+03 
       8.677094566825e-04       1.077204877245e+03 
       8.777570586470e-04       1.088899139999e+03 
       8.879210063589e-04       1.100713541595e+03 
       8.982026470385e-04       1.112649136835e+03 
       9.086033435060e-04       1.124706982884e+03 
       9.191244743625e-04       1.136888145921e+03 
       9.297674341725e-04       1.149193694168e+03 
       9.405336336489e-04       1.161624699943e+03 
       9.514244998396e-04       1.174182242055e+03 
       9.624414763173e-04       1.186867399417e+03 
       9.735860233701e-04       1.199681260042e+03 
       9.848596181958e-04       1.212624914042e+03 
       9.962637550971e-04       1.225699453055e+03 
       1.007799945680e-03       1.238905975518e+03 
       1.019469719054e-03       1.252245583767e+03 
       1.031274622035e-03       1.265719386448e+03 
       1.043216219351e-03       1.279328481793e+03 
       1.055296093846e-03       1.293073988417e+03 
       1.067515846695e-03       1.306957018047e+03 
       1.079877097614e-03       1.320978684236e+03 
       1.092381485072e-03       1.335140109046e+03 
       1.105030666512e-03       1.349442413713e+03 
       1.117826318571e-03       1.363886718939e+03 
       1.130770137298e-03       1.378474150302e+03 
       1.143863838381e-03       1.393205835499e+03 
       1.157109157377e-03       1.408082900161e+03 
       1.170507849938e-03       1.423106474577e+03 
       1.184061692048e-03       1.438277686282e+03 
       1.197772480252e-03       1.453597663954e+03 
       1.211642031900e-03       1.469067540682e+03 
       1.225672185388e-03       1.484688441395e+03 
       1.239864800397e-03       1.500461493950e+03 
       1.254221758141e-03       1.516387828868e+03 
       1.268744961621e-03       1.532468577362e+03 
       1.283436335872e-03       1.548704854881e+03 
       1.298297828219e-03       1.565097796567e+03 
       1.313331408536e-03       1.581648506358e+03 
       1.328539069510e-03       1.598358124003e+03 
       1.343922826897e-03       1.615227739905e+03 
       1.359484719800e-03       1.632258488479e+03 
       1.375226810930e-03       1.649451457476e+03 
       1.391151186884e-03       1.666807758024e+03 
       1.407259958422e-03       1.684328494573e+03 
       1.423555260742e-03       1.702014742673e+03 
       1.440039253770e-03       1.719867640761e+03 
       1.456714122442e-03       1.737888176675e+03 
       1.473582076992e-03       1.756077555222e+03 
       1.490645353251e-03       1.774436710121e+03 
       1.507906212937e-03       1.792966789896e+03 
       1.525366943957e-03       1.811668826407e+03 
       1.543029860715e-03       1.830542517039e+03 
       1.560897304408e-03       1.849589898270e+03 
       1.578971643349e-03       1.868812286961e+03 
       1.597255273271e-03       1.888210715658e+03 
       1.615750617649e-03       1.907786190900e+03 
       1.634460128022e-03       1.927539707005e+03 
       1.653386284314e-03       1.947472282665e+03 
       1.672531595167e-03       1.967584889373e+03 
       1.691898598271e-03       1.987878460942e+03 
       1.711489860702e-03       2.008353957893e+03 
       1.731307979261e-03       2.029012295343e+03 
       1.751355580816e-03       2.049854437809e+03 
       1.771635322657e-03       2.070881297264e+03 
       1.792149892841e-03       2.092093741024e+03 
       1.812902010552e-03       2.113492654903e+03 
       1.833894426461e-03       2.135078940606e+03 
       1.855129923090e-03       2.156853370680e+03 
       1.876611315180e-03       2.178816832788e+03 
       1.898341450068e-03       2.200970151499e+03 
       1.920323208059e-03       2.223314094555e+03 
       1.942559502811e-03       2.245849455815e+03 
       1.965053281721e-03       2.268577002774e+03 
       1.987807526315e-03       2.291497476083e+03 
       2.010825252643e-03       2.314611578510e+03 
       2.034109511681e-03       2.337920010408e+03 
       2.057663389731e-03       2.361423464620e+03 
       2.081490008835e-03       2.385122562530e+03 
       2.105592527184e-03       2.409017974831e+03 
       2.129974139543e-03       2.433110301648e+03 
       2.154638077666e-03       2.457400099476e+03 
       2.179587610733e-03       2.481887947671e+03 
       2.204826045777e-03       2.506574363206e+03 
       2.230356728125e-03       2.531459842262e+03 
       2.256183041842e-03       2.556544841130e+03 
       2.282308410177e-03       2.581829867489e+03 
       2.308736296020e-03       2.607315301934e+03 
       2.335470202357e-03       2.633001460292e+03 
       2.362513672741e-03       2.658888755482e+03 
       2.389870291753e-03       2.684977488338e+03 
       2.417543685483e-03       2.711267955370e+03 
       2.445537522011e-03       2.737760326672e+03 
       2.473855511888e-03       2.764454917025e+03 
       2.502501408633e-03       2.791351886411e+03 
       2.531479009230e-03       2.818451190127e+03 
       2.560792154627e-03       2.845753176327e+03 
       2.590444730251e-03       2.873257743915e+03 
       2.620440666517e-03       2.900964955858e+03 
       2.650783939356e-03       2.928874799390e+03 
       2.681478570735e-03       2.956987194540e+03 
       2.712528629194e-03       2.985301997566e+03 
       2.743938230384e-03       3.013819103601e+03 
       2.775711537615e-03       3.042538272692e+03 
       2.807852762403e-03       3.071459251878e+03 
       2.840366165034e-03       3.100581753122e+03 
       2.873256055123e-03       3.129905485870e+03 
       2.906526792191e-03       3.159430098095e+03 
       2.940182786236e-03       3.189154831762e+03 
       2.974228498325e-03       3.219079515386e+03 
       3.008668441180e-03       3.249203515742e+03 
       3.043507179778e-03       3.279526122752e+03 
       3.078749331955e-03       3.310047009545e+03 
       3.114399569023e-03       3.340764963151e+03 
       3.150462616379e-03       3.371679591272e+03 
       3.186943254143e-03       3.402789908242e+03 
       3.223846317783e-03       3.434095023586e+03 
       3.261176698761e-03       3.465593956543e+03 
       3.298939345178e-03       3.497285727101e+03 
       3.337139262431e-03       3.529169262767e+03 
       3.375781513880e-03       3.561243371208e+03 
       3.414871221511e-03       3.593506797115e+03 
       3.454413566624e-03       3.625958378201e+03 
       3.494413790513e-03       3.658596618207e+03 
       3.534877195166e-03       3.691419922299e+03 
       3.575809143962e-03       3.724427174229e+03 
       3.617215062386e-03       3.757616627696e+03 
       3.659100438749e-03       3.790986634005e+03 
       3.701470824912e-03       3.824535357083e+03 
       3.744331837024e-03       3.858261030956e+03 
       3.787689156264e-03       3.892161755912e+03 
       3.831548529600e-03       3.926235684754e+03 
       3.875915770543e-03       3.960481146756e+03 
       3.920796759923e-03       3.994894806941e+03 
       3.966197446667e-03       4.029475553160e+03 
       4.012123848587e-03       4.064220885856e+03 
       4.058582053176e-03       4.099128133080e+03 
       4.105578218421e-03       4.134194858224e+03 
       4.153118573612e-03       4.169418896801e+03 
       4.201209420171e-03       4.204797251426e+03 
       4.249857132488e-03       4.240327356692e+03 
       4.299068158765e-03       4.276006219536e+03 
       4.348849021869e-03       4.311830991083e+03 
       4.399206320201e-03       4.347798634277e+03 
       4.450146728566e-03       4.383905998311e+03 
       4.501676999059e-03       4.420150018364e+03 
       4.553803961963e-03       4.456527468792e+03 
       4.606534526649e-03       4.493034547936e+03 
       4.659875682497e-03       4.529667553877e+03 
       4.713834499819e-03       4.566423673525e+03 
       4.768418130798e-03       4.603298539062e+03 
       4.823633810436e-03       4.640288306906e+03 
       4.879488857510e-03       4.677389445249e+03 
       4.935990675548e-03       4.714597635999e+03 
       4.993146753802e-03       4.751908647532e+03 
       5.050964668251e-03       4.789319058731e+03 
       5.109452082595e-03       4.826822584045e+03 
       5.168616749279e-03       4.864415857103e+03 
       5.228466510514e-03       4.902094376758e+03 
       5.289009299322e-03       4.939853215697e+03 
       5.350253140584e-03       4.977687112886e+03 
       5.412206152104e-03       5.015591889973e+03 
       5.474876545688e-03       5.053561286165e+03 
       5.538272628227e-03       5.091589566057e+03 
       5.602402802804e-03       5.129674313007e+03 
       5.667275569805e-03       5.167807260888e+03 
       5.732899528044e-03       5.205984795337e+03 
       5.799283375905e-03       5.244198499893e+03 
       5.866435912497e-03       5.282443637371e+03 
       5.934366038814e-03       5.320714368544e+03 
       6.003082758922e-03       5.359005590864e+03 
       6.072595181147e-03       5.397310226365e+03 
       6.142912519286e-03       5.435626405059e+03 
       6.214044093826e-03       5.473940405361e+03 
       6.285999333179e-03       5.512247408278e+03 
       6.358787774936e-03       5.550540537744e+03 
       6.432419067124e-03       5.588920554386e+03 
       6.506902969492e-03       5.627199409861e+03 
       6.582249354801e-03       5.665419038793e+03 
       6.658468210132e-03       5.703597892532e+03 
       6.735569638213e-03       5.741712040860e+03 
       6.813563858753e-03       5.779762341713e+03 
       6.892461209802e-03       5.817743219641e+03 
       6.972272149119e-03       5.855652608529e+03 
       7.053007255557e-03       5.893481431773e+03 
       7.134677230468e-03       5.931224068665e+03 
       7.217292899117e-03       5.968869751302e+03 
       7.300865212123e-03       6.006408739288e+03 
       7.385405246904e-03       6.043833837247e+03 
       7.470924209151e-03       6.081135733744e+03 
       7.557433434310e-03       6.118305285170e+03 
       7.644944389085e-03       6.155332206641e+03 
       7.733468672958e-03       6.192207657021e+03 
       7.823018019727e-03       6.228919463692e+03 
       7.913604299061e-03       6.265461476898e+03 
       8.005239518073e-03       6.301822319396e+03 
       8.097935822912e-03       6.337992211517e+03 
       8.191705500373e-03       6.373960921521e+03 
       8.286560979525e-03       6.409719093874e+03 
       8.382514833359e-03       6.445252502566e+03 
       8.479579780455e-03       6.480549919955e+03 
       8.577768686666e-03       6.515606010530e+03 
       8.677094566825e-03       6.550409407140e+03 
       8.777570586471e-03       6.584945546912e+03 
       8.879210063590e-03       6.619203367319e+03 
       8.982026470385e-03       6.653175424168e+03 
       9.086033435060e-03       6.686846331461e+03 
       9.191244743625e-03       6.720204974244e+03 
       9.297674341726e-03       6.753240202307e+03 
       9.405336336489e-03       6.785938178256e+03 
       9.514244998396e-03       6.818287611868e+03 
       9.624414763173e-03       6.850276792810e+03 
       9.735860233701e-03       6.881892235343e+03 
       9.848596181958e-03       6.913121100183e+03 
       9.962637550971e-03       6.943950882174e+03 
       1.007799945680e-02       6.974369771428e+03 
       1.019469719054e-02       7.004361156034e+03 
       1.031274622035e-02       7.033915236680e+03 
       1.043216219351e-02       7.063020162568e+03 
       1.055296093846e-02       7.091655960709e+03 
       1.067515846695e-02       7.119816268517e+03 
       1.079877097614e-02       7.147481736323e+03 
       1.092381485072e-02       7.174636992696e+03 
       1.105030666512e-02       7.201275003127e+03 
       1.117826318571e-02       7.227377933760e+03 
       1.130770137298e-02       7.252934986237e+03 
       1.143863838381e-02       7.277923631823e+03 
       1.157109157377e-02       7.302331406489e+03 
       1.170507849938e-02       7.326149242086e+03 
       1.184061692048e-02       7.349359315470e+03 
       1.197772480252e-02       7.371945892421e+03 
       1.211642031901e-02       7.393894787197e+03 
       1.225672185388e-02       7.415197859198e+03 
       1.239864800397e-02       7.435829126718e+03 
       1.254221758141e-02       7.455776933265e+03 
       1.268744961621e-02       7.475029176903e+03 
       1.283436335872e-02       7.493567182446e+03 
       1.298297828219e-02       7.511388362681e+03 
       1.313331408536e-02       7.528457614086e+03 
       1.328539069510e-02       7.544778043298e+03 
       1.343922826898e-02       7.560317147066e+03 
       1.359484719800e-02       7.575072522273e+03 
       1.375226810931e-02       7.589028007511e+03 
       1.391151186885e-02       7.602165505982e+03 
       1.407259958422e-02       7.614467694592e+03 
       1.423555260743e-02       7.625920584005e+03 
       1.440039253772e-02       7.636511782043e+03 
       1.456714122444e-02       7.646232806280e+03 
       1.473582076997e-02       7.655057170994e+03 
       1.490645353258e-02       7.662982614208e+03 
       1.507906212947e-02       7.669986399844e+03 
       1.525366943974e-02       7.676054101491e+03 
       1.543029860740e-02       7.681170817091e+03 
       1.560897304447e-02       7.685333016210e+03 
       1.578971643407e-02       7.688517946295e+03 
       1.597255273358e-02       7.690719668133e+03 
       1.615750617779e-02       7.691915164228e+03 
       1.634460128215e-02       7.692101177077e+03 
       1.653386284599e-02       7.691268261052e+03 
       1.672531595586e-02       7.689389720265e+03 
       1.691898598885e-02       7.686472489025e+03 
       1.711489861596e-02       7.682483131194e+03 
       1.731307980555e-02       7.677432945215e+03 
       1.751355582682e-02       7.671306853266e+03 
       1.771635325335e-02       7.664081322932e+03 
       1.792149896664e-02       7.655765400724e+03 
       1.812902015985e-02       7.646333954668e+03 
       1.833894434145e-02       7.635803672997e+03 
       1.855129933908e-02       7.624143462124e+03 
       1.876611330341e-02       7.611349108457e+03 
       1.898341471217e-02       7.597426503359e+03 
       1.920323237428e-02       7.582354875086e+03 
       1.942559543414e-02       7.566147784962e+03 
       1.965053337608e-02       7.548785029000e+03 
       1.987807602903e-02       7.530273103568e+03 
       2.010825357146e-02       7.510614474502e+03 
       2.034109653661e-02       7.489779768783e+03 
       2.057663581813e-02       7.467815227521e+03 
       2.081490267608e-02       7.444670339429e+03 
       2.105592874359e-02       7.420380211159e+03 
       2.129974603407e-02       7.394945212696e+03 
       2.154638694923e-02       7.368335322622e+03 
       2.179588428808e-02       7.340594368952e+03 
       2.204827125696e-02       7.311756947936e+03 
       2.230358148094e-02       7.281756817637e+03 
       2.256184901678e-02       7.250625835414e+03 
       2.282310836772e-02       7.218383995168e+03 
       2.308739450046e-02       7.185066284771e+03 
       2.335474286463e-02       7.150593442525e+03 
       2.362518941527e-02       7.115109719660e+03 
       2.389877063868e-02       7.078400628058e+03 
       2.417552358225e-02       7.040892104909e+03 
       2.445548588883e-02       7.002237646596e+03 
       2.473869583623e-02       6.962415499057e+03 
       2.502519238277e-02       6.921792779051e+03 
       2.531501521937e-02       6.880206344822e+03 
       2.560820482932e-02       6.837615294666e+03 
       2.590480255650e-02       6.794082747835e+03 
       2.620485068309e-02       6.749622976615e+03 
       2.650839251789e-02       6.704297674294e+03 
       2.681547249632e-02       6.658113692148e+03 
       2.712613629337e-02       6.611122655743e+03 
       2.744043095071e-02       6.563285761967e+03 
       2.775840501940e-02       6.514738938802e+03 
       2.808010871938e-02       6.465432602889e+03 
       2.840559411739e-02       6.415427765099e+03 
       2.873491532461e-02       6.364732369739e+03 
       2.906812871564e-02       6.313443422409e+03 
       2.940529317017e-02       6.261545803903e+03 
       2.974647033915e-02       6.209086235651e+03 
       3.009172493667e-02       6.156115028509e+03 
       3.044112505945e-02       6.102625358116e+03 
       3.079474253529e-02       6.048736623950e+03 
       3.115265330219e-02       5.994406478696e+03 
       3.151493781964e-02       5.939751887940e+03 
       3.188168151384e-02       5.884761061060e+03 
       3.225297525842e-02       5.829493454274e+03 
       3.262891589237e-02       5.773958316804e+03 
       3.300960677702e-02       5.718235767212e+03 
       3.339515839389e-02       5.662357345204e+03 
       3.378568898538e-02       5.606364448469e+03 
       3.418132524059e-02       5.550301243792e+03 
       3.458220302837e-02       5.494197963458e+03 
       3.498846818037e-02       5.438082882330e+03 
       3.540027732697e-02       5.382037640259e+03 
       3.581779878906e-02       5.326065417562e+03 
       3.624121352952e-02       5.270221704498e+03 
       3.667071616833e-02       5.214525342800e+03 
       3.710651606582e-02       5.159036060932e+03 
       3.754883847938e-02       5.103784665244e+03 
       3.799792579925e-02       5.048807919040e+03 
       3.845403887016e-02       4.994125782262e+03 
       3.891745840594e-02       4.939775092882e+03 
       3.938848650555e-02       4.885822315981e+03 
       3.986744827976e-02       4.832265191454e+03 
       4.035469359859e-02       4.779132114707e+03 
       4.085059897118e-02       4.726472270181e+03 
       4.135556957064e-02       4.674289667957e+03 
       4.187004141792e-02       4.622631750947e+03 
       4.239448374002e-02       4.571503715711e+03 
       4.292940151947e-02       4.520937593866e+03 
       4.347533825354e-02       4.470947982721e+03 
       4.403287894297e-02       4.421569029586e+03 
       4.460265333200e-02       4.372802445814e+03 
       4.518533942290e-02       4.324639358760e+03 
       4.578166728968e-02       4.277126361455e+03 
       4.639242321736e-02       4.230244766184e+03 
       4.701845419420e-02       4.183984972393e+03 
       4.766067278557e-02       4.138371007127e+03 
       4.832006241828e-02       4.093374945095e+03 
       4.899768310466e-02       4.048987273143e+03 
       4.969467763435e-02       4.005188192368e+03 
       5.041227825991e-02       3.961905469433e+03 
       5.115181389887e-02       3.919127512547e+03 
       5.191471786925e-02       3.876771708722e+03 
       5.270253616753e-02       3.834692282688e+03 
       5.351693628695e-02       3.792949394069e+03 
       5.435971655837e-02       3.751348792834e+03 
       5.523281597605e-02       3.709811113011e+03 
       5.613832444365e-02       3.668030504998e+03 
       5.707849334253e-02       3.625884864904e+03 
       5.805574628159e-02       3.583127562142e+03 
       5.907268983558e-02       3.539490013314e+03 
       6.013212401557e-02       3.494652284520e+03 
       6.123705214022e-02       3.448260928241e+03 
       6.239068968964e-02       3.399897825541e+03 
       6.359647162686e-02       3.349125876579e+03 
       6.485805756724e-02       3.295449553993e+03 
       6.617933407004e-02       3.238352087908e+03 
       6.756441322729e-02       3.177306457575e+03 
       6.901762664538e-02       3.111800779726e+03 
       7.054351387334e-02       3.041349461358e+03 
       7.214680434911e-02       2.965554408713e+03 
       7.383239203815e-02       2.884145837849e+03 
       7.560530215432e-02       2.797048320093e+03 
       7.747064970491e-02       2.704422300964e+03 
       7.943359010579e-02       2.606747896720e+03 
       8.149926276609e-02       2.504856398977e+03 
       8.367272931709e-02       2.399937622376e+03 
       8.595890899640e-02       2.293574275355e+03 
       8.836251450102e-02       2.187697992925e+03 
       9.088799226809e-02       2.084347691634e+03 
       9.353947149424e-02       1.985703277955e+03 
       9.632072614409e-02       1.893731882595e+03 
       9.923515365006e-02       1.810006484830e+03 
       1.022857729728e-01       1.735469417785e+03 
       1.054752432640e-01       1.670237145730e+03 
       1.088059027268e-01       1.613426584254e+03 
       1.122798256299e-01       1.563173566621e+03 
       1.158988940342e-01       1.516752419198e+03 
       1.196648798118e-01       1.470872017974e+03 
       1.235795320948e-01       1.422198093339e+03 
       1.276446653631e-01       1.368026147052e+03 
       1.318622439044e-01       1.306958923685e+03 
       1.362344591916e-01       1.239384038605e+03 
       1.407637976655e-01       1.167535156428e+03 
       1.454530973403e-01       1.095031102674e+03 
       1.503055924327e-01       1.026040979804e+03 
       1.553249458093e-01       9.642271106221e+02 
       1.605152694027e-01       9.117640601391e+02 
       1.658811328906e-01       8.689264172490e+02 
       1.714275608804e-01       8.338697781103e+02 
       1.771600186446e-01       8.031865750959e+02 
       1.830843861467e-01       7.729230713744e+02 
       1.892069197265e-01       7.399242455044e+02 
       1.955342004157e-01       7.025769327051e+02 
       2.020730674713e-01       6.619327240130e+02 
       2.088305353765e-01       6.211483857031e+02 
       2.158136923177e-01       5.837027758806e+02 
       2.230295780506e-01       5.516476505843e+02 
       2.304850391784e-01       5.250367873263e+02 
       2.381865602585e-01       5.022707374841e+02 
       2.461400699051e-01       4.806971895092e+02 
       2.543507222552e-01       4.579915873477e+02 
       2.628226558643e-01       4.337173986703e+02 
       2.715587343533e-01       4.092445581015e+02 
       2.805602758804e-01       3.865303067341e+02 
       2.898267816599e-01       3.668653826249e+02 
       2.993556770224e-01       3.498874332673e+02 
       3.091420815273e-01       3.340747760455e+02 
       3.191786268532e-01       3.183057186698e+02 
       3.294553420164e-01       3.024197533975e+02 
       3.399596242921e-01       2.872079507190e+02 
       3.506763106334e-01       2.734670870092e+02 
       3.615878582991e-01       2.612028526955e+02 
       3.726746351809e-01       2.499006992883e+02 
       3.839153108331e-01       2.389982778934e+02 
       3.952873297315e-01       2.285133306902e+02 
       4.067674402678e-01       2.187040761955e+02 
       4.183322477477e-01       2.097308867528e+02 
       4.299587580365e-01       2.014987924607e+02 
       4.416248806930e-01       1.938103351976e+02 
       4.533098659100e-01       1.865703846868e+02 
       4.649946573051e-01       1.797444883376e+02 
       4.766621512377e-01       1.733967177092e+02 
       4.882973616120e-01       1.675164236190e+02 
       4.998874960597e-01       1.620614144789e+02 
       5.114219544271e-01       1.569352370132e+02 
       5.228922634500e-01       1.521126087842e+02 
       5.342919625841e-01       1.475841112207e+02 
       5.456164555382e-01       1.433491328825e+02 
       5.568628406089e-01       1.393807197013e+02 
       5.680297308735e-01       1.356439769762e+02 
       5.791170730408e-01       1.321208950228e+02 
       5.901259715530e-01       1.287865206824e+02 
       6.010585225440e-01       1.256371167239e+02 
       6.119176605801e-01       1.226538793012e+02 
       6.227070197674e-01       1.198295302589e+02 
       6.334308097845e-01       1.171467164984e+02 
       6.440937066590e-01       1.145917272098e+02 
       6.547007576016e-01       1.121581222855e+02 
       6.652572988951e-01       1.098329749537e+02 
       6.757688856616e-01       1.076138733143e+02 
       6.862412322612e-01       1.054890843394e+02 
       6.966801620803e-01       1.034531237368e+02 
       7.070915655205e-01       1.014997232546e+02 
       7.174813650786e-01       9.962031219240e+01 
       7.278554865089e-01       9.781354247932e+01 
       7.382198351642e-01       9.607134743669e+01 
       7.485802767121e-01       9.439155559333e+01 
       7.589426215299e-01       9.276940911090e+01 
       7.693126121694e-01       9.119981050152e+01 
       7.796959133704e-01       8.968183093015e+01 
       7.900981041800e-01       8.820957207128e+01 
       8.005246717989e-01       8.678239403140e+01 
       8.109810068408e-01       8.539655674399e+01 
       8.214723997384e-01       8.404940580107e+01 
       8.320040380792e-01       8.273999182049e+01 
       8.425810046908e-01       8.146420619858e+01 
       8.532082763299e-01       8.022219986687e+01 
       8.638907228587e-01       7.901064410552e+01 
       8.746331068160e-01       7.782865890371e+01 
       8.854400833105e-01       7.667491517442e+01 
       8.963162001835e-01       7.554704899072e+01 
       9.072658984006e-01       7.444517054094e+01 
       9.182935126444e-01       7.336649996310e+01 
       9.294032720901e-01       7.231135343800e+01 
       9.405993013551e-01       7.127760913655e+01 
       9.518856216161e-01       7.026489359172e+01 
       9.632661518958e-01       6.927221817365e+01 
       9.747447105220e-01       6.829843264012e+01 
       9.863250167630e-01       6.734317842243e+01 
       9.980106926476e-01       6.640518855772e+01 
       1.009805264973e+00       6.548454954113e+01 
       1.021712167508e+00       6.457975717811e+01 
       1.033734743394e+00       6.369110351863e+01 
       1.045876247742e+00       6.281713761577e+01 
       1.058139850434e+00       6.195819667350e+01 
       1.070528639114e+00       6.111295307377e+01 
       1.083045622370e+00       6.028185362035e+01 
       1.095693733091e+00       5.946355998116e+01 
       1.108475832001e+00       5.865849138035e+01 
       1.121394711327e+00       5.786558775138e+01 
       1.134453098624e+00       5.708512027143e+01 
       1.147653660694e+00       5.631617444776e+01 
       1.160999007614e+00       5.555899109251e+01 
       1.174491696830e+00       5.481268904078e+01 
       1.188134237293e+00       5.407756090762e+01 
       1.201929093629e+00       5.335279888389e+01 
       1.215878690305e+00       5.263861234908e+01 
       1.229985415760e+00       5.193441121471e+01 
       1.244251626510e+00       5.124014234268e+01 
       1.258679651162e+00       5.055552904711e+01 
       1.273271794354e+00       4.988026724573e+01 
       1.288030340581e+00       4.921438659877e+01 
       1.302957557900e+00       4.855736569264e+01 
       1.318055701493e+00       4.790935813615e+01 
       1.333327017085e+00       4.726993196848e+01 
       1.348773744202e+00       4.663900189417e+01 
       1.364398119260e+00       4.601650030084e+01 
       1.380202378486e+00       4.540204609247e+01 
       1.396188760663e+00       4.479570731225e+01 
       1.412359509708e+00       4.419722168582e+01 
       1.428716877069e+00       4.360639322056e+01 
       1.445263123956e+00       4.302323232733e+01 
       1.462000523416e+00       4.244746098277e+01 
       1.478931362236e+00       4.187896205709e+01 
       1.496057942705e+00       4.131770669235e+01 
       1.513382584230e+00       4.076346383638e+01 
       1.530907624821e+00       4.021610465165e+01 
       1.548635422444e+00       3.967560967519e+01 
       1.566568356261e+00       3.914180490543e+01 
       1.584708827772e+00       3.861453341395e+01 
       1.603059261846e+00       3.809377580010e+01 
       1.621622107671e+00       3.757940794876e+01 
       1.640399839631e+00       3.707126458889e+01 
       1.659394958099e+00       3.656928299579e+01 
       1.678609990180e+00       3.607338584774e+01 
       1.698047490392e+00       3.558348396175e+01 
       1.717710041300e+00       3.509944171563e+01 
       1.737600254114e+00       3.462117332428e+01 
       1.757720769241e+00       3.414861086877e+01 
       1.778074256820e+00       3.368168263030e+01 
       1.798663417217e+00       3.322029266986e+01 
       1.819490981512e+00       3.276434053943e+01 
       1.840559711961e+00       3.231375185620e+01 
       1.861872402444e+00       3.186846351658e+01 
       1.883431878909e+00       3.142840433412e+01 
       1.905240999797e+00       3.099350505681e+01 
       1.927302656468e+00       3.056368329516e+01 
       1.949619773622e+00       3.013887637845e+01 
       1.972195309716e+00       2.971898648342e+01 
       1.995032257375e+00       2.930398397413e+01 
       2.018133643814e+00       2.889379008996e+01 
       2.041502531246e+00       2.848833295982e+01 
       2.065142017308e+00       2.808757567036e+01 
       2.089055235472e+00       2.769144730670e+01 
       2.113245355472e+00       2.729989014556e+01 
       2.137715583730e+00       2.691284999855e+01 
       2.162469163783e+00       2.653026602374e+01 
       2.187509376717e+00       2.615208752602e+01 
       2.212839541602e+00       2.577825791021e+01 
       2.238463015939e+00       2.540873177795e+01 
       2.264383196100e+00       2.504345473000e+01 
       2.290603517785e+00       2.468238076035e+01 
       2.317127456473e+00       2.432546313889e+01 
       2.343958527888e+00       2.397264945545e+01 
       2.371100288461e+00       2.362389884846e+01 
       2.398556335806e+00       2.327916592964e+01 
       2.426330309192e+00       2.293840663688e+01 
       2.454425890030e+00       2.260157792976e+01 
       2.482846802360e+00       2.226863634613e+01 
       2.511596813344e+00       2.193954119099e+01 
       2.540679733765e+00       2.161425298363e+01 
       2.570099418532e+00       2.129273469928e+01 
       2.599859767193e+00       2.097494859743e+01 
       2.629964724449e+00       2.066085687909e+01 
       2.660418280681e+00       2.035041945972e+01 
       2.691224472475e+00       2.004359864619e+01 
       2.722387383157e+00       1.974036693496e+01 
       2.753911143338e+00       1.944068426429e+01 
       2.785799931458e+00       1.914451729125e+01 
       2.818057974342e+00       1.885182928626e+01 
       2.850689547757e+00       1.856259221795e+01 
       2.883698976985e+00       1.827677517047e+01 
       2.917090637388e+00       1.799434171182e+01 
       2.950868954996e+00       1.771526142786e+01 
       2.985038407087e+00       1.743950688377e+01 
       3.019603522786e+00       1.716704495768e+01 
       3.054568883661e+00       1.689784659651e+01 
       3.089939124333e+00       1.663188417054e+01 
       3.125718933089e+00       1.636912415692e+01 
       3.161913052504e+00       1.610954335128e+01 
       3.198526280070e+00       1.585311281085e+01 
       3.235563468829e+00       1.559980444291e+01 
       3.273029528021e+00       1.534959227278e+01 
       3.310929423732e+00       1.510244689071e+01 
       3.349268179552e+00       1.485834432661e+01 
       3.388050877241e+00       1.461725790495e+01 
       3.427282657404e+00       1.437916020739e+01 
       3.466968720172e+00       1.414402683868e+01 
       3.507114325887e+00       1.391183215522e+01 
       3.547724795808e+00       1.368255265794e+01 
       3.588805512808e+00       1.345616199378e+01 
       3.630361922091e+00       1.323263786076e+01 
       3.672399531915e+00       1.301195506913e+01 
       3.714923914319e+00       1.279409044106e+01 
       3.757940705864e+00       1.257901899961e+01 
       3.801455608379e+00       1.236671851329e+01 
       3.845474389717e+00       1.215716427735e+01 
       3.890002884520e+00       1.195033536367e+01 
       3.935046994992e+00       1.174620860258e+01 
       3.980612691681e+00       1.154476096495e+01 
       4.026706014271e+00       1.134596930320e+01 
       4.073333072381e+00       1.114981267686e+01 
       4.120500046378e+00       1.095626884932e+01 
       4.168213188193e+00       1.076531551410e+01 
       4.216478822152e+00       1.057693080314e+01 
       4.265303345810e+00       1.039109377577e+01 
       4.314693230808e+00       1.020778287782e+01 
       4.364655023719e+00       1.002697636589e+01 
       4.415195346927e+00       9.848653281689e+00 
       4.466320899495e+00       9.672792676473e+00 
       4.518038458061e+00       9.499373286826e+00 
       4.570354877730e+00       9.328374662270e+00 
       4.623277092989e+00       9.159775815000e+00 
       4.676812118618e+00       8.993556067985e+00 
       4.730967050627e+00       8.829695156191e+00 
       4.785749067195e+00       8.668172383088e+00 
       4.841165429618e+00       8.508967393559e+00 
       4.897223483275e+00       8.352059812166e+00 
       4.953930658600e+00       8.197429511125e+00 
       5.011294472068e+00       8.045056281058e+00 
       5.069322527190e+00       7.894919931069e+00 
       5.128022515523e+00       7.747000412383e+00 
       5.187402217685e+00       7.601277757594e+00 
       5.247469504392e+00       7.457732010382e+00 
       5.308232337498e+00       7.316343070078e+00 
       5.369698771051e+00       7.177091180797e+00 
       5.431876952360e+00       7.039956441164e+00 
       5.494775123076e+00       6.904918951468e+00 
       5.558401620282e+00       6.771958947813e+00 
       5.622764877602e+00       6.641056610466e+00 
       5.687873426316e+00       6.512192158511e+00 
       5.753735896492e+00       6.385345823425e+00 
       5.820361018129e+00       6.260497829214e+00 
       5.887757622315e+00       6.137628449300e+00 
       5.955934642396e+00       6.016717925584e+00 
       6.024901115162e+00       5.897746513178e+00 
       6.094666182046e+00       5.780694474384e+00 
       6.165239090330e+00       5.665542070044e+00 
       6.236629194378e+00       5.552269562074e+00 
       6.308845956870e+00       5.440857204556e+00 
       6.381898950060e+00       5.331285248356e+00 
       6.455797857044e+00       5.223533949117e+00 
       6.530552473041e+00       5.117583557102e+00 
       6.606172706694e+00       5.013414317637e+00 
       6.682668581384e+00       4.911006474770e+00 
       6.760050236557e+00       4.810340271522e+00 
       6.838327929065e+00       4.711395954334e+00 
       6.917512034534e+00       4.614153766145e+00 
       6.997613048730e+00       4.518593958018e+00 
       7.078641588957e+00       4.424696785490e+00 
       7.160608395458e+00       4.332442514060e+00 
       7.243524332846e+00       4.241811419785e+00 
       7.327400391539e+00       4.152783791256e+00 
       7.412247689217e+00       4.065339937366e+00 
       7.498077472297e+00       3.979460186552e+00 
       7.584901117425e+00       3.895124892223e+00 
       7.672730132980e+00       3.812314436522e+00 
       7.761576160603e+00       3.731009234153e+00 
       7.851450976740e+00       3.651189736949e+00 
       7.942366494199e+00       3.572836438033e+00 
       8.034334763734e+00       3.495929876056e+00 
       8.127367975639e+00       3.420450640467e+00 
       8.221478461366e+00       3.346379375686e+00 
       8.316678695158e+00       3.273696786001e+00 
       8.412981295703e+00       3.202383640387e+00 
       8.510399027806e+00       3.132420777359e+00 
       8.608944804082e+00       3.063789109768e+00 
       8.708631686667e+00       2.996469629701e+00 
       8.809472888949e+00       2.930443413268e+00 
       8.911481777321e+00       2.865691625419e+00 
       9.014671872949e+00       2.802195524664e+00 
       9.119056853570e+00       2.739936467770e+00 
       9.224650555299e+00       2.678895914362e+00 
       9.331466974468e+00       2.619055431430e+00 
       9.439520269476e+00       2.560396697777e+00 
       9.548824762672e+00       2.502901508320e+00 
       9.659394942247e+00       2.446551778286e+00 
       9.771245464159e+00       2.391329547351e+00 
       9.884391154074e+00       2.337216983538e+00 
       9.998847009329e+00       2.284196387087e+00 
       1.011462820093e+01       2.232250194137e+00 
       1.023175007553e+01       2.181360980278e+00 
       1.035022815753e+01       2.131511463967e+00 
       1.047007815106e+01       2.082684509794e+00 
       1.059131594211e+01       2.034863131604e+00 
       1.071395760061e+01       1.988030495470e+00 
       1.083801938259e+01       1.942169922515e+00 
       1.096351773230e+01       1.897264891592e+00 
       1.109046928441e+01       1.853299041815e+00 
       1.121889086621e+01       1.810256174927e+00 
       1.134879949984e+01       1.768120257563e+00 
       1.148021240455e+01       1.726875423307e+00 
       1.161314699899e+01       1.686505974662e+00 
       1.174762090348e+01       1.646996384839e+00 
       1.188365194239e+01       1.608331299433e+00 
       1.202125814650e+01       1.570495537941e+00 
       1.216045775535e+01       1.533474095154e+00 
       1.230126921971e+01       1.497252142411e+00 
       1.244371120398e+01       1.461815028733e+00 
       1.258780258869e+01       1.427148281811e+00 
       1.273356247300e+01       1.393237608874e+00 
       1.288101017722e+01       1.360068897448e+00 
       1.303016524539e+01       1.327628215974e+00 
       1.318104744784e+01       1.295901814321e+00 
       1.333367678386e+01       1.264876124178e+00 
       1.348807348430e+01       1.234537759340e+00 
       1.364425801426e+01       1.204873515877e+00 
       1.380225107585e+01       1.175870372208e+00 
       1.396207361087e+01       1.147515489058e+00 
       1.412374680362e+01       1.119796209328e+00 
       1.428729208371e+01       1.092700057866e+00 
       1.445273112889e+01       1.066214741132e+00 
       1.462008586793e+01       1.040328146791e+00 
       1.478937848351e+01       1.015028343203e+00 
       1.496063141519e+01       9.903035788381e-01 
       1.513386736236e+01       9.661422816046e-01 
       1.530910928726e+01       9.425330581007e-01 
       1.548638041801e+01       9.194646927916e-01 
       1.566570425171e+01       8.969261471125e-01 
       1.584710455755e+01       8.749065585032e-01 
       1.603060537992e+01       8.533952393765e-01 
       1.621623104168e+01       8.323816760222e-01 
       1.640400614729e+01       8.118555274511e-01 
       1.659395558615e+01       7.918066241812e-01 
       1.678610453585e+01       7.722249669690e-01 
       1.698047846553e+01       7.531007254882e-01 
       1.717710313923e+01       7.344242369596e-01 
       1.737600461935e+01       7.161860047338e-01 
       1.757720927006e+01       6.983766968299e-01 
       1.778074376082e+01       6.809871444330e-01 
       1.798663506991e+01       6.640083403520e-01 
       1.819491048799e+01       6.474314374413e-01 
       1.840559762175e+01       6.312477469889e-01 
       1.861872439753e+01       6.154487370714e-01 
       1.883431906507e+01       6.000260308810e-01 
       1.905241020120e+01       5.849714050244e-01 
       1.927302671367e+01       5.702767877972e-01 
       1.949619784495e+01       5.559342574349e-01 
       1.972195317614e+01       5.419360403439e-01 
       1.995032263085e+01       5.282745093129e-01 
       2.018133647923e+01       5.149421817083e-01 
       2.041502534189e+01       5.019317176537e-01 
       2.065142019405e+01       4.892359181977e-01 
       2.089055236959e+01       4.768477234686e-01 
       2.113245356522e+01       4.647602108216e-01 
       2.137715584468e+01       4.529665929763e-01 
       2.162469164299e+01       4.414602161489e-01 
       2.187509377075e+01       4.302345581794e-01 
       2.212839541850e+01       4.192832266553e-01 
       2.238463016110e+01       4.085999570340e-01 
       2.264383196217e+01       3.981786107644e-01 
       2.290603517865e+01       3.880131734090e-01 
       2.317127456527e+01       3.780977527693e-01 
       2.343958527925e+01       3.684265770132e-01 
       2.371100288486e+01       3.589939928077e-01 
       2.398556335822e+01       3.497944634574e-01 
       2.426330309202e+01       3.408225670491e-01 
       2.454425890037e+01       3.320729946047e-01 
       2.482846802365e+01       3.235405482422e-01 
       2.511596813347e+01       3.152201393470e-01 
       2.540679733767e+01       3.071067867530e-01 
       2.570099418533e+01       2.991956149356e-01 
       2.599859767193e+01       2.914818522163e-01 
       2.629964724450e+01       2.839608289804e-01 
       2.660418280682e+01       2.766279759080e-01 
       2.691224472475e+01       2.694788222198e-01 
       2.722387383157e+01       2.625089939364e-01 
       2.753911143338e+01       2.557142121547e-01 
       2.785799931458e+01       2.490902913386e-01 
       2.818057974342e+01       2.426331376272e-01 
       2.850689547758e+01       2.363387471594e-01 
       2.883698976985e+01       2.302032044157e-01 
       2.917090637388e+01       2.242226805783e-01 
       2.950868954996e+01       2.183934319085e-01 
       2.985038407087e+01       2.127117981433e-01 
       3.019603522786e+01       2.071742009099e-01 
