# Matter power spectrum P(k) at redshift z=0.5
# for k=1.07032e-05 to 30.2753 h/Mpc,
# number of wavenumbers equal to 1159
#    1:k (h/Mpc)              2:P (Mpc/h)^3        
       1.070316874801e-05       2.443705437809e+01 
       1.082710560097e-05       2.471063540426e+01 
       1.095247757504e-05       2.498727441892e+01 
       1.107930128815e-05       2.526700006222e+01 
       1.120759355065e-05       2.554986506719e+01 
       1.133737136753e-05       2.583591046236e+01 
       1.146865194071e-05       2.612515720860e+01 
       1.160145267128e-05       2.641760652114e+01 
       1.173579116184e-05       2.671335546462e+01 
       1.187168521880e-05       2.701241574681e+01 
       1.200915285478e-05       2.731482779109e+01 
       1.214821229096e-05       2.762062033666e+01 
       1.228888195952e-05       2.792983179735e+01 
       1.243118050608e-05       2.824250846495e+01 
       1.257512679215e-05       2.855868614632e+01 
       1.272073989765e-05       2.887840367867e+01 
       1.286803912344e-05       2.920170072131e+01 
       1.301704399389e-05       2.952862038458e+01 
       1.316777425941e-05       2.985922163288e+01 
       1.332024989916e-05       3.019348911056e+01 
       1.347449112359e-05       3.053150817636e+01 
       1.363051837724e-05       3.087329709369e+01 
       1.378835234132e-05       3.121892757826e+01 
       1.394801393658e-05       3.156842862133e+01 
       1.410952432597e-05       3.192184067217e+01 
       1.427290491754e-05       3.227920198653e+01 
       1.443817736718e-05       3.264057597035e+01 
       1.460536358160e-05       3.300597732515e+01 
       1.477448572115e-05       3.337549395251e+01 
       1.494556620277e-05       3.374913000708e+01 
       1.511862770300e-05       3.412694561001e+01 
       1.529369316096e-05       3.450900631405e+01 
       1.547078578138e-05       3.489534053512e+01 
       1.564992903770e-05       3.528601354544e+01 
       1.583114667517e-05       3.568101995583e+01 
       1.601446271397e-05       3.608046984864e+01 
       1.619990145247e-05       3.648437377259e+01 
       1.638748747035e-05       3.689283540289e+01 
       1.657724563195e-05       3.730585342847e+01 
       1.676920108950e-05       3.772350533891e+01 
       1.696337928649e-05       3.814581864054e+01 
       1.715980596103e-05       3.857286974089e+01 
       1.735850714926e-05       3.900465635374e+01 
       1.755950918882e-05       3.944130298807e+01 
       1.776283872230e-05       3.988283699938e+01 
       1.796852270081e-05       4.032935203655e+01 
       1.817658838754e-05       4.078082915944e+01 
       1.838706336137e-05       4.123736070029e+01 
       1.859997552054e-05       4.169903576433e+01 
       1.881535308632e-05       4.216584893323e+01 
       1.903322460676e-05       4.263791250849e+01 
       1.925361896052e-05       4.311524518779e+01 
       1.947656536061e-05       4.359788728069e+01 
       1.970209335834e-05       4.408595898243e+01 
       1.993023284721e-05       4.457951895874e+01 
       2.016101406685e-05       4.507857702926e+01 
       2.039446760707e-05       4.558326092153e+01 
       2.063062441188e-05       4.609353899228e+01 
       2.086951578361e-05       4.660953499847e+01 
       2.111117338705e-05       4.713134799732e+01 
       2.135562925366e-05       4.765897476698e+01 
       2.160291578580e-05       4.819252062230e+01 
       2.185306576102e-05       4.873203097439e+01 
       2.210611233644e-05       4.927758028823e+01 
       2.236208905310e-05       4.982921999005e+01 
       2.262102984045e-05       5.038704136401e+01 
       2.288296902080e-05       5.095117238875e+01 
       2.314794131390e-05       5.152156369738e+01 
       2.341598184156e-05       5.209830702267e+01 
       2.368712613224e-05       5.268154073602e+01 
       2.396141012584e-05       5.327131636176e+01 
       2.423887017839e-05       5.386765469514e+01 
       2.451954306694e-05       5.447070617771e+01 
       2.480346599435e-05       5.508048815393e+01 
       2.509067659432e-05       5.569712554429e+01 
       2.538121293630e-05       5.632063654077e+01 
       2.567511353055e-05       5.695112361883e+01 
       2.597241733330e-05       5.758868569360e+01 
       2.627316375183e-05       5.823341672690e+01 
       2.657739264975e-05       5.888530180813e+01 
       2.688514435229e-05       5.954449877626e+01 
       2.719645965159e-05       6.021108356544e+01 
       2.751137981215e-05       6.088511769843e+01 
       2.782994657632e-05       6.156671474846e+01 
       2.815220216975e-05       6.225595393855e+01 
       2.847818930709e-05       6.295289109919e+01 
       2.880795119758e-05       6.365763042581e+01 
       2.914153155079e-05       6.437025832498e+01 
       2.947897458245e-05       6.509086314199e+01 
       2.982032502025e-05       6.581952879020e+01 
       3.016562810984e-05       6.655635372944e+01 
       3.051492962076e-05       6.730143076581e+01 
       3.086827585255e-05       6.805484578873e+01 
       3.122571364086e-05       6.881669412193e+01 
       3.158729036370e-05       6.958707013197e+01 
       3.195305394766e-05       7.036607923329e+01 
       3.232305287431e-05       7.115379104428e+01 
       3.269733618661e-05       7.195032864926e+01 
       3.307595349541e-05       7.275579189828e+01 
       3.345895498601e-05       7.357022975014e+01 
       3.384639142485e-05       7.439379402011e+01 
       3.423831416622e-05       7.522662632014e+01 
       3.463477515904e-05       7.606875395669e+01 
       3.503582695380e-05       7.692030539715e+01 
       3.544152270947e-05       7.778141461596e+01 
       3.585191620058e-05       7.865205890339e+01 
       3.626706182436e-05       7.953256831175e+01 
       3.668701460789e-05       8.042288817507e+01 
       3.711183021548e-05       8.132314168670e+01 
       3.754156495596e-05       8.223353414990e+01 
       3.797627579021e-05       8.315409308652e+01 
       3.841602033869e-05       8.408490790026e+01 
       3.886085688905e-05       8.502618299246e+01 
       3.931084440389e-05       8.597798755918e+01 
       3.976604252859e-05       8.694044639447e+01 
       4.022651159914e-05       8.791370029266e+01 
       4.069231265024e-05       8.889780613972e+01 
       4.116350742330e-05       8.989294906271e+01 
       4.164015837469e-05       9.089922811566e+01 
       4.212232868396e-05       9.191680826558e+01 
       4.261008226228e-05       9.294574004943e+01 
       4.310348376085e-05       9.398617652666e+01 
       4.360259857950e-05       9.503825530799e+01 
       4.410749287536e-05       9.610211166418e+01 
       4.461823357163e-05       9.717787621473e+01 
       4.513488836643e-05       9.826571197345e+01 
       4.565752574179e-05       9.936565723313e+01 
       4.618621497274e-05       1.004779566215e+02 
       4.672102613646e-05       1.016027137611e+02 
       4.726203012158e-05       1.027400460998e+02 
       4.780929863760e-05       1.038900877537e+02 
       4.836290422437e-05       1.050530056127e+02 
       4.892292026172e-05       1.062289461593e+02 
       4.948942097915e-05       1.074180344575e+02 
       5.006248146572e-05       1.086204419118e+02 
       5.064217767999e-05       1.098363276277e+02 
       5.122858646006e-05       1.110657546747e+02 
       5.182178553377e-05       1.123090211505e+02 
       5.242185352903e-05       1.135661807805e+02 
       5.302886998419e-05       1.148373422322e+02 
       5.364291535862e-05       1.161228094220e+02 
       5.426407104339e-05       1.174226101266e+02 
       5.489241937199e-05       1.187369755720e+02 
       5.552804363132e-05       1.200659868463e+02 
       5.617102807269e-05       1.214099831246e+02 
       5.682145792299e-05       1.227689167632e+02 
       5.747941939599e-05       1.241431286961e+02 
       5.814499970377e-05       1.255327180452e+02 
       5.881828706828e-05       1.269377601407e+02 
       5.949937073304e-05       1.283586271015e+02 
       6.018834097493e-05       1.297953694278e+02 
       6.088528911623e-05       1.312481134250e+02 
       6.159030753665e-05       1.327172286995e+02 
       6.230348968563e-05       1.342026923339e+02 
       6.302493009467e-05       1.357048175692e+02 
       6.375472438994e-05       1.372237279333e+02 
       6.449296930486e-05       1.387596496873e+02 
       6.523976269302e-05       1.403127353731e+02 
       6.599520354105e-05       1.418832059368e+02 
       6.675939198182e-05       1.434710968764e+02 
       6.753242930769e-05       1.450769853543e+02 
       6.831441798392e-05       1.467006650937e+02 
       6.910546166226e-05       1.483425827356e+02 
       6.990566519469e-05       1.500030174988e+02 
       7.071513464732e-05       1.516818304721e+02 
       7.153397731445e-05       1.533795179511e+02 
       7.236230173279e-05       1.550961812898e+02 
       7.320021769584e-05       1.568319458694e+02 
       7.404783626847e-05       1.585871698202e+02 
       7.490526980158e-05       1.603620860445e+02 
       7.577263194708e-05       1.621568005388e+02 
       7.665003767286e-05       1.639717146874e+02 
       7.753760327811e-05       1.658067258774e+02 
       7.843544640869e-05       1.676624309019e+02 
       7.934368607274e-05       1.695388551173e+02 
       8.026244265643e-05       1.714362065546e+02 
       8.119183793996e-05       1.733548233422e+02 
       8.213199511366e-05       1.752948819572e+02 
       8.308303879435e-05       1.772566168812e+02 
       8.404509504184e-05       1.792403185980e+02 
       8.501829137565e-05       1.812461755997e+02 
       8.600275679189e-05       1.832744878342e+02 
       8.699862178039e-05       1.853254377560e+02 
       8.800601834197e-05       1.873993510051e+02 
       8.902508000595e-05       1.894964779412e+02 
       9.005594184787e-05       1.916170183003e+02 
       9.109874050732e-05       1.937612572291e+02 
       9.215361420616e-05       1.959294907950e+02 
       9.322070276675e-05       1.981219214089e+02 
       9.430014763051e-05       2.003388906716e+02 
       9.539209187670e-05       2.025806367565e+02 
       9.649668024134e-05       2.048474461388e+02 
       9.761405913643e-05       2.071395972151e+02 
       9.874437666932e-05       2.094574165154e+02 
       9.988778266239e-05       2.118010736367e+02 
       1.010444286728e-04       2.141709691811e+02 
       1.022144680129e-04       2.165673011728e+02 
       1.033980557699e-04       2.189904454630e+02 
       1.045953488273e-04       2.214406928658e+02 
       1.058065058848e-04       2.239182739976e+02 
       1.070316874801e-04       2.264235919886e+02 
       1.082710560097e-04       2.289568673666e+02 
       1.095247757504e-04       2.315184737080e+02 
       1.107930128815e-04       2.341086746044e+02 
       1.120759355065e-04       2.367278489796e+02 
       1.133737136753e-04       2.393762445602e+02 
       1.146865194071e-04       2.420542677873e+02 
       1.160145267128e-04       2.447622159602e+02 
       1.173579116184e-04       2.475003823792e+02 
       1.187168521880e-04       2.502691355313e+02 
       1.200915285478e-04       2.530687962958e+02 
       1.214821229096e-04       2.558997685085e+02 
       1.228888195952e-04       2.587623037979e+02 
       1.243118050608e-04       2.616568482539e+02 
       1.257512679215e-04       2.645837289294e+02 
       1.272073989765e-04       2.675432537834e+02 
       1.286803912344e-04       2.705358566357e+02 
       1.301704399389e-04       2.735618481076e+02 
       1.316777425942e-04       2.766216456807e+02 
       1.332024989916e-04       2.797155870158e+02 
       1.347449112359e-04       2.828440722310e+02 
       1.363051837724e-04       2.860074729174e+02 
       1.378835234132e-04       2.892061933242e+02 
       1.394801393658e-04       2.924405574878e+02 
       1.410952432597e-04       2.957110733806e+02 
       1.427290491754e-04       2.990181050228e+02 
       1.443817736718e-04       3.023619745534e+02 
       1.460536358160e-04       3.057432363252e+02 
       1.477448572115e-04       3.091621397568e+02 
       1.494556620277e-04       3.126022507399e+02 
       1.511862770300e-04       3.160974947119e+02 
       1.529369316096e-04       3.196317266630e+02 
       1.547078578138e-04       3.232053828074e+02 
       1.564992903770e-04       3.268188609080e+02 
       1.583114667517e-04       3.304726307838e+02 
       1.601446271397e-04       3.341671630640e+02 
       1.619990145247e-04       3.379028700261e+02 
       1.638748747035e-04       3.416801712827e+02 
       1.657724563195e-04       3.454996148642e+02 
       1.676920108950e-04       3.493616159474e+02 
       1.696337928649e-04       3.532666716621e+02 
       1.715980596103e-04       3.572152212980e+02 
       1.735850714926e-04       3.612077706700e+02 
       1.755950918882e-04       3.652446972405e+02 
       1.776283872230e-04       3.693267421683e+02 
       1.796852270081e-04       3.734541402000e+02 
       1.817658838754e-04       3.776275487943e+02 
       1.838706336137e-04       3.818474167767e+02 
       1.859997552054e-04       3.861142757870e+02 
       1.881535308632e-04       3.904286193459e+02 
       1.903322460676e-04       3.947909800593e+02 
       1.925361896052e-04       3.992018915959e+02 
       1.947656536061e-04       4.036618744913e+02 
       1.970209335834e-04       4.081714674455e+02 
       1.993023284721e-04       4.127312874015e+02 
       2.016101406685e-04       4.173417448956e+02 
       2.039446760707e-04       4.220035087623e+02 
       2.063062441188e-04       4.267171049053e+02 
       2.086951578361e-04       4.314830845653e+02 
       2.111117338705e-04       4.363020886682e+02 
       2.135562925366e-04       4.411746231838e+02 
       2.160291578580e-04       4.461013071742e+02 
       2.185306576102e-04       4.510827012613e+02 
       2.210611233644e-04       4.561194026568e+02 
       2.236208905310e-04       4.612121336925e+02 
       2.262102984045e-04       4.663614185935e+02 
       2.288296902080e-04       4.715677982885e+02 
       2.314794131390e-04       4.768320491673e+02 
       2.341598184156e-04       4.821546516398e+02 
       2.368712613224e-04       4.875364065939e+02 
       2.396141012584e-04       4.929778033043e+02 
       2.423887017839e-04       4.984795054859e+02 
       2.451954306694e-04       5.040423329344e+02 
       2.480346599435e-04       5.096667046249e+02 
       2.509067659432e-04       5.153535340040e+02 
       2.538121293630e-04       5.211033536883e+02 
       2.567511353055e-04       5.269168732520e+02 
       2.597241733330e-04       5.327947490392e+02 
       2.627316375183e-04       5.387378179471e+02 
       2.657739264976e-04       5.447466420106e+02 
       2.688514435229e-04       5.508219785208e+02 
       2.719645965159e-04       5.569645523750e+02 
       2.751137981216e-04       5.631750905615e+02 
       2.782994657632e-04       5.694543247344e+02 
       2.815220216975e-04       5.758030018950e+02 
       2.847818930709e-04       5.822218469778e+02 
       2.880795119758e-04       5.887116445157e+02 
       2.914153155079e-04       5.952731391097e+02 
       2.947897458245e-04       6.019071175004e+02 
       2.982032502025e-04       6.086143475813e+02 
       3.016562810984e-04       6.153956246165e+02 
       3.051492962076e-04       6.222517470826e+02 
       3.086827585255e-04       6.291835089989e+02 
       3.122571364087e-04       6.361917045569e+02 
       3.158729036370e-04       6.432771844914e+02 
       3.195305394766e-04       6.504407513638e+02 
       3.232305287431e-04       6.576832731754e+02 
       3.269733618661e-04       6.650055376564e+02 
       3.307595349541e-04       6.724084221790e+02 
       3.345895498601e-04       6.798928038128e+02 
       3.384639142485e-04       6.874595250976e+02 
       3.423831416622e-04       6.951094938734e+02 
       3.463477515904e-04       7.028435222970e+02 
       3.503582695380e-04       7.106625788673e+02 
       3.544152270947e-04       7.185675247308e+02 
       3.585191620058e-04       7.265592750944e+02 
       3.626706182436e-04       7.346387545369e+02 
       3.668701460789e-04       7.428068821354e+02 
       3.711183021548e-04       7.510645827692e+02 
       3.754156495596e-04       7.594128261611e+02 
       3.797627579021e-04       7.678525463135e+02 
       3.841602033869e-04       7.763847010519e+02 
       3.886085688905e-04       7.850102730885e+02 
       3.931084440389e-04       7.937302216718e+02 
       3.976604252859e-04       8.025455538702e+02 
       4.022651159914e-04       8.114572644201e+02 
       4.069231265024e-04       8.204663306226e+02 
       4.116350742330e-04       8.295737913066e+02 
       4.164015837469e-04       8.387806904332e+02 
       4.212232868396e-04       8.480879878731e+02 
       4.261008226228e-04       8.574968431511e+02 
       4.310348376085e-04       8.670081607450e+02 
       4.360259857950e-04       8.766231397366e+02 
       4.410749287536e-04       8.863427574672e+02 
       4.461823357163e-04       8.961681545990e+02 
       4.513488836643e-04       9.061003572053e+02 
       4.565752574180e-04       9.161405112900e+02 
       4.618621497274e-04       9.262896900175e+02 
       4.672102613646e-04       9.365490396228e+02 
       4.726203012158e-04       9.469196720390e+02 
       4.780929863760e-04       9.574027219299e+02 
       4.836290422437e-04       9.679993192122e+02 
       4.892292026172e-04       9.787106631517e+02 
       4.948942097915e-04       9.895378421266e+02 
       5.006248146572e-04       1.000482148800e+03 
       5.064217767999e-04       1.011544650893e+03 
       5.122858646006e-04       1.022726607726e+03 
       5.182178553377e-04       1.034029172589e+03 
       5.242185352903e-04       1.045453625218e+03 
       5.302886998419e-04       1.057001122561e+03 
       5.364291535862e-04       1.068672938488e+03 
       5.426407104339e-04       1.080470297992e+03 
       5.489241937199e-04       1.092394453864e+03 
       5.552804363132e-04       1.104446672491e+03 
       5.617102807269e-04       1.116628224305e+03 
       5.682145792299e-04       1.128940394652e+03 
       5.747941939599e-04       1.141384447478e+03 
       5.814499970377e-04       1.153961731811e+03 
       5.881828706829e-04       1.166673518935e+03 
       5.949937073304e-04       1.179521166679e+03 
       6.018834097493e-04       1.192505981498e+03 
       6.088528911623e-04       1.205629282302e+03 
       6.159030753665e-04       1.218892426119e+03 
       6.230348968563e-04       1.232296865232e+03 
       6.302493009468e-04       1.245843850899e+03 
       6.375472438994e-04       1.259534796205e+03 
       6.449296930487e-04       1.273371137448e+03 
       6.523976269302e-04       1.287354214357e+03 
       6.599520354105e-04       1.301485472302e+03 
       6.675939198182e-04       1.315766338497e+03 
       6.753242930770e-04       1.330198212385e+03 
       6.831441798392e-04       1.344782511795e+03 
       6.910546166226e-04       1.359520780673e+03 
       6.990566519469e-04       1.374414368369e+03 
       7.071513464732e-04       1.389464841636e+03 
       7.153397731445e-04       1.404673591131e+03 
       7.236230173279e-04       1.420042165457e+03 
       7.320021769585e-04       1.435571988764e+03 
       7.404783626847e-04       1.451264695304e+03 
       7.490526980158e-04       1.467121707811e+03 
       7.577263194708e-04       1.483144541052e+03 
       7.665003767286e-04       1.499334780654e+03 
       7.753760327811e-04       1.515693923553e+03 
       7.843544640869e-04       1.532223522526e+03 
       7.934368607274e-04       1.548925220635e+03 
       8.026244265643e-04       1.565800470790e+03 
       8.119183793996e-04       1.582850950148e+03 
       8.213199511366e-04       1.600078187052e+03 
       8.308303879435e-04       1.617483921390e+03 
       8.404509504184e-04       1.635069522724e+03 
       8.501829137565e-04       1.652836737150e+03 
       8.600275679189e-04       1.670787161103e+03 
       8.699862178039e-04       1.688922567635e+03 
       8.800601834197e-04       1.707244326083e+03 
       8.902508000595e-04       1.725754283767e+03 
       9.005594184787e-04       1.744454042432e+03 
       9.109874050733e-04       1.763345311042e+03 
       9.215361420616e-04       1.782429673259e+03 
       9.322070276675e-04       1.801708865764e+03 
       9.430014763051e-04       1.821184533070e+03 
       9.539209187670e-04       1.840858320578e+03 
       9.649668024134e-04       1.860732020888e+03 
       9.761405913643e-04       1.880807293283e+03 
       9.874437666932e-04       1.901085865202e+03 
       9.988778266239e-04       1.921569620177e+03 
       1.010444286729e-03       1.942259880364e+03 
       1.022144680129e-03       1.963158735483e+03 
       1.033980557699e-03       1.984267752607e+03 
       1.045953488273e-03       2.005588642957e+03 
       1.058065058848e-03       2.027123203963e+03 
       1.070316874801e-03       2.048873260231e+03 
       1.082710560097e-03       2.070840488803e+03 
       1.095247757504e-03       2.093026542200e+03 
       1.107930128815e-03       2.115433314682e+03 
       1.120759355065e-03       2.138062379196e+03 
       1.133737136753e-03       2.160915735317e+03 
       1.146865194071e-03       2.183994868432e+03 
       1.160145267128e-03       2.207301911838e+03 
       1.173579116184e-03       2.230838408773e+03 
       1.187168521880e-03       2.254606101983e+03 
       1.200915285478e-03       2.278606859910e+03 
       1.214821229096e-03       2.302842263359e+03 
       1.228888195952e-03       2.327314704584e+03 
       1.243118050608e-03       2.352024294321e+03 
       1.257512679215e-03       2.376973981022e+03 
       1.272073989765e-03       2.402165758186e+03 
       1.286803912344e-03       2.427600995786e+03 
       1.301704399389e-03       2.453281632351e+03 
       1.316777425942e-03       2.479209367354e+03 
       1.332024989916e-03       2.505385643781e+03 
       1.347449112359e-03       2.531812623863e+03 
       1.363051837724e-03       2.558491605893e+03 
       1.378835234132e-03       2.585424306236e+03 
       1.394801393658e-03       2.612613276568e+03 
       1.410952432597e-03       2.640058655599e+03 
       1.427290491754e-03       2.667763822352e+03 
       1.443817736718e-03       2.695729300342e+03 
       1.460536358160e-03       2.723957126561e+03 
       1.477448572115e-03       2.752449293471e+03 
       1.494556620277e-03       2.781208040863e+03 
       1.511862770300e-03       2.810232425965e+03 
       1.529369316096e-03       2.839526388285e+03 
       1.547078578138e-03       2.869089487524e+03 
       1.564992903770e-03       2.898922736279e+03 
       1.583114667517e-03       2.929030794049e+03 
       1.601446271397e-03       2.959414558824e+03 
       1.619990145247e-03       2.990075488932e+03 
       1.638748747035e-03       3.021014433648e+03 
       1.657724563195e-03       3.052232216051e+03 
       1.676920108950e-03       3.083733457470e+03 
       1.696337928649e-03       3.115516442800e+03 
       1.715980596103e-03       3.147584083185e+03 
       1.735850714926e-03       3.179937848068e+03 
       1.755950918882e-03       3.212579372504e+03 
       1.776283872230e-03       3.245509591171e+03 
       1.796852270081e-03       3.278730387823e+03 
       1.817658838754e-03       3.312242570066e+03 
       1.838706336137e-03       3.346047551415e+03 
       1.859997552054e-03       3.380146715907e+03 
       1.881535308632e-03       3.414541431587e+03 
       1.903322460676e-03       3.449232795777e+03 
       1.925361896052e-03       3.484222017210e+03 
       1.947656536061e-03       3.519511283244e+03 
       1.970209335834e-03       3.555100599956e+03 
       1.993023284721e-03       3.590991466395e+03 
       2.016101406685e-03       3.627185494164e+03 
       2.039446760707e-03       3.663682981373e+03 
       2.063062441188e-03       3.700485382810e+03 
       2.086951578361e-03       3.737593504047e+03 
       2.111117338705e-03       3.775008298575e+03 
       2.135562925366e-03       3.812730957241e+03 
       2.160291578580e-03       3.850762185285e+03 
       2.185306576102e-03       3.889102896479e+03 
       2.210611233644e-03       3.927753886485e+03 
       2.236208905310e-03       3.966716284631e+03 
       2.262102984045e-03       4.005989569272e+03 
       2.288296902080e-03       4.045575778663e+03 
       2.314794131390e-03       4.085474964719e+03 
       2.341598184156e-03       4.125687676402e+03 
       2.368712613224e-03       4.166214500892e+03 
       2.396141012584e-03       4.207055845067e+03 
       2.423887017840e-03       4.248212091353e+03 
       2.451954306694e-03       4.289683631227e+03 
       2.480346599435e-03       4.331470850093e+03 
       2.509067659432e-03       4.373574120390e+03 
       2.538121293630e-03       4.415993159312e+03 
       2.567511353055e-03       4.458728560766e+03 
       2.597241733330e-03       4.501780138394e+03 
       2.627316375183e-03       4.545147943609e+03 
       2.657739264976e-03       4.588831967897e+03 
       2.688514435229e-03       4.632832052300e+03 
       2.719645965159e-03       4.677147942088e+03 
       2.751137981216e-03       4.721779520771e+03 
       2.782994657632e-03       4.766726259108e+03 
       2.815220216975e-03       4.811987775276e+03 
       2.847818930709e-03       4.857563796709e+03 
       2.880795119758e-03       4.903453541635e+03 
       2.914153155079e-03       4.949656684221e+03 
       2.947897458245e-03       4.996171773972e+03 
       2.982032502026e-03       5.042998712706e+03 
       3.016562810984e-03       5.090136306598e+03 
       3.051492962076e-03       5.137583467819e+03 
       3.086827585255e-03       5.185339403682e+03 
       3.122571364087e-03       5.233402879896e+03 
       3.158729036370e-03       5.281772598915e+03 
       3.195305394766e-03       5.330447118883e+03 
       3.232305287431e-03       5.379424965800e+03 
       3.269733618661e-03       5.428704714642e+03 
       3.307595349541e-03       5.478284844360e+03 
       3.345895498601e-03       5.528163416118e+03 
       3.384639142485e-03       5.578338696640e+03 
       3.423831416622e-03       5.628808632664e+03 
       3.463477515904e-03       5.679571192070e+03 
       3.503582695380e-03       5.730624136849e+03 
       3.544152270947e-03       5.781965155272e+03 
       3.585191620058e-03       5.833592278225e+03 
       3.626706182436e-03       5.885502669353e+03 
       3.668701460790e-03       5.937693785861e+03 
       3.711183021548e-03       5.990162608245e+03 
       3.754156495596e-03       6.042906532589e+03 
       3.797627579021e-03       6.095922344645e+03 
       3.841602033869e-03       6.149207213320e+03 
       3.886085688905e-03       6.202758372722e+03 
       3.931084440389e-03       6.256570762012e+03 
       3.976604252859e-03       6.310642452051e+03 
       4.022651159914e-03       6.364968943456e+03 
       4.069231265024e-03       6.419547121402e+03 
       4.116350742330e-03       6.474372666963e+03 
       4.164015837469e-03       6.529441717540e+03 
       4.212232868396e-03       6.584749967907e+03 
       4.261008226228e-03       6.640293057605e+03 
       4.310348376085e-03       6.696066576408e+03 
       4.360259857950e-03       6.752065722815e+03 
       4.410749287536e-03       6.808285979821e+03 
       4.461823357163e-03       6.864721526283e+03 
       4.513488836643e-03       6.921369713302e+03 
       4.565752574180e-03       6.978222709181e+03 
       4.618621497274e-03       7.035275844805e+03 
       4.672102613646e-03       7.092523698872e+03 
       4.726203012158e-03       7.149961319711e+03 
       4.780929863760e-03       7.207581364126e+03 
       4.836290422438e-03       7.265378334254e+03 
       4.892292026172e-03       7.323346605951e+03 
       4.948942097915e-03       7.381479298724e+03 
       5.006248146573e-03       7.439769540321e+03 
       5.064217767999e-03       7.498211670943e+03 
       5.122858646006e-03       7.556796541761e+03 
       5.182178553378e-03       7.615518961193e+03 
       5.242185352903e-03       7.674370035094e+03 
       5.302886998419e-03       7.733344134429e+03 
       5.364291535862e-03       7.792432410320e+03 
       5.426407104339e-03       7.851627418389e+03 
       5.489241937199e-03       7.910919594258e+03 
       5.552804363132e-03       7.970302199042e+03 
       5.617102807269e-03       8.029766615148e+03 
       5.682145792299e-03       8.089320027109e+03 
       5.747941939599e-03       8.148925805991e+03 
       5.814499970377e-03       8.208588174635e+03 
       5.881828706829e-03       8.268297085637e+03 
       5.949937073304e-03       8.328044219700e+03 
       6.018834097493e-03       8.387827399593e+03 
       6.088528911623e-03       8.447636668403e+03 
       6.159030753666e-03       8.507457278727e+03 
       6.230348968563e-03       8.567247478588e+03 
       6.302493009468e-03       8.627022559131e+03 
       6.375472438994e-03       8.686777847722e+03 
       6.449296930487e-03       8.746498107259e+03 
       6.523976269302e-03       8.806170403097e+03 
       6.599520354105e-03       8.865777298533e+03 
       6.675939198182e-03       8.925316503404e+03 
       6.753242930770e-03       8.984757176658e+03 
       6.831441798392e-03       9.044102324272e+03 
       6.910546166226e-03       9.103338815817e+03 
       6.990566519469e-03       9.162462088998e+03 
       7.071513464732e-03       9.221457539729e+03 
       7.153397731445e-03       9.280298312059e+03 
       7.236230173279e-03       9.339007499675e+03 
       7.320021769585e-03       9.397524358129e+03 
       7.404783626847e-03       9.455861424607e+03 
       7.490526980159e-03       9.513989405966e+03 
       7.577263194708e-03       9.571920431924e+03 
       7.665003767286e-03       9.629603373905e+03 
       7.753760327811e-03       9.687045539366e+03 
       7.843544640869e-03       9.744242004510e+03 
       7.934368607274e-03       9.801156758799e+03 
       8.026244265643e-03       9.857780967679e+03 
       8.119183793996e-03       9.914113641067e+03 
       8.213199511366e-03       9.970107970191e+03 
       8.308303879435e-03       1.002577775073e+04 
       8.404509504185e-03       1.008108454788e+04 
       8.501829137565e-03       1.013602742499e+04 
       8.600275679189e-03       1.019057457738e+04 
       8.699862178039e-03       1.024472516586e+04 
       8.800601834197e-03       1.029844878398e+04 
       8.902508000595e-03       1.035173050237e+04 
       9.005594184787e-03       1.040455497937e+04 
       9.109874050733e-03       1.045690655242e+04 
       9.215361420617e-03       1.050876305911e+04 
       9.322070276675e-03       1.056010581500e+04 
       9.430014763051e-03       1.061091605543e+04 
       9.539209187670e-03       1.066117116408e+04 
       9.649668024135e-03       1.071086154519e+04 
       9.761405913643e-03       1.075995561774e+04 
       9.874437666933e-03       1.080843919857e+04 
       9.988778266239e-03       1.085628371501e+04 
       1.010444286729e-02       1.090349152844e+04 
       1.022144680129e-02       1.095001834108e+04 
       1.033980557699e-02       1.099584749627e+04 
       1.045953488273e-02       1.104096409470e+04 
       1.058065058848e-02       1.108536026718e+04 
       1.070316874801e-02       1.112898924075e+04 
       1.082710560097e-02       1.117184627484e+04 
       1.095247757504e-02       1.121389819168e+04 
       1.107930128815e-02       1.125511963085e+04 
       1.120759355065e-02       1.129550699320e+04 
       1.133737136753e-02       1.133504025885e+04 
       1.146865194071e-02       1.137365330463e+04 
       1.160145267128e-02       1.141137246749e+04 
       1.173579116184e-02       1.144815342450e+04 
       1.187168521880e-02       1.148396540007e+04 
       1.200915285478e-02       1.151881761607e+04 
       1.214821229096e-02       1.155265582626e+04 
       1.228888195952e-02       1.158546938092e+04 
       1.243118050608e-02       1.161722838015e+04 
       1.257512679215e-02       1.164791948805e+04 
       1.272073989765e-02       1.167750721132e+04 
       1.286803912344e-02       1.170596909127e+04 
       1.301704399389e-02       1.173330845714e+04 
       1.316777425942e-02       1.175945435368e+04 
       1.332024989916e-02       1.178443683578e+04 
       1.347449112360e-02       1.180819602020e+04 
       1.363051837724e-02       1.183069650184e+04 
       1.378835234133e-02       1.185195650516e+04 
       1.394801393658e-02       1.187192235294e+04 
       1.410952432598e-02       1.189057770276e+04 
       1.427290491755e-02       1.190790772403e+04 
       1.443817736720e-02       1.192387588201e+04 
       1.460536358164e-02       1.193846842882e+04 
       1.477448572120e-02       1.195167611726e+04 
       1.494556620285e-02       1.196345088255e+04 
       1.511862770312e-02       1.197377720250e+04 
       1.529369316114e-02       1.198264751876e+04 
       1.547078578166e-02       1.199002067454e+04 
       1.564992903812e-02       1.199588612508e+04 
       1.583114667580e-02       1.200022715813e+04 
       1.601446271493e-02       1.200301871197e+04 
       1.619990145389e-02       1.200424888402e+04 
       1.638748747246e-02       1.200388339857e+04 
       1.657724563506e-02       1.200193784083e+04 
       1.676920109407e-02       1.199832255351e+04 
       1.696337929317e-02       1.199309665180e+04 
       1.715980597075e-02       1.198618684018e+04 
       1.735850716334e-02       1.197763126802e+04 
       1.755950920908e-02       1.196734661585e+04 
       1.776283875134e-02       1.195541292699e+04 
       1.796852274223e-02       1.194169577965e+04 
       1.817658844635e-02       1.192629555020e+04 
       1.838706344447e-02       1.190912896502e+04 
       1.859997563740e-02       1.189020395724e+04 
       1.881535324991e-02       1.186952972481e+04 
       1.903322483474e-02       1.184707934043e+04 
       1.925361927679e-02       1.182281334584e+04 
       1.947656579742e-02       1.179678872802e+04 
       1.970209395897e-02       1.176894475243e+04 
       1.993023366950e-02       1.173934285696e+04 
       2.016101518774e-02       1.170790931649e+04 
       2.039446912848e-02       1.167465736889e+04 
       2.063062646818e-02       1.163961266812e+04 
       2.086951855124e-02       1.160278749923e+04 
       2.111117709666e-02       1.156413460409e+04 
       2.135563420550e-02       1.152371709677e+04 
       2.160292236908e-02       1.148146224279e+04 
       2.185307447818e-02       1.143747312167e+04 
       2.210612383338e-02       1.139169122345e+04 
       2.236210415680e-02       1.134414675786e+04 
       2.262104960546e-02       1.129486181603e+04 
       2.288299478649e-02       1.124382730851e+04 
       2.314797477468e-02       1.119107696830e+04 
       2.341602513260e-02       1.113654596116e+04 
       2.368718193377e-02       1.108053527915e+04 
       2.396148178943e-02       1.102264550366e+04 
       2.423896187926e-02       1.096337414098e+04 
       2.451965998692e-02       1.090226601537e+04 
       2.480361454087e-02       1.083976471497e+04 
       2.509086466127e-02       1.077558481603e+04 
       2.538145021381e-02       1.071003934592e+04 
       2.567541187127e-02       1.064293169892e+04 
       2.597279118383e-02       1.057436955735e+04 
       2.627363065909e-02       1.050441540918e+04 
       2.657797385294e-02       1.043307805785e+04 
       2.688586547242e-02       1.036045612052e+04 
       2.719735149174e-02       1.028653912005e+04 
       2.751247928285e-02       1.021142218663e+04 
       2.783129776182e-02       1.013509946496e+04 
       2.815385755242e-02       1.005767930894e+04 
       2.848021116838e-02       9.979168093382e+03 
       2.881041321577e-02       9.899602551166e+03 
       2.914452061697e-02       9.819121538370e+03 
       2.948259285783e-02       9.737685506924e+03 
       2.982469225948e-02       9.655453220626e+03 
       3.017088427643e-02       9.572415293600e+03 
       3.052123782246e-02       9.488597150039e+03 
       3.087582562592e-02       9.404144973748e+03 
       3.123472461601e-02       9.319073538117e+03 
       3.159801634168e-02       9.233460053761e+03 
       3.196578742476e-02       9.147390298782e+03 
       3.233813004895e-02       9.060856129056e+03 
       3.271514248655e-02       8.974000627185e+03 
       3.309692966452e-02       8.886864738069e+03 
       3.348360377189e-02       8.799475327673e+03 
       3.387528491057e-02       8.711939201860e+03 
       3.427210179161e-02       8.624313749649e+03 
       3.467419247950e-02       8.536629402758e+03 
       3.508170518691e-02       8.448996473323e+03 
       3.549479912304e-02       8.361456259802e+03 
       3.591364539867e-02       8.274060246365e+03 
       3.633842799174e-02       8.186864124553e+03 
       3.676934477750e-02       8.099986877569e+03 
       3.720660862805e-02       8.013405463856e+03 
       3.765044858648e-02       7.927203068454e+03 
       3.810111112157e-02       7.841438376960e+03 
       3.855886146991e-02       7.756242420168e+03 
       3.902398507282e-02       7.671513775087e+03 
       3.949678911674e-02       7.587409683348e+03 
       3.997760418634e-02       7.503924930628e+03 
       4.046678604114e-02       7.421170031400e+03 
       4.096471752716e-02       7.339146525415e+03 
       4.147181063663e-02       7.257883672640e+03 
       4.198850873015e-02       7.177451837984e+03 
       4.251528893686e-02       7.097867310953e+03 
       4.305266475000e-02       7.019143355157e+03 
       4.360118883642e-02       6.941355935936e+03 
       4.416145608059e-02       6.864505977949e+03 
       4.473410688497e-02       6.788624831998e+03 
       4.531983075032e-02       6.713715011855e+03 
       4.591937016116e-02       6.639811173468e+03 
       4.653352480282e-02       6.566875906897e+03 
       4.716315613798e-02       6.494939263280e+03 
       4.780919237134e-02       6.423992506946e+03 
       4.847263383143e-02       6.354016876433e+03 
       4.915455879869e-02       6.284971510118e+03 
       4.985612980737e-02       6.216802160960e+03 
       5.057860044681e-02       6.149472034750e+03 
       5.132332268358e-02       6.082817561373e+03 
       5.209175471993e-02       6.016840266642e+03 
       5.288546939541e-02       5.951384755663e+03 
       5.370616312617e-02       5.886341701823e+03 
       5.455566536031e-02       5.821548577167e+03 
       5.543594850602e-02       5.756605145215e+03 
       5.634913826093e-02       5.691338970139e+03 
       5.729752423577e-02       5.625418732474e+03 
       5.828357072065e-02       5.558468687055e+03 
       5.930992738750e-02       5.490053176635e+03 
       6.037943965639e-02       5.419681949209e+03 
       6.149515837539e-02       5.346753576748e+03 
       6.266034837489e-02       5.270649274459e+03 
       6.387849535787e-02       5.190658257471e+03 
       6.515331048225e-02       5.105998104839e+03 
       6.648873188610e-02       5.015900209554e+03 
       6.788892231027e-02       4.919539248148e+03 
       6.935826190049e-02       4.816124176370e+03 
       7.090133524077e-02       4.704953408235e+03 
       7.252291170431e-02       4.585446460304e+03 
       7.422791833445e-02       4.457281719535e+03 
       7.602140471295e-02       4.320402690550e+03 
       7.790849965846e-02       4.175188386882e+03 
       7.989436013734e-02       4.022482644208e+03 
       8.198411345317e-02       3.863728327433e+03 
       8.418279457782e-02       3.700868545673e+03 
       8.649528132425e-02       3.536584227662e+03 
       8.892623084056e-02       3.373786599123e+03 
       9.148002149420e-02       3.215755799691e+03 
       9.416070448389e-02       3.065763268432e+03 
       9.697196934891e-02       2.926739793182e+03 
       9.991712688390e-02       2.800904982473e+03 
       1.029991118334e-01       2.689419884554e+03 
       1.062205062446e-01       2.592092666858e+03 
       1.095835826926e-01       2.507237112161e+03 
       1.130903649857e-01       2.431635992828e+03 
       1.167427026463e-01       2.360852018125e+03 
       1.205423545979e-01       2.289742588939e+03 
       1.244910771672e-01       2.213325652843e+03 
       1.285907116966e-01       2.127827493662e+03 
       1.328432676637e-01       2.031716847719e+03 
       1.372509980625e-01       1.926241648074e+03 
       1.418164647526e-01       1.815409297950e+03 
       1.465425923853e-01       1.705082392498e+03 
       1.514327102647e-01       1.601567435677e+03 
       1.564905820360e-01       1.510074181266e+03 
       1.617204234061e-01       1.433296667963e+03 
       1.671269081914e-01       1.370842323653e+03 
       1.727151629042e-01       1.319246366375e+03 
       1.784907498605e-01       1.272969792265e+03 
       1.844596384682e-01       1.226096398724e+03 
       1.906281639760e-01       1.174198547498e+03 
       1.970029725646e-01       1.115713020225e+03 
       2.035909512833e-01       1.053121716465e+03 
       2.103991410192e-01       9.916168330316e+02 
       2.174346304690e-01       9.361815618174e+02 
       2.247044290321e-01       8.892024574378e+02 
       2.322153167092e-01       8.501417275864e+02 
       2.399736695590e-01       8.160841333982e+02 
       2.479852601122e-01       7.828748955733e+02 
       2.562550334496e-01       7.475087539727e+02 
       2.647868614759e-01       7.100638945109e+02 
       2.735832802941e-01       6.729868670351e+02 
       2.826452184446e-01       6.391852174469e+02 
       2.919717269740e-01       6.100993915664e+02 
       3.015597255563e-01       5.846007354116e+02 
       3.114037817695e-01       5.603616998903e+02 
       3.214959425893e-01       5.360013983078e+02 
       3.318256375735e-01       5.116373275660e+02 
       3.423796715214e-01       4.886406517802e+02 
       3.531423202327e-01       4.679569300984e+02 
       3.640955363725e-01       4.493616990256e+02 
       3.752192638445e-01       4.319894541753e+02 
       3.864918494696e-01       4.151434437223e+02 
       3.978905314904e-01       3.990239124819e+02 
       4.093919769343e-01       3.840007491699e+02 
       4.209728353953e-01       3.702384891345e+02 
       4.326102760544e-01       3.575119266359e+02 
       4.442824777637e-01       3.455736266048e+02 
       4.559690481205e-01       3.342855636980e+02 
       4.676513555056e-01       3.236515842910e+02 
       4.793127667195e-01       3.137470296634e+02 
       4.909387908973e-01       3.045414768074e+02 
       5.025171369220e-01       2.959507503866e+02 
       5.140376961102e-01       2.878426466726e+02 
       5.254924644576e-01       2.801995950683e+02 
       5.368754194287e-01       2.730036804115e+02 
       5.481823655848e-01       2.662539437295e+02 
       5.594107617195e-01       2.598959051293e+02 
       5.705595400550e-01       2.538893721286e+02 
       5.816289257837e-01       2.482013984044e+02 
       5.926202630720e-01       2.428029417031e+02 
       6.035358517225e-01       2.376848477425e+02 
       6.143787970843e-01       2.328188181529e+02 
       6.251528745371e-01       2.281948105552e+02 
       6.358624089144e-01       2.237826968217e+02 
       6.465121685510e-01       2.195680066219e+02 
       6.571072731835e-01       2.155366492188e+02 
       6.676531146472e-01       2.116727074755e+02 
       6.781552891721e-01       2.079705447306e+02 
       6.886195400249e-01       2.044116414992e+02 
       6.990517092646e-01       2.009902188378e+02 
       7.094576974375e-01       1.976934252600e+02 
       7.198434301261e-01       1.945118390553e+02 
       7.302148303649e-01       1.914410173629e+02 
       7.405777960427e-01       1.884691569042e+02 
       7.509381815143e-01       1.855941351491e+02 
       7.613017827429e-01       1.828063715232e+02 
       7.716743253878e-01       1.801007708473e+02 
       7.820614553337e-01       1.774738280340e+02 
       7.924687312330e-01       1.749172649663e+02 
       8.029016186997e-01       1.724303533966e+02 
       8.133654858505e-01       1.700061871141e+02 
       8.238655999407e-01       1.676424835646e+02 
       8.344071248845e-01       1.653358229976e+02 
       8.449951194894e-01       1.630814008588e+02 
       8.556345362653e-01       1.608786825496e+02 
       8.663302206983e-01       1.587223691390e+02 
       8.770869109000e-01       1.566120055086e+02 
       8.879092375671e-01       1.545441009344e+02 
       8.988017241989e-01       1.525165265351e+02 
       9.097687875365e-01       1.505281087345e+02 
       9.208147381985e-01       1.485754607997e+02 
       9.319437814974e-01       1.466586817708e+02 
       9.431600184265e-01       1.447743251481e+02 
       9.544674468161e-01       1.429224187500e+02 
       9.658699626592e-01       1.411005731495e+02 
       9.773713616094e-01       1.393078672987e+02 
       9.889753406586e-01       1.375429267671e+02 
       1.000685499999e+00       1.358046630535e+02 
       1.012505345074e+00       1.340924572626e+02 
       1.024438288829e+00       1.324045563724e+02 
       1.036487654152e+00       1.307409615353e+02 
       1.048656676523e+00       1.290998519934e+02 
       1.060948506856e+00       1.274814236947e+02 
       1.073366214533e+00       1.258839913448e+02 
       1.085912790628e+00       1.243079347357e+02 
       1.098591151308e+00       1.227514649221e+02 
       1.111404141391e+00       1.212150446404e+02 
       1.124354538064e+00       1.196972462349e+02 
       1.137445054717e+00       1.181983646202e+02 
       1.150678344901e+00       1.167171775621e+02 
       1.164057006365e+00       1.152538723139e+02 
       1.177583585163e+00       1.138074318444e+02 
       1.191260579804e+00       1.123779487697e+02 
       1.205090445420e+00       1.109646882308e+02 
       1.219075597923e+00       1.095674828557e+02 
       1.233218418141e+00       1.081860026005e+02 
       1.247521255894e+00       1.068197248343e+02 
       1.261986434000e+00       1.054686460519e+02 
       1.276616252188e+00       1.041321083076e+02 
       1.291412990898e+00       1.028102467329e+02 
       1.306378914955e+00       1.015024600535e+02 
       1.321516277098e+00       1.002087085057e+02 
       1.336827321369e+00       9.892874945155e+01 
       1.352314286322e+00       9.766219453441e+01 
       1.367979408086e+00       9.640908992633e+01 
       1.383824923237e+00       9.516901037661e+01 
       1.399853071511e+00       9.394184429126e+01 
       1.416066098337e+00       9.272748333343e+01 
       1.432466257197e+00       9.152557535760e+01 
       1.449055811823e+00       9.033608123459e+01 
       1.465837038228e+00       8.915881251632e+01 
       1.482812226579e+00       8.799351752453e+01 
       1.499983682926e+00       8.684014502829e+01 
       1.517353730788e+00       8.569852796624e+01 
       1.534924712601e+00       8.456844265677e+01 
       1.552698991052e+00       8.344981765153e+01 
       1.570678950293e+00       8.234255187277e+01 
       1.588866997055e+00       8.124643826279e+01 
       1.607265561661e+00       8.016137495007e+01 
       1.625877098964e+00       7.908726885249e+01 
       1.644704089192e+00       7.802399885020e+01 
       1.663749038743e+00       7.697139995555e+01 
       1.683014480901e+00       7.592939765200e+01 
       1.702502976515e+00       7.489789734281e+01 
       1.722217114619e+00       7.387678098089e+01 
       1.742159513021e+00       7.286592574591e+01 
       1.762332818851e+00       7.186523869993e+01 
       1.782739709082e+00       7.087464296070e+01 
       1.803382891032e+00       6.989404815612e+01 
       1.824265102835e+00       6.892335067444e+01 
       1.845389113907e+00       6.796245769762e+01 
       1.866757725388e+00       6.701128354720e+01 
       1.888373770584e+00       6.606975856026e+01 
       1.910240115392e+00       6.513779541834e+01 
       1.932359658724e+00       6.421531745152e+01 
       1.954735332927e+00       6.330225271067e+01 
       1.977370104197e+00       6.239851136361e+01 
       2.000266972997e+00       6.150403141746e+01 
       2.023428974470e+00       6.061872797332e+01 
       2.046859178856e+00       5.974254944801e+01 
       2.070560691911e+00       5.887541486452e+01 
       2.094536655324e+00       5.801726810499e+01 
       2.118790247141e+00       5.716804343223e+01 
       2.143324682195e+00       5.632767254833e+01 
       2.168143212530e+00       5.549610392936e+01 
       2.193249127838e+00       5.467326765295e+01 
       2.218645755901e+00       5.385910522876e+01 
       2.244336463024e+00       5.305356465086e+01 
       2.270324654493e+00       5.225658562233e+01 
       2.296613775020e+00       5.146811329283e+01 
       2.323207309205e+00       5.068809678834e+01 
       2.350108781995e+00       4.991647711719e+01 
       2.377321759153e+00       4.915320552535e+01 
       2.404849847732e+00       4.839822912928e+01 
       2.432696696551e+00       4.765149865901e+01 
       2.460865996680e+00       4.691296504233e+01 
       2.489361481931e+00       4.618257744386e+01 
       2.518186929349e+00       4.546028857134e+01 
       2.547346159716e+00       4.474605233003e+01 
       2.576843038057e+00       4.403981917218e+01 
       2.606681474152e+00       4.334154984675e+01 
       2.636865423052e+00       4.265119141598e+01 
       2.667398885608e+00       4.196870093702e+01 
       2.698285908997e+00       4.129403561459e+01 
       2.729530587260e+00       4.062715066708e+01 
       2.761137061846e+00       3.996800244567e+01 
       2.793109522159e+00       3.931654713071e+01 
       2.825452206114e+00       3.867274326463e+01 
       2.858169400698e+00       3.803654785768e+01 
       2.891265442541e+00       3.740791944168e+01 
       2.924744718486e+00       3.678681471588e+01 
       2.958611666175e+00       3.617319389132e+01 
       2.992870774637e+00       3.556701447860e+01 
       3.027526584877e+00       3.496823526474e+01 
       3.062583690488e+00       3.437681565373e+01 
       3.098046738249e+00       3.379271403593e+01 
       3.133920428749e+00       3.321588977237e+01 
       3.170209517008e+00       3.264630184425e+01 
       3.206918813105e+00       3.208390898699e+01 
       3.244053182816e+00       3.152867116799e+01 
       3.281617548263e+00       3.098054659072e+01 
       3.319616888562e+00       3.043949465003e+01 
       3.358056240483e+00       2.990547404040e+01 
       3.396940699122e+00       2.937844316603e+01 
       3.436275418571e+00       2.885836047945e+01 
       3.476065612605e+00       2.834518437190e+01 
       3.516316555371e+00       2.783887306513e+01 
       3.557033582087e+00       2.733938417674e+01 
       3.598222089752e+00       2.684667532693e+01 
       3.639887537857e+00       2.636070368519e+01 
       3.682035449113e+00       2.588142614544e+01 
       3.724671410179e+00       2.540879924306e+01 
       3.767801072406e+00       2.494277912242e+01 
       3.811430152585e+00       2.448332161640e+01 
       3.855564433701e+00       2.403038210760e+01 
       3.900209765707e+00       2.358391553132e+01 
       3.945372066293e+00       2.314387645905e+01 
       3.991057321673e+00       2.271021890028e+01 
       4.037271587378e+00       2.228289650992e+01 
       4.084020989059e+00       2.186186242305e+01 
       4.131311723298e+00       2.144706929331e+01 
       4.179150058432e+00       2.103846928911e+01 
       4.227542335379e+00       2.063601409057e+01 
       4.276494968483e+00       2.023965487186e+01 
       4.326014446363e+00       1.984934231229e+01 
       4.376107332772e+00       1.946502659157e+01 
       4.426780267469e+00       1.908665739532e+01 
       4.478039967095e+00       1.871418390832e+01 
       4.529893226067e+00       1.834755482200e+01 
       4.582346917481e+00       1.798671836383e+01 
       4.635407994015e+00       1.763162226636e+01 
       4.689083488858e+00       1.728221381598e+01 
       4.743380516638e+00       1.693843983984e+01 
       4.798306274367e+00       1.660024672719e+01 
       4.853868042396e+00       1.626758044267e+01 
       4.910073185377e+00       1.594038654285e+01 
       4.966929153240e+00       1.561861019273e+01 
       5.024443482182e+00       1.530219618485e+01 
       5.082623795665e+00       1.499108895575e+01 
       5.141477805427e+00       1.468523260998e+01 
       5.201013312504e+00       1.438457093827e+01 
       5.261238208261e+00       1.408904743974e+01 
       5.322160475444e+00       1.379860534517e+01 
       5.383788189233e+00       1.351318763994e+01 
       5.446129518315e+00       1.323273708689e+01 
       5.509192725966e+00       1.295719625038e+01 
       5.572986171145e+00       1.268650752112e+01 
       5.637518309605e+00       1.242061314003e+01 
       5.702797695011e+00       1.215945522295e+01 
       5.768832980073e+00       1.190297578526e+01 
       5.835632917699e+00       1.165111676662e+01 
       5.903206362147e+00       1.140382005543e+01 
       5.971562270204e+00       1.116102751336e+01 
       6.040709702372e+00       1.092268099935e+01 
       6.110657824068e+00       1.068872239376e+01 
       6.181415906840e+00       1.045909362190e+01 
       6.252993329595e+00       1.023373667739e+01 
       6.325399579842e+00       1.001259364501e+01 
       6.398644254953e+00       9.795606723225e+00 
       6.472737063428e+00       9.582718246189e+00 
       6.547687826191e+00       9.373870705259e+00 
       6.623506477882e+00       9.169006770037e+00 
       6.700203068183e+00       8.968069308846e+00 
       6.777787763143e+00       8.771001408671e+00 
       6.856270846529e+00       8.577746394528e+00 
       6.935662721190e+00       8.388247848263e+00 
       7.015973910432e+00       8.202449626758e+00 
       7.097215059417e+00       8.020295879542e+00 
       7.179396936570e+00       7.841731065805e+00 
       7.262530435011e+00       7.666699970804e+00 
       7.346626573994e+00       7.495147721669e+00 
       7.431696500372e+00       7.327019802591e+00 
       7.517751490072e+00       7.162262069415e+00 
       7.604802949588e+00       7.000820763620e+00 
       7.692862417499e+00       6.842642525698e+00 
       7.781941565990e+00       6.687674407937e+00 
       7.872052202406e+00       6.535863886609e+00 
       7.963206270816e+00       6.387158873564e+00 
       8.055415853591e+00       6.241507727248e+00 
       8.148693173012e+00       6.098859263139e+00 
       8.243050592887e+00       5.959162763621e+00 
       8.338500620189e+00       5.822367987283e+00 
       8.435055906717e+00       5.688425177681e+00 
       8.532729250768e+00       5.557285071543e+00 
       8.631533598839e+00       5.428898906440e+00 
       8.731482047340e+00       5.303218427937e+00 
       8.832587844328e+00       5.180195896220e+00 
       8.934864391268e+00       5.059784092218e+00 
       9.038325244805e+00       4.941936323230e+00 
       9.142984118564e+00       4.826606428064e+00 
       9.248854884963e+00       4.713748781705e+00 
       9.355951577060e+00       4.603318299508e+00 
       9.464288390405e+00       4.495270440951e+00 
       9.573879684924e+00       4.389561212936e+00 
       9.684739986825e+00       4.286147172665e+00 
       9.796883990522e+00       4.184985430091e+00 
       9.910326560580e+00       4.086033649967e+00 
       1.002508273369e+01       3.989250053494e+00 
       1.014116772065e+01       3.894593419588e+00 
       1.025859690842e+01       3.802023085772e+00 
       1.037738586209e+01       3.711498948705e+00 
       1.049755032702e+01       3.622981464368e+00 
       1.061910623087e+01       3.536431647900e+00 
       1.074206968575e+01       3.451811073120e+00 
       1.086645699033e+01       3.369081871727e+00 
       1.099228463202e+01       3.288206732195e+00 
       1.111956928913e+01       3.209148898380e+00 
       1.124832783310e+01       3.131872167845e+00 
       1.137857733075e+01       3.056340889908e+00 
       1.151033504649e+01       2.982519963444e+00 
       1.164361844468e+01       2.910374834424e+00 
       1.177844519188e+01       2.839871493227e+00 
       1.191483315923e+01       2.770976471721e+00 
       1.205280042481e+01       2.703656840126e+00 
       1.219236527603e+01       2.637880203671e+00 
       1.233354621207e+01       2.573614699057e+00 
       1.247636194629e+01       2.510828990731e+00 
       1.262083140878e+01       2.449492266982e+00 
       1.276697374880e+01       2.389574235872e+00 
       1.291480833736e+01       2.331045121005e+00 
       1.306435476978e+01       2.273875657154e+00 
       1.321563286827e+01       2.218037085734e+00 
       1.336866268458e+01       2.163501150162e+00 
       1.352346450266e+01       2.110240091074e+00 
       1.368005884130e+01       2.058226641442e+00 
       1.383846645693e+01       2.007434021576e+00 
       1.399870834629e+01       1.957835934028e+00 
       1.416080574928e+01       1.909406558405e+00 
       1.432478015174e+01       1.862120546097e+00 
       1.449065328829e+01       1.815953014932e+00 
       1.465844714524e+01       1.770879543750e+00 
       1.482818396348e+01       1.726876166924e+00 
       1.499988624144e+01       1.683919368819e+00 
       1.517357673808e+01       1.641986078203e+00 
       1.534927847588e+01       1.601053662607e+00 
       1.552701474391e+01       1.561099922653e+00 
       1.570680910093e+01       1.522103086347e+00 
       1.588868537848e+01       1.484041803340e+00 
       1.607266768407e+01       1.446895139171e+00 
       1.625878040435e+01       1.410642569493e+00 
       1.644704820837e+01       1.375263974281e+00 
       1.663749605081e+01       1.340739632039e+00 
       1.683014917533e+01       1.307050213998e+00 
       1.702503311789e+01       1.274176778314e+00 
       1.722217371015e+01       1.242100764280e+00 
       1.742159708288e+01       1.210803986537e+00 
       1.762332966944e+01       1.180268629300e+00 
       1.782739820925e+01       1.150477240601e+00 
       1.803382975139e+01       1.121412726556e+00 
       1.824265165813e+01       1.093058345645e+00 
       1.845389160858e+01       1.065397703030e+00 
       1.866757760238e+01       1.038414744887e+00 
       1.888373796337e+01       1.012093752786e+00 
       1.910240134337e+01       9.864193380910e-01 
       1.932359672598e+01       9.613764364077e-01 
       1.954735343041e+01       9.369503020621e-01 
       1.977370111536e+01       9.131265026252e-01 
       2.000266978297e+01       8.898909134793e-01 
       2.023428978280e+01       8.672297124298e-01 
       2.046859181582e+01       8.451293743644e-01 
       2.070560693852e+01       8.235766659605e-01 
       2.094536656699e+01       8.025586404440e-01 
       2.118790248111e+01       7.820626323987e-01 
       2.143324682875e+01       7.620762526299e-01 
       2.168143213004e+01       7.425873830822e-01 
       2.193249128168e+01       7.235841718128e-01 
       2.218645756128e+01       7.050550280215e-01 
       2.244336463180e+01       6.869886171385e-01 
       2.270324654600e+01       6.693738559707e-01 
       2.296613775093e+01       6.521999079070e-01 
       2.323207309254e+01       6.354561781838e-01 
       2.350108782028e+01       6.191323092113e-01 
       2.377321759175e+01       6.032181759605e-01 
       2.404849847747e+01       5.877038814122e-01 
       2.432696696560e+01       5.725797520677e-01 
       2.460865996687e+01       5.578363335217e-01 
       2.489361481935e+01       5.434643860985e-01 
       2.518186929351e+01       5.294548805499e-01 
       2.547346159718e+01       5.157989938166e-01 
       2.576843038058e+01       5.024881048529e-01 
       2.606681474152e+01       4.895137905134e-01 
       2.636865423052e+01       4.768678215036e-01 
       2.667398885608e+01       4.645421583930e-01 
       2.698285908997e+01       4.525289476905e-01 
       2.729530587260e+01       4.408205179837e-01 
       2.761137061846e+01       4.294093761389e-01 
       2.793109522159e+01       4.182882035644e-01 
       2.825452206114e+01       4.074498525355e-01 
       2.858169400698e+01       3.968873425802e-01 
       2.891265442541e+01       3.865938569275e-01 
       2.924744718486e+01       3.765627390146e-01 
       2.958611666176e+01       3.667874890564e-01 
       2.992870774637e+01       3.572617606733e-01 
       3.027526584878e+01       3.479793575794e-01 
