# Matter power spectrum P(k) at redshift z=0.5
# for k=2.10311e-07 to 30.1604 h/Mpc,
# number of wavenumbers equal to 1500
#    1:k (h/Mpc)              2:P (Mpc/h)^3        
       2.103109880012e-07       6.031408251624e-01 
       2.127462744672e-07       6.098931083706e-01 
       2.152097602213e-07       6.167209847565e-01 
       2.177017717961e-07       6.236253006009e-01 
       2.202226395049e-07       6.306069116597e-01 
       2.227726974860e-07       6.376666832691e-01 
       2.253522837469e-07       6.448054904528e-01 
       2.279617402089e-07       6.520242180304e-01 
       2.306014127527e-07       6.593237607267e-01 
       2.332716512639e-07       6.667050232840e-01 
       2.359728096799e-07       6.741689205710e-01 
       2.387052460361e-07       6.817163776997e-01 
       2.414693225142e-07       6.893483301426e-01 
       2.442654054894e-07       6.970657238419e-01 
       2.470938655796e-07       7.048695153287e-01 
       2.499550776940e-07       7.127606718438e-01 
       2.528494210831e-07       7.207401714579e-01 
       2.557772793892e-07       7.288090031909e-01 
       2.587390406966e-07       7.369681671342e-01 
       2.617350975836e-07       7.452186745742e-01 
       2.647658471743e-07       7.535615481200e-01 
       2.678316911912e-07       7.619978218293e-01 
       2.709330360087e-07       7.705285413365e-01 
       2.740702927067e-07       7.791547639822e-01 
       2.772438771251e-07       7.878775589439e-01 
       2.804542099191e-07       7.966980073694e-01 
       2.837017166149e-07       8.056172025093e-01 
       2.869868276659e-07       8.146362498348e-01 
       2.903099785100e-07       8.237562672180e-01 
       2.936716096274e-07       8.329783850523e-01 
       2.970721665985e-07       8.423037463736e-01 
       3.005121001635e-07       8.517335070152e-01 
       3.039918662819e-07       8.612688357489e-01 
       3.075119261929e-07       8.709109144304e-01 
       3.110727464766e-07       8.806609381479e-01 
       3.146747991159e-07       8.905201153694e-01 
       3.183185615590e-07       9.004896680917e-01 
       3.220045167827e-07       9.105708319904e-01 
       3.257331533562e-07       9.207648565757e-01 
       3.295049655065e-07       9.310730053467e-01 
       3.333204531829e-07       9.414965559480e-01 
       3.371801221245e-07       9.520368003276e-01 
       3.410844839260e-07       9.626950448965e-01 
       3.450340561063e-07       9.734726106915e-01 
       3.490293621771e-07       9.843708335385e-01 
       3.530709317118e-07       9.953910642183e-01 
       3.571593004161e-07       1.006534668634e+00 
       3.612950101987e-07       1.017803027982e+00 
       3.654786092437e-07       1.029197538919e+00 
       3.697106520824e-07       1.040719613738e+00 
       3.739916996676e-07       1.052370680545e+00 
       3.783223194474e-07       1.064152183433e+00 
       3.827030854410e-07       1.076065582661e+00 
       3.871345783140e-07       1.088112354835e+00 
       3.916173854560e-07       1.100293993096e+00 
       3.961521010582e-07       1.112612007297e+00 
       4.007393261924e-07       1.125067924196e+00 
       4.053796688902e-07       1.137663287624e+00 
       4.100737442240e-07       1.150399658682e+00 
       4.148221743884e-07       1.163278616037e+00 
       4.196255887828e-07       1.176301755976e+00 
       4.244846240943e-07       1.189470692653e+00 
       4.293999243831e-07       1.202787058294e+00 
       4.343721411667e-07       1.216252503398e+00 
       4.394019335071e-07       1.229868696941e+00 
       4.444899680978e-07       1.243637326583e+00 
       4.496369193524e-07       1.257560098880e+00 
       4.548434694936e-07       1.271638739491e+00 
       4.601103086440e-07       1.285874993394e+00 
       4.654381349175e-07       1.300270625105e+00 
       4.708276545116e-07       1.314827418892e+00 
       4.762795818013e-07       1.329547178999e+00 
       4.817946394337e-07       1.344431729870e+00 
       4.873735584237e-07       1.359482916372e+00 
       4.930170782509e-07       1.374702604028e+00 
       4.987259469579e-07       1.390092679239e+00 
       5.045009212489e-07       1.405655049502e+00 
       5.103427665906e-07       1.421391643731e+00 
       5.162522573132e-07       1.437304412409e+00 
       5.222301767133e-07       1.453395327851e+00 
       5.282773171577e-07       1.469666384454e+00 
       5.343944801883e-07       1.486119598931e+00 
       5.405824766284e-07       1.502757010574e+00 
       5.468421266902e-07       1.519580681509e+00 
       5.531742600836e-07       1.536592696949e+00 
       5.595797161260e-07       1.553795165456e+00 
       5.660593438536e-07       1.571190219195e+00 
       5.726140021341e-07       1.588780014204e+00 
       5.792445597804e-07       1.606566730656e+00 
       5.859518956657e-07       1.624552573133e+00 
       5.927368988401e-07       1.642739770894e+00 
       5.996004686483e-07       1.661130578158e+00 
       6.065435148493e-07       1.679727274378e+00 
       6.135669577361e-07       1.698532164527e+00 
       6.206717282586e-07       1.717547579385e+00 
       6.278587681464e-07       1.736775875823e+00 
       6.351290300338e-07       1.756219437101e+00 
       6.424834775862e-07       1.775880673158e+00 
       6.499230856277e-07       1.795762020905e+00 
       6.574488402701e-07       1.815865944548e+00 
       6.650617390443e-07       1.836194935882e+00 
       6.727627910316e-07       1.856751514593e+00 
       6.805530169981e-07       1.877538228572e+00 
       6.884334495298e-07       1.898557654240e+00 
       6.964051331696e-07       1.919812396859e+00 
       7.044691245555e-07       1.941305090854e+00 
       7.126264925608e-07       1.963038400157e+00 
       7.208783184358e-07       1.985015018510e+00 
       7.292256959511e-07       2.007237669807e+00 
       7.376697315425e-07       2.029709108453e+00 
       7.462115444578e-07       2.052432119691e+00 
       7.548522669051e-07       2.075409519934e+00 
       7.635930442027e-07       2.098644157126e+00 
       7.724350349312e-07       2.122138911094e+00 
       7.813794110870e-07       2.145896693910e+00 
       7.904273582373e-07       2.169920450250e+00 
       7.995800756777e-07       2.194213157756e+00 
       8.088387765912e-07       2.218777827404e+00 
       8.182046882084e-07       2.243617503876e+00 
       8.276790519707e-07       2.268735265943e+00 
       8.372631236949e-07       2.294134226837e+00 
       8.469581737392e-07       2.319817534656e+00 
       8.567654871721e-07       2.345788372736e+00 
       8.666863639422e-07       2.372049960007e+00 
       8.767221190512e-07       2.398605551393e+00 
       8.868740827274e-07       2.425458438483e+00 
       8.971436006026e-07       2.452611949560e+00 
       9.075320338903e-07       2.480069450186e+00 
       9.180407595662e-07       2.507834343276e+00 
       9.286711705503e-07       2.535910069865e+00 
       9.394246758921e-07       2.564300110845e+00 
       9.503027009573e-07       2.593007984737e+00 
       9.613066876161e-07       2.622037250114e+00 
       9.724380944350e-07       2.651391504668e+00 
       9.836983968701e-07       2.681074386318e+00 
       9.950890874622e-07       2.711089574390e+00 
       1.006611676035e-06       2.741440789769e+00 
       1.018267689895e-06       2.772131793934e+00 
       1.030058674035e-06       2.803166390732e+00 
       1.041986191336e-06       2.834548426884e+00 
       1.054051822778e-06       2.866281792142e+00 
       1.066257167647e-06       2.898370419847e+00 
       1.078603843749e-06       2.930818287141e+00 
       1.091093487622e-06       2.963629415763e+00 
       1.103727754756e-06       2.996807872550e+00 
       1.116508319807e-06       3.030357769858e+00 
       1.129436876827e-06       3.064283266103e+00 
       1.142515139482e-06       3.098588566230e+00 
       1.155744841281e-06       3.133277922248e+00 
       1.169127735806e-06       3.168355633779e+00 
       1.182665596947e-06       3.203826048567e+00 
       1.196360219132e-06       3.239693563026e+00 
       1.210213417568e-06       3.275962622795e+00 
       1.224227028481e-06       3.312637723297e+00 
       1.238402909361e-06       3.349723410285e+00 
       1.252742939205e-06       3.387224280408e+00 
       1.267249018769e-06       3.425144981778e+00 
       1.281923070818e-06       3.463490214546e+00 
       1.296767040381e-06       3.502264731481e+00 
       1.311782895011e-06       3.541473338565e+00 
       1.326972625043e-06       3.581120895581e+00 
       1.342338243859e-06       3.621212316723e+00 
       1.357881788155e-06       3.661752571198e+00 
       1.373605318211e-06       3.702746683849e+00 
       1.389510918164e-06       3.744199735774e+00 
       1.405600696285e-06       3.786116864958e+00 
       1.421876785255e-06       3.828503266907e+00 
       1.438341342453e-06       3.871364195296e+00 
       1.454996550238e-06       3.914704962617e+00 
       1.471844616240e-06       3.958530940842e+00 
       1.488887773651e-06       4.002847562068e+00 
       1.506128281525e-06       4.047660319221e+00 
       1.523568425070e-06       4.092974766746e+00 
       1.541210515960e-06       4.138796521256e+00 
       1.559056892634e-06       4.185131262244e+00 
       1.577109920611e-06       4.231984732790e+00 
       1.595371992800e-06       4.279362740274e+00 
       1.613845529818e-06       4.327271157098e+00 
       1.632532980313e-06       4.375715921403e+00 
       1.651436821286e-06       4.424703037814e+00 
       1.670559558421e-06       4.474238578180e+00 
       1.689903726417e-06       4.524328682330e+00 
       1.709471889320e-06       4.574979558837e+00 
       1.729266640871e-06       4.626197485784e+00 
       1.749290604842e-06       4.677988811544e+00 
       1.769546435389e-06       4.730359955563e+00 
       1.790036817398e-06       4.783317409162e+00 
       1.810764466848e-06       4.836867736336e+00 
       1.831732131168e-06       4.891017574569e+00 
       1.852942589597e-06       4.945773635662e+00 
       1.874398653559e-06       5.001142706557e+00 
       1.896103167033e-06       5.057131650186e+00 
       1.918059006928e-06       5.113747406315e+00 
       1.940269083466e-06       5.170996992401e+00 
       1.962736340570e-06       5.228887504480e+00 
       1.985463756250e-06       5.287426118044e+00 
       2.008454343000e-06       5.346620088913e+00 
       2.031711148198e-06       5.406476753936e+00 
       2.055237254508e-06       5.467003532301e+00 
       2.079035780290e-06       5.528207926706e+00 
       2.103109880012e-06       5.590097523354e+00 
       2.127462744672e-06       5.652679993353e+00 
       2.152097602213e-06       5.715963093750e+00 
       2.177017717961e-06       5.779954668581e+00 
       2.202226395049e-06       5.844662649396e+00 
       2.227726974860e-06       5.910095055383e+00 
       2.253522837469e-06       5.976259999663e+00 
       2.279617402089e-06       6.043165681899e+00 
       2.306014127527e-06       6.110820394527e+00 
       2.332716512639e-06       6.179232525369e+00 
       2.359728096799e-06       6.248410553476e+00 
       2.387052460361e-06       6.318363052817e+00 
       2.414693225142e-06       6.389098694405e+00 
       2.442654054894e-06       6.460626245888e+00 
       2.470938655796e-06       6.532954573369e+00 
       2.499550776940e-06       6.606092640760e+00 
       2.528494210831e-06       6.680049516171e+00 
       2.557772793892e-06       6.754834364844e+00 
       2.587390406966e-06       6.830456457215e+00 
       2.617350975836e-06       6.906925167069e+00 
       2.647658471743e-06       6.984249972860e+00 
       2.678316911912e-06       7.062440458917e+00 
       2.709330360087e-06       7.141506317003e+00 
       2.740702927067e-06       7.221457347532e+00 
       2.772438771251e-06       7.302303460774e+00 
       2.804542099191e-06       7.384054677969e+00 
       2.837017166149e-06       7.466721132545e+00 
       2.869868276659e-06       7.550313071333e+00 
       2.903099785100e-06       7.634840855868e+00 
       2.936716096274e-06       7.720314963719e+00 
       2.970721665985e-06       7.806745989770e+00 
       3.005121001635e-06       7.894144647523e+00 
       3.039918662819e-06       7.982521770453e+00 
       3.075119261929e-06       8.071888313354e+00 
       3.110727464766e-06       8.162255353687e+00 
       3.146747991159e-06       8.253634092954e+00 
       3.183185615590e-06       8.346035858084e+00 
       3.220045167827e-06       8.439472102839e+00 
       3.257331533562e-06       8.533954409235e+00 
       3.295049655065e-06       8.629494488982e+00 
       3.333204531829e-06       8.726104184931e+00 
       3.371801221245e-06       8.823795472548e+00 
       3.410844839260e-06       8.922580461398e+00 
       3.450340561063e-06       9.022471396645e+00 
       3.490293621771e-06       9.123480660572e+00 
       3.530709317118e-06       9.225620774120e+00 
       3.571593004161e-06       9.328904398439e+00 
       3.612950101987e-06       9.433344336464e+00 
       3.654786092437e-06       9.538953534488e+00 
       3.697106520824e-06       9.645745083781e+00 
       3.739916996676e-06       9.753732222224e+00 
       3.783223194474e-06       9.862928335949e+00 
       3.827030854410e-06       9.973346960978e+00 
       3.871345783140e-06       1.008500178492e+01 
       3.916173854560e-06       1.019790664868e+01 
       3.961521010583e-06       1.031207554814e+01 
       4.007393261924e-06       1.042752263586e+01 
       4.053796688902e-06       1.054426222264e+01 
       4.100737442240e-06       1.066230877993e+01 
       4.148221743884e-06       1.078167694243e+01 
       4.196255887828e-06       1.090238150678e+01 
       4.244846240944e-06       1.102443743436e+01 
       4.293999243831e-06       1.114785985715e+01 
       4.343721411667e-06       1.127266407683e+01 
       4.394019335071e-06       1.139886556327e+01 
       4.444899680979e-06       1.152647995962e+01 
       4.496369193524e-06       1.165552308804e+01 
       4.548434694936e-06       1.178601094669e+01 
       4.601103086440e-06       1.191795971148e+01 
       4.654381349175e-06       1.205138573692e+01 
       4.708276545116e-06       1.218630556443e+01 
       4.762795818013e-06       1.232273592052e+01 
       4.817946394337e-06       1.246069371683e+01 
       4.873735584237e-06       1.260019606052e+01 
       4.930170782509e-06       1.274126024297e+01 
       4.987259469579e-06       1.288390375314e+01 
       5.045009212489e-06       1.302814427520e+01 
       5.103427665906e-06       1.317399968975e+01 
       5.162522573132e-06       1.332148807925e+01 
       5.222301767133e-06       1.347062772795e+01 
       5.282773171577e-06       1.362143712602e+01 
       5.343944801883e-06       1.377393497035e+01 
       5.405824766284e-06       1.392814016705e+01 
       5.468421266902e-06       1.408407183412e+01 
       5.531742600836e-06       1.424174930362e+01 
       5.595797161260e-06       1.440119212403e+01 
       5.660593438536e-06       1.456242006291e+01 
       5.726140021342e-06       1.472545310926e+01 
       5.792445597804e-06       1.489031147610e+01 
       5.859518956657e-06       1.505701560290e+01 
       5.927368988401e-06       1.522558615806e+01 
       5.996004686484e-06       1.539604404154e+01 
       6.065435148493e-06       1.556841038745e+01 
       6.135669577361e-06       1.574270656662e+01 
       6.206717282586e-06       1.591895418959e+01 
       6.278587681464e-06       1.609717510873e+01 
       6.351290300338e-06       1.627739142138e+01 
       6.424834775862e-06       1.645962547244e+01 
       6.499230856277e-06       1.664389985715e+01 
       6.574488402702e-06       1.683023742397e+01 
       6.650617390443e-06       1.701866127735e+01 
       6.727627910316e-06       1.720919478062e+01 
       6.805530169981e-06       1.740186155893e+01 
       6.884334495298e-06       1.759668550216e+01 
       6.964051331697e-06       1.779369076789e+01 
       7.044691245555e-06       1.799290178442e+01 
       7.126264925608e-06       1.819434325383e+01 
       7.208783184359e-06       1.839804015501e+01 
       7.292256959511e-06       1.860401774678e+01 
       7.376697315425e-06       1.881230157105e+01 
       7.462115444578e-06       1.902291745602e+01 
       7.548522669051e-06       1.923589151932e+01 
       7.635930442027e-06       1.945125016998e+01 
       7.724350349312e-06       1.966902011455e+01 
       7.813794110870e-06       1.988922836399e+01 
       7.904273582373e-06       2.011190222410e+01 
       7.995800756778e-06       2.033706930512e+01 
       8.088387765912e-06       2.056475753200e+01 
       8.182046882084e-06       2.079499514640e+01 
       8.276790519707e-06       2.102781069952e+01 
       8.372631236949e-06       2.126323306408e+01 
       8.469581737392e-06       2.150129144030e+01 
       8.567654871721e-06       2.174201535403e+01 
       8.666863639422e-06       2.198543465786e+01 
       8.767221190512e-06       2.223157953996e+01 
       8.868740827274e-06       2.248048053606e+01 
       8.971436006026e-06       2.273216851247e+01 
       9.075320338903e-06       2.298667468978e+01 
       9.180407595662e-06       2.324403063772e+01 
       9.286711705503e-06       2.350426827418e+01 
       9.394246758922e-06       2.376741987794e+01 
       9.503027009573e-06       2.403351809290e+01 
       9.613066876161e-06       2.430259592885e+01 
       9.724380944351e-06       2.457468676366e+01 
       9.836983968701e-06       2.484982434821e+01 
       9.950890874622e-06       2.512804281270e+01 
       1.006611676035e-05       2.540937667127e+01 
       1.018267689895e-05       2.569386082541e+01 
       1.030058674035e-05       2.598153056816e+01 
       1.041986191336e-05       2.627242158847e+01 
       1.054051822778e-05       2.656656997568e+01 
       1.066257167647e-05       2.686401222396e+01 
       1.078603843749e-05       2.716478523702e+01 
       1.091093487622e-05       2.746892633213e+01 
       1.103727754756e-05       2.777647324592e+01 
       1.116508319807e-05       2.808746413828e+01 
       1.129436876827e-05       2.840193759732e+01 
       1.142515139482e-05       2.871993264441e+01 
       1.155744841281e-05       2.904148873897e+01 
       1.169127735806e-05       2.936664578328e+01 
       1.182665596947e-05       2.969544412757e+01 
       1.196360219132e-05       3.002792457515e+01 
       1.210213417568e-05       3.036412838746e+01 
       1.224227028481e-05       3.070409728925e+01 
       1.238402909361e-05       3.104787347396e+01 
       1.252742939205e-05       3.139549960870e+01 
       1.267249018769e-05       3.174701883953e+01 
       1.281923070818e-05       3.210247479729e+01 
       1.296767040381e-05       3.246191160329e+01 
       1.311782895011e-05       3.282537387521e+01 
       1.326972625043e-05       3.319290672589e+01 
       1.342338243859e-05       3.356455578193e+01 
       1.357881788155e-05       3.394036718395e+01 
       1.373605318211e-05       3.432038758592e+01 
       1.389510918164e-05       3.470466416823e+01 
       1.405600696285e-05       3.509324464185e+01 
       1.421876785255e-05       3.548617725269e+01 
       1.438341342453e-05       3.588351078968e+01 
       1.454996550238e-05       3.628529458933e+01 
       1.471844616240e-05       3.669157854324e+01 
       1.488887773651e-05       3.710241310698e+01 
       1.506128281525e-05       3.751784930050e+01 
       1.523568425070e-05       3.793793871785e+01 
       1.541210515960e-05       3.836273353191e+01 
       1.559056892634e-05       3.879228650450e+01 
       1.577109920611e-05       3.922665099096e+01 
       1.595371992800e-05       3.966588094743e+01 
       1.613845529818e-05       4.011003093681e+01 
       1.632532980313e-05       4.055915613475e+01 
       1.651436821286e-05       4.101331233845e+01 
       1.670559558422e-05       4.147255597373e+01 
       1.689903726417e-05       4.193694410150e+01 
       1.709471889320e-05       4.240653442508e+01 
       1.729266640871e-05       4.288138529770e+01 
       1.749290604842e-05       4.336155572970e+01 
       1.769546435389e-05       4.384710539602e+01 
       1.790036817398e-05       4.433809464362e+01 
       1.810764466848e-05       4.483458449984e+01 
       1.831732131168e-05       4.533663667974e+01 
       1.852942589597e-05       4.584431359366e+01 
       1.874398653559e-05       4.635767835510e+01 
       1.896103167033e-05       4.687679478967e+01 
       1.918059006928e-05       4.740172744268e+01 
       1.940269083466e-05       4.793254158728e+01 
       1.962736340570e-05       4.846930323246e+01 
       1.985463756250e-05       4.901207913345e+01 
       2.008454343000e-05       4.956093679769e+01 
       2.031711148198e-05       5.011594449337e+01 
       2.055237254508e-05       5.067717125997e+01 
       2.079035780290e-05       5.124468691495e+01 
       2.103109880012e-05       5.181856206422e+01 
       2.127462744672e-05       5.239886811377e+01 
       2.152097602213e-05       5.298567727581e+01 
       2.177017717961e-05       5.357906257712e+01 
       2.202226395049e-05       5.417909787404e+01 
       2.227726974860e-05       5.478585785225e+01 
       2.253522837469e-05       5.539941804139e+01 
       2.279617402089e-05       5.601985482527e+01 
       2.306014127527e-05       5.664724545497e+01 
       2.332716512639e-05       5.728166805899e+01 
       2.359728096799e-05       5.792320164020e+01 
       2.387052460361e-05       5.857192609829e+01 
       2.414693225142e-05       5.922792224157e+01 
       2.442654054894e-05       5.989127179375e+01 
       2.470938655796e-05       6.056205740144e+01 
       2.499550776940e-05       6.124036264614e+01 
       2.528494210832e-05       6.192627205871e+01 
       2.557772793892e-05       6.261987112838e+01 
       2.587390406966e-05       6.332124631332e+01 
       2.617350975836e-05       6.403048505233e+01 
       2.647658471743e-05       6.474767577633e+01 
       2.678316911912e-05       6.547290791983e+01 
       2.709330360088e-05       6.620627193304e+01 
       2.740702927067e-05       6.694785929302e+01 
       2.772438771251e-05       6.769776251565e+01 
       2.804542099191e-05       6.845607516761e+01 
       2.837017166149e-05       6.922289188043e+01 
       2.869868276659e-05       6.999830836217e+01 
       2.903099785100e-05       7.078242140823e+01 
       2.936716096274e-05       7.157532891567e+01 
       2.970721665985e-05       7.237712989548e+01 
       3.005121001635e-05       7.318792448480e+01 
       3.039918662819e-05       7.400781396252e+01 
       3.075119261929e-05       7.483690076256e+01 
       3.110727464766e-05       7.567528848570e+01 
       3.146747991159e-05       7.652308191592e+01 
       3.183185615590e-05       7.738038703152e+01 
       3.220045167827e-05       7.824731101948e+01 
       3.257331533562e-05       7.912396229122e+01 
       3.295049655065e-05       8.001045049572e+01 
       3.333204531830e-05       8.090688653355e+01 
       3.371801221245e-05       8.181338257370e+01 
       3.410844839260e-05       8.273005208086e+01 
       3.450340561063e-05       8.365700980356e+01 
       3.490293621771e-05       8.459437180292e+01 
       3.530709317118e-05       8.554225547177e+01 
       3.571593004161e-05       8.650077955304e+01 
       3.612950101987e-05       8.747006415334e+01 
       3.654786092437e-05       8.845023075264e+01 
       3.697106520824e-05       8.944140222213e+01 
       3.739916996676e-05       9.044370284588e+01 
       3.783223194474e-05       9.145725833725e+01 
       3.827030854410e-05       9.248219585491e+01 
       3.871345783140e-05       9.351864401850e+01 
       3.916173854560e-05       9.456673292918e+01 
       3.961521010583e-05       9.562659418649e+01 
       4.007393261924e-05       9.669836089484e+01 
       4.053796688902e-05       9.778216772594e+01 
       4.100737442240e-05       9.887815087385e+01 
       4.148221743884e-05       9.998644811249e+01 
       4.196255887828e-05       1.011071988080e+02 
       4.244846240944e-05       1.022405439368e+02 
       4.293999243831e-05       1.033866261063e+02 
       4.343721411667e-05       1.045455895761e+02 
       4.394019335071e-05       1.057175802724e+02 
       4.444899680979e-05       1.069027458217e+02 
       4.496369193524e-05       1.081012355531e+02 
       4.548434694936e-05       1.093132005244e+02 
       4.601103086441e-05       1.105387935648e+02 
       4.654381349175e-05       1.117781692650e+02 
       4.708276545116e-05       1.130314839971e+02 
       4.762795818013e-05       1.142988960189e+02 
       4.817946394337e-05       1.155805653667e+02 
       4.873735584237e-05       1.168766539575e+02 
       4.930170782509e-05       1.181873256010e+02 
       4.987259469579e-05       1.195127460250e+02 
       5.045009212489e-05       1.208530828898e+02 
       5.103427665906e-05       1.222085057784e+02 
       5.162522573132e-05       1.235791863703e+02 
       5.222301767133e-05       1.249652982458e+02 
       5.282773171577e-05       1.263670170360e+02 
       5.343944801883e-05       1.277845204907e+02 
       5.405824766284e-05       1.292179883913e+02 
       5.468421266902e-05       1.306676026499e+02 
       5.531742600836e-05       1.321335473206e+02 
       5.595797161260e-05       1.336160086283e+02 
       5.660593438536e-05       1.351151749967e+02 
       5.726140021342e-05       1.366312370668e+02 
       5.792445597805e-05       1.381643877385e+02 
       5.859518956657e-05       1.397148221772e+02 
       5.927368988401e-05       1.412827378597e+02 
       5.996004686484e-05       1.428683346033e+02 
       6.065435148493e-05       1.444718145873e+02 
       6.135669577361e-05       1.460933824066e+02 
       6.206717282586e-05       1.477332450902e+02 
       6.278587681464e-05       1.493916121290e+02 
       6.351290300338e-05       1.510686955316e+02 
       6.424834775862e-05       1.527647097783e+02 
       6.499230856277e-05       1.544798719332e+02 
       6.574488402702e-05       1.562144015964e+02 
       6.650617390443e-05       1.579685210591e+02 
       6.727627910316e-05       1.597424553106e+02 
       6.805530169981e-05       1.615364320049e+02 
       6.884334495298e-05       1.633506814910e+02 
       6.964051331697e-05       1.651854368891e+02 
       7.044691245556e-05       1.670409341365e+02 
       7.126264925609e-05       1.689174120046e+02 
       7.208783184359e-05       1.708151121497e+02 
       7.292256959511e-05       1.727342791445e+02 
       7.376697315425e-05       1.746751605102e+02 
       7.462115444579e-05       1.766380067632e+02 
       7.548522669051e-05       1.786230714444e+02 
       7.635930442027e-05       1.806306111676e+02 
       7.724350349312e-05       1.826608856558e+02 
       7.813794110870e-05       1.847141577931e+02 
       7.904273582373e-05       1.867906936717e+02 
       7.995800756778e-05       1.888907626016e+02 
       8.088387765912e-05       1.910146371749e+02 
       8.182046882084e-05       1.931625933257e+02 
       8.276790519707e-05       1.953349103473e+02 
       8.372631236949e-05       1.975318709364e+02 
       8.469581737392e-05       1.997537612668e+02 
       8.567654871721e-05       2.020008709983e+02 
       8.666863639422e-05       2.042734933558e+02 
       8.767221190512e-05       2.065719251734e+02 
       8.868740827274e-05       2.088964669118e+02 
       8.971436006026e-05       2.112474227322e+02 
       9.075320338904e-05       2.136251005463e+02 
       9.180407595662e-05       2.160298120613e+02 
       9.286711705503e-05       2.184618728264e+02 
       9.394246758922e-05       2.209216022928e+02 
       9.503027009573e-05       2.234093238500e+02 
       9.613066876161e-05       2.259253649005e+02 
       9.724380944351e-05       2.284700568962e+02 
       9.836983968702e-05       2.310437353945e+02 
       9.950890874622e-05       2.336467401109e+02 
       1.006611676035e-04       2.362794149737e+02 
       1.018267689895e-04       2.389421081889e+02 
       1.030058674035e-04       2.416351722835e+02 
       1.041986191336e-04       2.443589641807e+02 
       1.054051822778e-04       2.471138452216e+02 
       1.066257167647e-04       2.499001812724e+02 
       1.078603843749e-04       2.527183427328e+02 
       1.091093487622e-04       2.555687046214e+02 
       1.103727754756e-04       2.584516466359e+02 
       1.116508319807e-04       2.613675532190e+02 
       1.129436876827e-04       2.643168135967e+02 
       1.142515139482e-04       2.672998218477e+02 
       1.155744841281e-04       2.703169769587e+02 
       1.169127735806e-04       2.733686829058e+02 
       1.182665596947e-04       2.764553486989e+02 
       1.196360219132e-04       2.795773884505e+02 
       1.210213417568e-04       2.827352214267e+02 
       1.224227028481e-04       2.859292721287e+02 
       1.238402909361e-04       2.891599703496e+02 
       1.252742939205e-04       2.924277512272e+02 
       1.267249018769e-04       2.957330553171e+02 
       1.281923070818e-04       2.990763286520e+02 
       1.296767040381e-04       3.024580228063e+02 
       1.311782895011e-04       3.058785949494e+02 
       1.326972625043e-04       3.093385079296e+02 
       1.342338243859e-04       3.128382303269e+02 
       1.357881788155e-04       3.163782365155e+02 
       1.373605318211e-04       3.199590067324e+02 
       1.389510918164e-04       3.235810271260e+02 
       1.405600696285e-04       3.272447898208e+02 
       1.421876785255e-04       3.309507929919e+02 
       1.438341342453e-04       3.346995409187e+02 
       1.454996550238e-04       3.384915440519e+02 
       1.471844616240e-04       3.423273190514e+02 
       1.488887773651e-04       3.462073888720e+02 
       1.506128281525e-04       3.501120326917e+02 
       1.523568425070e-04       3.540818204963e+02 
       1.541210515960e-04       3.580974994926e+02 
       1.559056892634e-04       3.621596180877e+02 
       1.577109920611e-04       3.662687312437e+02 
       1.595371992800e-04       3.704254005335e+02 
       1.613845529818e-04       3.746301941874e+02 
       1.632532980313e-04       3.788836871437e+02 
       1.651436821286e-04       3.831864610931e+02 
       1.670559558422e-04       3.875391045409e+02 
       1.689903726417e-04       3.919422128210e+02 
       1.709471889320e-04       3.963963881311e+02 
       1.729266640871e-04       4.009022396196e+02 
       1.749290604842e-04       4.054603833823e+02 
       1.769546435389e-04       4.100714424954e+02 
       1.790036817398e-04       4.147360470442e+02 
       1.810764466848e-04       4.194548341627e+02 
       1.831732131168e-04       4.242284480459e+02 
       1.852942589597e-04       4.290575399950e+02 
       1.874398653560e-04       4.339427684030e+02 
       1.896103167033e-04       4.388847987763e+02 
       1.918059006928e-04       4.438843037465e+02 
       1.940269083466e-04       4.489419630697e+02 
       1.962736340570e-04       4.540584636147e+02 
       1.985463756250e-04       4.592344993853e+02 
       2.008454343000e-04       4.644707714963e+02 
       2.031711148198e-04       4.697679881690e+02 
       2.055237254508e-04       4.751268647028e+02 
       2.079035780290e-04       4.805481234558e+02 
       2.103109880013e-04       4.860324937602e+02 
       2.127462744672e-04       4.915807119509e+02 
       2.152097602213e-04       4.971935213485e+02 
       2.177017717961e-04       5.028716721540e+02 
       2.202226395049e-04       5.086159214133e+02 
       2.227726974860e-04       5.144270329185e+02 
       2.253522837469e-04       5.203057771754e+02 
       2.279617402089e-04       5.262529313230e+02 
       2.306014127527e-04       5.322692790704e+02 
       2.332716512639e-04       5.383556105906e+02 
       2.359728096799e-04       5.445127224337e+02 
       2.387052460362e-04       5.507414174154e+02 
       2.414693225142e-04       5.570425045052e+02 
       2.442654054894e-04       5.634167986636e+02 
       2.470938655796e-04       5.698651207262e+02 
       2.499550776940e-04       5.763882973307e+02 
       2.528494210832e-04       5.829871607877e+02 
       2.557772793892e-04       5.896625488586e+02 
       2.587390406966e-04       5.964153045926e+02 
       2.617350975836e-04       6.032462761917e+02 
       2.647658471743e-04       6.101563168289e+02 
       2.678316911913e-04       6.171462844663e+02 
       2.709330360088e-04       6.242170416537e+02 
       2.740702927067e-04       6.313694553292e+02 
       2.772438771251e-04       6.386043966185e+02 
       2.804542099191e-04       6.459227406023e+02 
       2.837017166149e-04       6.533253661230e+02 
       2.869868276659e-04       6.608131555278e+02 
       2.903099785100e-04       6.683869944379e+02 
       2.936716096274e-04       6.760477714931e+02 
       2.970721665985e-04       6.837963781210e+02 
       3.005121001635e-04       6.916337082752e+02 
       3.039918662819e-04       6.995606581519e+02 
       3.075119261929e-04       7.075781259251e+02 
       3.110727464766e-04       7.156870114810e+02 
       3.146747991159e-04       7.238882161298e+02 
       3.183185615590e-04       7.321826423436e+02 
       3.220045167827e-04       7.405711934498e+02 
       3.257331533562e-04       7.490547733267e+02 
       3.295049655065e-04       7.576342861461e+02 
       3.333204531830e-04       7.663106360425e+02 
       3.371801221245e-04       7.750847267572e+02 
       3.410844839260e-04       7.839574617046e+02 
       3.450340561063e-04       7.929297429716e+02 
       3.490293621771e-04       8.020024716441e+02 
       3.530709317118e-04       8.111765475994e+02 
       3.571593004161e-04       8.204528683886e+02 
       3.612950101988e-04       8.298323298489e+02 
       3.654786092437e-04       8.393158252322e+02 
       3.697106520824e-04       8.489042456214e+02 
       3.739916996676e-04       8.585984787752e+02 
       3.783223194475e-04       8.683994094558e+02 
       3.827030854410e-04       8.783079190351e+02 
       3.871345783140e-04       8.883248852007e+02 
       3.916173854560e-04       8.984511818717e+02 
       3.961521010583e-04       9.086876788413e+02 
       4.007393261924e-04       9.190352416296e+02 
       4.053796688902e-04       9.294947313354e+02 
       4.100737442240e-04       9.400670044208e+02 
       4.148221743884e-04       9.507529125404e+02 
       4.196255887828e-04       9.615533024605e+02 
       4.244846240944e-04       9.724690159048e+02 
       4.293999243831e-04       9.835008895473e+02 
       4.343721411667e-04       9.946497548490e+02 
       4.394019335071e-04       1.005916438008e+03 
       4.444899680979e-04       1.017301759960e+03 
       4.496369193524e-04       1.028806536364e+03 
       4.548434694936e-04       1.040431577726e+03 
       4.601103086441e-04       1.052177689432e+03 
       4.654381349175e-04       1.064045671711e+03 
       4.708276545116e-04       1.076036319808e+03 
       4.762795818013e-04       1.088150424071e+03 
       4.817946394337e-04       1.100388770170e+03 
       4.873735584237e-04       1.112752139399e+03 
       4.930170782509e-04       1.125241308982e+03 
       4.987259469579e-04       1.137857052140e+03 
       5.045009212489e-04       1.150600138347e+03 
       5.103427665906e-04       1.163471333578e+03 
       5.162522573132e-04       1.176471400912e+03 
       5.222301767133e-04       1.189601101036e+03 
       5.282773171577e-04       1.202861192517e+03 
       5.343944801883e-04       1.216252432197e+03 
       5.405824766284e-04       1.229775575684e+03 
       5.468421266902e-04       1.243431377929e+03 
       5.531742600836e-04       1.257220593838e+03 
       5.595797161260e-04       1.271143978868e+03 
       5.660593438536e-04       1.285202289538e+03 
       5.726140021342e-04       1.299396284341e+03 
       5.792445597805e-04       1.313726723892e+03 
       5.859518956657e-04       1.328194372184e+03 
       5.927368988401e-04       1.342799997361e+03 
       5.996004686484e-04       1.357544371550e+03 
       6.065435148493e-04       1.372428273068e+03 
       6.135669577361e-04       1.387452486083e+03 
       6.206717282586e-04       1.402617801723e+03 
       6.278587681464e-04       1.417925019758e+03 
       6.351290300338e-04       1.433374947718e+03 
       6.424834775862e-04       1.448968403670e+03 
       6.499230856277e-04       1.464706215836e+03 
       6.574488402702e-04       1.480589223996e+03 
       6.650617390443e-04       1.496618280356e+03 
       6.727627910316e-04       1.512794250325e+03 
       6.805530169981e-04       1.529118013507e+03 
       6.884334495299e-04       1.545590464961e+03 
       6.964051331697e-04       1.562212515424e+03 
       7.044691245556e-04       1.578985092828e+03 
       7.126264925609e-04       1.595909142866e+03 
       7.208783184359e-04       1.612985630190e+03 
       7.292256959511e-04       1.630215539149e+03 
       7.376697315426e-04       1.647599874475e+03 
       7.462115444579e-04       1.665139662430e+03 
       7.548522669051e-04       1.682835951717e+03 
       7.635930442027e-04       1.700689813999e+03 
       7.724350349313e-04       1.718702344825e+03 
       7.813794110870e-04       1.736874664435e+03 
       7.904273582373e-04       1.755207918471e+03 
       7.995800756778e-04       1.773703278605e+03 
       8.088387765912e-04       1.792361943409e+03 
       8.182046882084e-04       1.811185138921e+03 
       8.276790519707e-04       1.830174118926e+03 
       8.372631236949e-04       1.849330165820e+03 
       8.469581737392e-04       1.868654591161e+03 
       8.567654871721e-04       1.888148736335e+03 
       8.666863639423e-04       1.907813971828e+03 
       8.767221190512e-04       1.927651699602e+03 
       8.868740827274e-04       1.947663350683e+03 
       8.971436006026e-04       1.967850388057e+03 
       9.075320338904e-04       1.988214305767e+03 
       9.180407595662e-04       2.008756628250e+03 
       9.286711705503e-04       2.029478911650e+03 
       9.394246758922e-04       2.050382743778e+03 
       9.503027009573e-04       2.071469743383e+03 
       9.613066876161e-04       2.092741560235e+03 
       9.724380944351e-04       2.114199875064e+03 
       9.836983968702e-04       2.135846399522e+03 
       9.950890874623e-04       2.157682875777e+03 
       1.006611676035e-03       2.179711076279e+03 
       1.018267689895e-03       2.201932802924e+03 
       1.030058674035e-03       2.224349886722e+03 
       1.041986191336e-03       2.246964188513e+03 
       1.054051822778e-03       2.269777595346e+03 
       1.066257167647e-03       2.292792023986e+03 
       1.078603843749e-03       2.316009417127e+03 
       1.091093487622e-03       2.339431742853e+03 
       1.103727754756e-03       2.363060994711e+03 
       1.116508319807e-03       2.386899191280e+03 
       1.129436876827e-03       2.410948375304e+03 
       1.142515139482e-03       2.435210609586e+03 
       1.155744841281e-03       2.459687980410e+03 
       1.169127735806e-03       2.484382594387e+03 
       1.182665596947e-03       2.509296575334e+03 
       1.196360219132e-03       2.534432068936e+03 
       1.210213417568e-03       2.559791233611e+03 
       1.224227028481e-03       2.585376247716e+03 
       1.238402909361e-03       2.611189300330e+03 
       1.252742939205e-03       2.637232596490e+03 
       1.267249018769e-03       2.663508351944e+03 
       1.281923070818e-03       2.690018792725e+03 
       1.296767040381e-03       2.716766155599e+03 
       1.311782895011e-03       2.743752683158e+03 
       1.326972625043e-03       2.770980626514e+03 
       1.342338243859e-03       2.798452239753e+03 
       1.357881788155e-03       2.826169782707e+03 
       1.373605318211e-03       2.854135516098e+03 
       1.389510918164e-03       2.882351702096e+03 
       1.405600696285e-03       2.910820601899e+03 
       1.421876785255e-03       2.939544474923e+03 
       1.438341342453e-03       2.968525576975e+03 
       1.454996550238e-03       2.997766159294e+03 
       1.471844616240e-03       3.027268466081e+03 
       1.488887773652e-03       3.057034734664e+03 
       1.506128281525e-03       3.087067193089e+03 
       1.523568425070e-03       3.117368057933e+03 
       1.541210515960e-03       3.147939535521e+03 
       1.559056892634e-03       3.178783816624e+03 
       1.577109920611e-03       3.209903079623e+03 
       1.595371992800e-03       3.241299485061e+03 
       1.613845529818e-03       3.272975176497e+03 
       1.632532980313e-03       3.304932279009e+03 
       1.651436821286e-03       3.337172896820e+03 
       1.670559558422e-03       3.369699113286e+03 
       1.689903726417e-03       3.402512988056e+03 
       1.709471889320e-03       3.435616556904e+03 
       1.729266640871e-03       3.469011830129e+03 
       1.749290604843e-03       3.502700790254e+03 
       1.769546435389e-03       3.536685392904e+03 
       1.790036817398e-03       3.570967562377e+03 
       1.810764466849e-03       3.605549193124e+03 
       1.831732131168e-03       3.640432146548e+03 
       1.852942589597e-03       3.675618251133e+03 
       1.874398653560e-03       3.711109299371e+03 
       1.896103167033e-03       3.746907047503e+03 
       1.918059006928e-03       3.783013215240e+03 
       1.940269083466e-03       3.819429482030e+03 
       1.962736340570e-03       3.856157486917e+03 
       1.985463756250e-03       3.893198828065e+03 
       2.008454343000e-03       3.930555060251e+03 
       2.031711148198e-03       3.968227694021e+03 
       2.055237254508e-03       4.006218193802e+03 
       2.079035780290e-03       4.044527977796e+03 
       2.103109880013e-03       4.083158415916e+03 
       2.127462744672e-03       4.122110829072e+03 
       2.152097602213e-03       4.161386486271e+03 
       2.177017717961e-03       4.200986605759e+03 
       2.202226395049e-03       4.240912352587e+03 
       2.227726974860e-03       4.281164836781e+03 
       2.253522837469e-03       4.321745112862e+03 
       2.279617402090e-03       4.362654179086e+03 
       2.306014127527e-03       4.403892975095e+03 
       2.332716512639e-03       4.445462381523e+03 
       2.359728096799e-03       4.487363218323e+03 
       2.387052460362e-03       4.529596243539e+03 
       2.414693225142e-03       4.572162152132e+03 
       2.442654054895e-03       4.615061574248e+03 
       2.470938655796e-03       4.658295074434e+03 
       2.499550776940e-03       4.701863149936e+03 
       2.528494210832e-03       4.745766229264e+03 
       2.557772793892e-03       4.790004670310e+03 
       2.587390406966e-03       4.834578759810e+03 
       2.617350975836e-03       4.879488710057e+03 
       2.647658471743e-03       4.924734659860e+03 
       2.678316911913e-03       4.970316670091e+03 
       2.709330360088e-03       5.016234724250e+03 
       2.740702927067e-03       5.062488724668e+03 
       2.772438771251e-03       5.109078493093e+03 
       2.804542099191e-03       5.156003766340e+03 
       2.837017166149e-03       5.203264196643e+03 
       2.869868276659e-03       5.250859277410e+03 
       2.903099785100e-03       5.298788375252e+03 
       2.936716096274e-03       5.347051053930e+03 
       2.970721665985e-03       5.395646606293e+03 
       3.005121001635e-03       5.444574230011e+03 
       3.039918662819e-03       5.493833027570e+03 
       3.075119261929e-03       5.543422003697e+03 
       3.110727464766e-03       5.593340061915e+03 
       3.146747991159e-03       5.643586005724e+03 
       3.183185615590e-03       5.694158536048e+03 
       3.220045167827e-03       5.745056246898e+03 
       3.257331533562e-03       5.796277627026e+03 
       3.295049655065e-03       5.847821055756e+03 
       3.333204531830e-03       5.899684801238e+03 
       3.371801221245e-03       5.951867018503e+03 
       3.410844839260e-03       6.004365749276e+03 
       3.450340561064e-03       6.057178916760e+03 
       3.490293621771e-03       6.110304326790e+03 
       3.530709317118e-03       6.163739662219e+03 
       3.571593004161e-03       6.217482484918e+03 
       3.612950101988e-03       6.271530230722e+03 
       3.654786092437e-03       6.325880208639e+03 
       3.697106520824e-03       6.380529598700e+03 
       3.739916996676e-03       6.435475449787e+03 
       3.783223194475e-03       6.490714677753e+03 
       3.827030854410e-03       6.546244063929e+03 
       3.871345783140e-03       6.602060253208e+03 
       3.916173854560e-03       6.658159751990e+03 
       3.961521010583e-03       6.714538927034e+03 
       4.007393261924e-03       6.771194002874e+03 
       4.053796688902e-03       6.828121060089e+03 
       4.100737442240e-03       6.885316033349e+03 
       4.148221743885e-03       6.942774708947e+03 
       4.196255887828e-03       7.000492723050e+03 
       4.244846240944e-03       7.058465558878e+03 
       4.293999243831e-03       7.116688544767e+03 
       4.343721411667e-03       7.175156850888e+03 
       4.394019335071e-03       7.233865487670e+03 
       4.444899680979e-03       7.292809302930e+03 
       4.496369193524e-03       7.351982979095e+03 
       4.548434694936e-03       7.411381030940e+03 
       4.601103086441e-03       7.470997802608e+03 
       4.654381349175e-03       7.530827465977e+03 
       4.708276545116e-03       7.590864017148e+03 
       4.762795818013e-03       7.651101275415e+03 
       4.817946394337e-03       7.711532879189e+03 
       4.873735584237e-03       7.772152283470e+03 
       4.930170782509e-03       7.832952759254e+03 
       4.987259469579e-03       7.893927387439e+03 
       5.045009212489e-03       7.955069058979e+03 
       5.103427665906e-03       8.016370471721e+03 
       5.162522573132e-03       8.077824126517e+03 
       5.222301767133e-03       8.139422326794e+03 
       5.282773171577e-03       8.201157174773e+03 
       5.343944801883e-03       8.263020570545e+03 
       5.405824766284e-03       8.325004210393e+03 
       5.468421266902e-03       8.387099583300e+03 
       5.531742600836e-03       8.449297972957e+03 
       5.595797161260e-03       8.511590452716e+03 
       5.660593438536e-03       8.573967886405e+03 
       5.726140021342e-03       8.636420925777e+03 
       5.792445597805e-03       8.698940008714e+03 
       5.859518956657e-03       8.761515357848e+03 
       5.927368988401e-03       8.824136975904e+03 
       5.996004686484e-03       8.886794650356e+03 
       6.065435148493e-03       8.949477942600e+03 
       6.135669577361e-03       9.012176192268e+03 
       6.206717282586e-03       9.074878512860e+03 
       6.278587681464e-03       9.137573787671e+03 
       6.351290300338e-03       9.200250671332e+03 
       6.424834775863e-03       9.262897582285e+03 
       6.499230856277e-03       9.325502704423e+03 
       6.574488402702e-03       9.388053981702e+03 
       6.650617390443e-03       9.450539116027e+03 
       6.727627910316e-03       9.512945561044e+03 
       6.805530169981e-03       9.575260525165e+03 
       6.884334495299e-03       9.637470965388e+03 
       6.964051331697e-03       9.699563585219e+03 
       7.044691245556e-03       9.761524834718e+03 
       7.126264925609e-03       9.823340912452e+03 
       7.208783184359e-03       9.884997758364e+03 
       7.292256959512e-03       9.946481056619e+03 
       7.376697315426e-03       1.000777624085e+04 
       7.462115444579e-03       1.006886848203e+04 
       7.548522669051e-03       1.012974269945e+04 
       7.635930442027e-03       1.019038355732e+04 
       7.724350349313e-03       1.025077545963e+04 
       7.813794110870e-03       1.031090255990e+04 
       7.904273582373e-03       1.037074875340e+04 
       7.995800756778e-03       1.043029767973e+04 
       8.088387765912e-03       1.048953271952e+04 
       8.182046882084e-03       1.054843699687e+04 
       8.276790519707e-03       1.060699337383e+04 
       8.372631236949e-03       1.066518444677e+04 
       8.469581737392e-03       1.072299254800e+04 
       8.567654871721e-03       1.078039973956e+04 
       8.666863639423e-03       1.083738782118e+04 
       8.767221190512e-03       1.089393831924e+04 
       8.868740827274e-03       1.095003249441e+04 
       8.971436006026e-03       1.100565134093e+04 
       9.075320338904e-03       1.106077558760e+04 
       9.180407595662e-03       1.111538570150e+04 
       9.286711705503e-03       1.116946189582e+04 
       9.394246758922e-03       1.122298412693e+04 
       9.503027009573e-03       1.127593210634e+04 
       9.613066876161e-03       1.132828530176e+04 
       9.724380944351e-03       1.138002294007e+04 
       9.836983968702e-03       1.143112401236e+04 
       9.950890874623e-03       1.148156727571e+04 
       1.006611676035e-02       1.153133125367e+04 
       1.018267689895e-02       1.158039423593e+04 
       1.030058674035e-02       1.162873428109e+04 
       1.041986191336e-02       1.167632922731e+04 
       1.054051822778e-02       1.172315667630e+04 
       1.066257167647e-02       1.176919401234e+04 
       1.078603843749e-02       1.181441840198e+04 
       1.091093487622e-02       1.185880680439e+04 
       1.103727754756e-02       1.190233597854e+04 
       1.116508319807e-02       1.194498249724e+04 
       1.129436876827e-02       1.198672275875e+04 
       1.142515139482e-02       1.202753299616e+04 
       1.155744841281e-02       1.206738929239e+04 
       1.169127735806e-02       1.210626758819e+04 
       1.182665596947e-02       1.214414369229e+04 
       1.196360219132e-02       1.218099328956e+04 
       1.210213417568e-02       1.221679194725e+04 
       1.224227028481e-02       1.225151512439e+04 
       1.238402909361e-02       1.228513818054e+04 
       1.252742939205e-02       1.231763638666e+04 
       1.267249018769e-02       1.234898493901e+04 
       1.281923070818e-02       1.237915897857e+04 
       1.296767040381e-02       1.240813361088e+04 
       1.311782895011e-02       1.243588392711e+04 
       1.326972625043e-02       1.246238502970e+04 
       1.342338243859e-02       1.248761205179e+04 
       1.357881788155e-02       1.251154018194e+04 
       1.373605318211e-02       1.253414468191e+04 
       1.389510918165e-02       1.255540090275e+04 
       1.405600696286e-02       1.257528430300e+04 
       1.421876785256e-02       1.259377046874e+04 
       1.438341342455e-02       1.261083513140e+04 
       1.454996550241e-02       1.262645419712e+04 
       1.471844616244e-02       1.264060377392e+04 
       1.488887773658e-02       1.265326020614e+04 
       1.506128281535e-02       1.266440011090e+04 
       1.523568425086e-02       1.267400041497e+04 
       1.541210515984e-02       1.268203838853e+04 
       1.559056892671e-02       1.268849167822e+04 
       1.577109920667e-02       1.269333833525e+04 
       1.595371992883e-02       1.269655684791e+04 
       1.613845529943e-02       1.269812616716e+04 
       1.632532980498e-02       1.269802574452e+04 
       1.651436821561e-02       1.269623557235e+04 
       1.670559558825e-02       1.269273622490e+04 
       1.689903727007e-02       1.268750891106e+04 
       1.709471890181e-02       1.268053552213e+04 
       1.729266642119e-02       1.267179865455e+04 
       1.749290606641e-02       1.266128172068e+04 
       1.769546437971e-02       1.264896893928e+04 
       1.790036821087e-02       1.263484538586e+04 
       1.810764472093e-02       1.261889702617e+04 
       1.831732138590e-02       1.260111077411e+04 
       1.852942600051e-02       1.258147454201e+04 
       1.874398668216e-02       1.255997728618e+04 
       1.896103187488e-02       1.253660909832e+04 
       1.918059035347e-02       1.251136123704e+04 
       1.940269122775e-02       1.248422618269e+04 
       1.962736394699e-02       1.245519768256e+04 
       1.985463830460e-02       1.242427082468e+04 
       2.008454444302e-02       1.239144202628e+04 
       2.031711285889e-02       1.235670916631e+04 
       2.055237440865e-02       1.232007159398e+04 
       2.079036031457e-02       1.228153018432e+04 
       2.103110217123e-02       1.224108744462e+04 
       2.127463195273e-02       1.219874750550e+04 
       2.152098202067e-02       1.215451623415e+04 
       2.177018513291e-02       1.210840120616e+04 
       2.202227445362e-02       1.206041182008e+04 
       2.227728356446e-02       1.201055929662e+04 
       2.253524647739e-02       1.195885673702e+04 
       2.279619764925e-02       1.190531922523e+04 
       2.306017199852e-02       1.184996379660e+04 
       2.332720492453e-02       1.179280950762e+04 
       2.359733232957e-02       1.173387750076e+04 
       2.387059064442e-02       1.167319121633e+04 
       2.414701685776e-02       1.161077561235e+04 
       2.442664854998e-02       1.154665809246e+04 
       2.470952393227e-02       1.148086834050e+04 
       2.499568189135e-02       1.141343812211e+04 
       2.528516204101e-02       1.134440138911e+04 
       2.557800478099e-02       1.127379425333e+04 
       2.587425136432e-02       1.120165498909e+04 
       2.617394397403e-02       1.112802400646e+04 
       2.647712581036e-02       1.105294388138e+04 
       2.678384118950e-02       1.097645928367e+04 
       2.709413565517e-02       1.089861695624e+04 
       2.740805610433e-02       1.081946566896e+04 
       2.772565092812e-02       1.073905614834e+04 
       2.804697016970e-02       1.065744103643e+04 
       2.837206570020e-02       1.057467480420e+04 
       2.870099141433e-02       1.049081369086e+04 
       2.903380344709e-02       1.040591559837e+04 
       2.937056041314e-02       1.032004000748e+04 
       2.971132367038e-02       1.023324784161e+04 
       3.005615760920e-02       1.014560135504e+04 
       3.040512996910e-02       1.005716403834e+04 
       3.075831218413e-02       9.968000486482e+03 
       3.111577975886e-02       9.878176218376e+03 
       3.147761267635e-02       9.787757595564e+03 
       3.184389583986e-02       9.696811597523e+03 
       3.221471954992e-02       9.605405750689e+03 
       3.259018001843e-02       9.513607921751e+03 
       3.297037992158e-02       9.421486155525e+03 
       3.335542899352e-02       9.329108568018e+03 
       3.374544466264e-02       9.236543117133e+03 
       3.414055273266e-02       9.143857499300e+03 
       3.454088811088e-02       9.051119004078e+03 
       3.494659558603e-02       8.958394312742e+03 
       3.535783065869e-02       8.865749376549e+03 
       3.577476042730e-02       8.773249295883e+03 
       3.619756453345e-02       8.680958134499e+03 
       3.662643617032e-02       8.588938814172e+03 
       3.706158315887e-02       8.497252976077e+03 
       3.750322909684e-02       8.405960860933e+03 
       3.795161458633e-02       8.315121187212e+03 
       3.840699854636e-02       8.224791039057e+03 
       3.886965961781e-02       8.135025735428e+03 
       3.933989766879e-02       8.045878713755e+03 
       3.981803540965e-02       7.957401402317e+03 
       4.030442012781e-02       7.869643086427e+03 
       4.079942555365e-02       7.782650761775e+03 
       4.130345387013e-02       7.696468978531e+03 
       4.181693787991e-02       7.611139633897e+03 
       4.234034334524e-02       7.526701769782e+03 
       4.287417151737e-02       7.443191292850e+03 
       4.341896187362e-02       7.360640660704e+03 
       4.397529508203e-02       7.279078506191e+03 
       4.454379621506e-02       7.198529180919e+03 
       4.512513823521e-02       7.119012186726e+03 
       4.572004577744e-02       7.040541511697e+03 
       4.632929925434e-02       6.963124813154e+03 
       4.695373931144e-02       6.886762446473e+03 
       4.759427166124e-02       6.811446294087e+03 
       4.825187232483e-02       6.737158363898e+03 
       4.892759331025e-02       6.663869121222e+03 
       4.962256875586e-02       6.591535538817e+03 
       5.033802156497e-02       6.520098765265e+03 
       5.107527055491e-02       6.449481426186e+03 
       5.183573813809e-02       6.379584482114e+03 
       5.262095854511e-02       6.310269569623e+03 
       5.343258658894e-02       6.241406115254e+03 
       5.427240695435e-02       6.172795766635e+03 
       5.514234397705e-02       6.104211164127e+03 
       5.604447185104e-02       6.035380382263e+03 
       5.698102516981e-02       5.965978012802e+03 
       5.795440966546e-02       5.895627621832e+03 
       5.896721295841e-02       5.823886058719e+03 
       6.002221506830e-02       5.750239527599e+03 
       6.112239836275e-02       5.674107884768e+03 
       6.227095653512e-02       5.594838549656e+03 
       6.347130210635e-02       5.511700535399e+03 
       6.472707184204e-02       5.423912623191e+03 
       6.604212936952e-02       5.330623290495e+03 
       6.742056417930e-02       5.230990829515e+03 
       6.886668611317e-02       5.124159603587e+03 
       7.038501439471e-02       5.009342835927e+03 
       7.198026026835e-02       4.885883379373e+03 
       7.365730240641e-02       4.753328944530e+03 
       7.542115444644e-02       4.611526823874e+03 
       7.727692435867e-02       4.460723626099e+03 
       7.922976583170e-02       4.301663349927e+03 
       8.128482250400e-02       4.135660701890e+03 
       8.344716663348e-02       3.964645988957e+03 
       8.572173463200e-02       3.791171010683e+03 
       8.811326270219e-02       3.618291653453e+03 
       9.062622648142e-02       3.449417058081e+03 
       9.326478898544e-02       3.288040499492e+03 
       9.603276112926e-02       3.137416706376e+03 
       9.893357860561e-02       3.000170005036e+03 
       1.019702979139e-01       2.877920995669e+03 
       1.051456129388e-01       2.770942502116e+03 
       1.084618918431e-01       2.677938723145e+03 
       1.119212323884e-01       2.595983593457e+03 
       1.155255323667e-01       2.520704060904e+03 
       1.192765707992e-01       2.446785482677e+03 
       1.231760950580e-01       2.368785080161e+03 
       1.272259090928e-01       2.282201417297e+03 
       1.314279584259e-01       2.184558808399e+03 
       1.357844083701e-01       2.076203118855e+03 
       1.402977128634e-01       1.960481289850e+03 
       1.449706722449e-01       1.843089421368e+03 
       1.498064791071e-01       1.730740440103e+03 
       1.548087519656e-01       1.629487039911e+03 
       1.599815568741e-01       1.543190032210e+03 
       1.653294172713e-01       1.472555738728e+03 
       1.708573123163e-01       1.414953980693e+03 
       1.765706637834e-01       1.365109009914e+03 
       1.824753112894e-01       1.316612046132e+03 
       1.885774752614e-01       1.263985059936e+03 
       1.948837066580e-01       1.204657796484e+03 
       2.014008220660e-01       1.139920063471e+03 
       2.081358224547e-01       1.074225004800e+03 
       2.150957936138e-01       1.013035912667e+03 
       2.222877861908e-01       9.602886282511e+02 
       2.297186733265e-01       9.167056630551e+02 
       2.373949842521e-01       8.796926390751e+02 
       2.453227129204e-01       8.448574388447e+02 
       2.535071018951e-01       8.084643424899e+02 
       2.619524033701e-01       7.694872252708e+02 
       2.706616213878e-01       7.298935152573e+02 
       2.796362420335e-01       6.929090691253e+02 
       2.888759614983e-01       6.606125886895e+02 
       2.983784251813e-01       6.326574005791e+02 
       3.081389940611e-01       6.069102936250e+02 
       3.181505568958e-01       5.813394144257e+02 
       3.284034077962e-01       5.555400044403e+02 
       3.388852077700e-01       5.306472078000e+02 
       3.495810455083e-01       5.079424136883e+02 
       3.604736068431e-01       4.876499488756e+02 
       3.715434542690e-01       4.689771703968e+02 
       3.827694085134e-01       4.510670284066e+02 
       3.941290145911e-01       4.337500632471e+02 
       4.055990665532e-01       4.174213822857e+02 
       4.171561595704e-01       4.024158074577e+02 
       4.287772359851e-01       3.886486975985e+02 
       4.404400937881e-01       3.757876491788e+02 
       4.521238311676e-01       3.636047297613e+02 
       4.638092083298e-01       3.520991969968e+02 
       4.754789163980e-01       3.413551722493e+02 
       4.871177515613e-01       3.313754233131e+02 
       4.987126997505e-01       3.220612008719e+02 
       5.102529423511e-01       3.132998075157e+02 
       5.217297966313e-01       3.050313878409e+02 
       5.331366058162e-01       2.972416503192e+02 
       5.444685934548e-01       2.899197717070e+02 
       5.557226953542e-01       2.830326237363e+02 
       5.668973803613e-01       2.765322251806e+02 
       5.779924690189e-01       2.703757286826e+02 
       5.890089569033e-01       2.645349478877e+02 
       5.999488474357e-01       2.589909718187e+02 
       6.108149972483e-01       2.537257938308e+02 
       6.216109758081e-01       2.487178131377e+02 
       6.323409399476e-01       2.439440547182e+02 
       6.430095231836e-01       2.393838955991e+02 
       6.536217391794e-01       2.350208182310e+02 
       6.641828983729e-01       2.308414585179e+02 
       6.746985366045e-01       2.268334026218e+02 
       6.851743545046e-01       2.229841622855e+02 
       6.956161663921e-01       2.192815105893e+02 
       7.060298574902e-01       2.157144086715e+02 
       7.164213483408e-01       2.122732804134e+02 
       7.267965653981e-01       2.089495938038e+02 
       7.371614168860e-01       2.057354720673e+02 
       7.475217731083e-01       2.026235880274e+02 
       7.578834505022e-01       1.996071726493e+02 
       7.682521988193e-01       1.966798906568e+02 
       7.786336909042e-01       1.938358575190e+02 
       7.890335146197e-01       1.910698060769e+02 
       7.994571665352e-01       1.883770356316e+02 
       8.099100470561e-01       1.857531950173e+02 
       8.203974567255e-01       1.831941306250e+02 
       8.309245934750e-01       1.806959440693e+02 
       8.414965506415e-01       1.782551249607e+02 
       8.521183156018e-01       1.758685010130e+02 
       8.627947689038e-01       1.735331192019e+02 
       8.735306838017e-01       1.712461929637e+02 
       8.843307261197e-01       1.690051380416e+02 
       8.951994543897e-01       1.668075963967e+02 
       9.061413202211e-01       1.646513947521e+02 
       9.171606688741e-01       1.625344976860e+02 
       9.282617400179e-01       1.604549939764e+02 
       9.394486686626e-01       1.584111120017e+02 
       9.507254862598e-01       1.564012228010e+02 
       9.620961219721e-01       1.544238233604e+02 
       9.735644041141e-01       1.524775125807e+02 
       9.851340617704e-01       1.505609781062e+02 
       9.968087265964e-01       1.486729941403e+02 
       1.008591934807e+00       1.468124225940e+02 
       1.020487129360e+00       1.449782111546e+02 
       1.032497662336e+00       1.431693866537e+02 
       1.044626797518e+00       1.413850468552e+02 
       1.056877713170e+00       1.396243527658e+02 
       1.069253505011e+00       1.378865228529e+02 
       1.081757189375e+00       1.361708286874e+02 
       1.094391706556e+00       1.344765912746e+02 
       1.107159924316e+00       1.328031775945e+02 
       1.120064641553e+00       1.311499966207e+02 
       1.133108592098e+00       1.295164955557e+02 
       1.146294448635e+00       1.279021563250e+02 
       1.159624826711e+00       1.263064925435e+02 
       1.173102288832e+00       1.247290470710e+02 
       1.186729348590e+00       1.231693897561e+02 
       1.200508474835e+00       1.216271154930e+02 
       1.214442095837e+00       1.201018426559e+02 
       1.228532603427e+00       1.185932115580e+02 
       1.242782357103e+00       1.171008835484e+02 
       1.257193688052e+00       1.156245396921e+02 
       1.271768903104e+00       1.141638795145e+02 
       1.286510288564e+00       1.127186194808e+02 
       1.301420113932e+00       1.112884913429e+02 
       1.316500635484e+00       1.098732406030e+02 
       1.331754099699e+00       1.084726254587e+02 
       1.347182746540e+00       1.070864163853e+02 
       1.362788812552e+00       1.057143957889e+02 
       1.378574533808e+00       1.043563565185e+02 
       1.394542148670e+00       1.030120986429e+02 
       1.410693900378e+00       1.016814265292e+02 
       1.427032039472e+00       1.003641500478e+02 
       1.443558826037e+00       9.906008954856e+01 
       1.460276531791e+00       9.776907671732e+01 
       1.477187442008e+00       9.649094701511e+01 
       1.494293857294e+00       9.522553611173e+01 
       1.511598095217e+00       9.397269001571e+01 
       1.529102491800e+00       9.273226827873e+01 
       1.546809402893e+00       9.150412914160e+01 
       1.564721205423e+00       9.028813183147e+01 
       1.582840298543e+00       8.908415130646e+01 
       1.601169104674e+00       8.789206145183e+01 
       1.619710070465e+00       8.671173408903e+01 
       1.638465667674e+00       8.554305652417e+01 
       1.657438393973e+00       8.438590908208e+01 
       1.676630773690e+00       8.324017889775e+01 
       1.696045358501e+00       8.210576007913e+01 
       1.715684728068e+00       8.098254171579e+01 
       1.735551490636e+00       7.987042719229e+01 
       1.755648283594e+00       7.876931227951e+01 
       1.775977774010e+00       7.767910675354e+01 
       1.796542659127e+00       7.659971359061e+01 
       1.817345666858e+00       7.553104775909e+01 
       1.838389556240e+00       7.447301833517e+01 
       1.859677117893e+00       7.342554372422e+01 
       1.881211174458e+00       7.238853937143e+01 
       1.902994581026e+00       7.136192483473e+01 
       1.925030225565e+00       7.034562289854e+01 
       1.947321029338e+00       6.933955498219e+01 
       1.969869947324e+00       6.834364820239e+01 
       1.992679968629e+00       6.735783059213e+01 
       2.015754116901e+00       6.638203088368e+01 
       2.039095450750e+00       6.541618151763e+01 
       2.062707064162e+00       6.446021654281e+01 
       2.086592086919e+00       6.351407050562e+01 
       2.110753685019e+00       6.257767957509e+01 
       2.135195061104e+00       6.165098178101e+01 
       2.159919454889e+00       6.073391645024e+01 
       2.184930143591e+00       5.982642401597e+01 
       2.210230442368e+00       5.892844618572e+01 
       2.235823704763e+00       5.803992604545e+01 
       2.261713323143e+00       5.716080799107e+01 
       2.287902729157e+00       5.629103757837e+01 
       2.314395394188e+00       5.543056138160e+01 
       2.341194829814e+00       5.457932689138e+01 
       2.368304588272e+00       5.373728245809e+01 
       2.395728262934e+00       5.290437726873e+01 
       2.423469488780e+00       5.208056133825e+01 
       2.451531942879e+00       5.126578549639e+01 
       2.479919344881e+00       5.046000135525e+01 
       2.508635457505e+00       4.966316125729e+01 
       2.537684087041e+00       4.887521820372e+01 
       2.567069083854e+00       4.809612576403e+01 
       2.596794342893e+00       4.732583798141e+01 
       2.626863804209e+00       4.656430934185e+01 
       2.657281453477e+00       4.581149484173e+01 
       2.688051322524e+00       4.506734998652e+01 
       2.719177489861e+00       4.433183057909e+01 
       2.750664081229e+00       4.360489268118e+01 
       2.782515270142e+00       4.288649281018e+01 
       2.814735278441e+00       4.217658765197e+01 
       2.847328376851e+00       4.147513399306e+01 
       2.880298885554e+00       4.078208896114e+01 
       2.913651174754e+00       4.009740961778e+01 
       2.947389665261e+00       3.942105327658e+01 
       2.981518829076e+00       3.875297716875e+01 
       3.016043189982e+00       3.809313864829e+01 
       3.050967324147e+00       3.744149492053e+01 
       3.086295860725e+00       3.679800321996e+01 
       3.122033482477e+00       3.616262059281e+01 
       3.158184926385e+00       3.553530397070e+01 
       3.194754984285e+00       3.491601012448e+01 
       3.231748503497e+00       3.430469557653e+01 
       3.269170387472e+00       3.370131660643e+01 
       3.307025596442e+00       3.310582921781e+01 
       3.345319148072e+00       3.251818908963e+01 
       3.384056118132e+00       3.193835154602e+01 
       3.423241641165e+00       3.136627153088e+01 
       3.462880911169e+00       3.080190357878e+01 
       3.502979182288e+00       3.024520178504e+01 
       3.543541769502e+00       2.969611977778e+01 
       3.584574049340e+00       2.915461069240e+01 
       3.626081460586e+00       2.862062714804e+01 
       3.668069505001e+00       2.809412122555e+01 
       3.710543748057e+00       2.757504444684e+01 
       3.753509819667e+00       2.706334775555e+01 
       3.796973414938e+00       2.655898149936e+01 
       3.840940294922e+00       2.606189541518e+01 
       3.885416287382e+00       2.557203861799e+01 
       3.930407287562e+00       2.508935958924e+01 
       3.975919258972e+00       2.461380616488e+01 
       4.021958234172e+00       2.414532553215e+01 
       4.068530315580e+00       2.368386422419e+01 
       4.115641676274e+00       2.322936811529e+01 
       4.163298560814e+00       2.278178242426e+01 
       4.211507286070e+00       2.234105171251e+01 
       4.260274242054e+00       2.190711989100e+01 
       4.309605892775e+00       2.147993022440e+01 
       4.359508777088e+00       2.105942533979e+01 
       4.409989509568e+00       2.064554723717e+01 
       4.461054781381e+00       2.023823730086e+01 
       4.512711361173e+00       1.983743631362e+01 
       4.564966095967e+00       1.944308447250e+01 
       4.617825912074e+00       1.905512140612e+01 
       4.671297816003e+00       1.867348619370e+01 
       4.725388895397e+00       1.829811738552e+01 
       4.780106319972e+00       1.792895302489e+01 
       4.835457342461e+00       1.756593067132e+01 
       4.891449299584e+00       1.720898742493e+01 
       4.948089613013e+00       1.685805995184e+01 
       5.005385790361e+00       1.651308451061e+01 
       5.063345426174e+00       1.617399697944e+01 
       5.121976202938e+00       1.584073288408e+01 
       5.181285892100e+00       1.551322742643e+01 
       5.241282355095e+00       1.519141551351e+01 
       5.301973544389e+00       1.487523178692e+01 
       5.363367504534e+00       1.456461065257e+01 
       5.425472373232e+00       1.425948631049e+01 
       5.488296382416e+00       1.395979278488e+01 
       5.551847859341e+00       1.366546395404e+01 
       5.616135227686e+00       1.337643358033e+01 
       5.681167008672e+00       1.309263533982e+01 
       5.746951822192e+00       1.281400285188e+01 
       5.813498387951e+00       1.254046970833e+01 
       5.880815526624e+00       1.227196950233e+01 
       5.948912161026e+00       1.200843585678e+01 
       6.017797317291e+00       1.174980245234e+01 
       6.087480126071e+00       1.149600305485e+01 
       6.157969823749e+00       1.124697154230e+01 
       6.229275753657e+00       1.100264193115e+01 
       6.301407367319e+00       1.076294840205e+01 
       6.374374225702e+00       1.052782532500e+01 
       6.448186000484e+00       1.029720728372e+01 
       6.522852475336e+00       1.007102909949e+01 
       6.598383547218e+00       9.849225854170e+00 
       6.674789227692e+00       9.631732912617e+00 
       6.752079644249e+00       9.418485944331e+00 
       6.830265041649e+00       9.209420944407e+00 
       6.909355783281e+00       9.004474253757e+00 
       6.989362352539e+00       8.803582578603e+00 
       7.070295354206e+00       8.606683009244e+00 
       7.152165515864e+00       8.413713038094e+00 
       7.234983689315e+00       8.224610576998e+00 
       7.318760852016e+00       8.039313973815e+00 
       7.403508108541e+00       7.857762028291e+00 
       7.489236692047e+00       7.679894007214e+00 
       7.575957965764e+00       7.505649658861e+00 
       7.663683424503e+00       7.334969226747e+00 
       7.752424696180e+00       7.167793462674e+00 
       7.842193543352e+00       7.004063639104e+00 
       7.933001864785e+00       6.843721560849e+00 
       8.024861697022e+00       6.686709576100e+00 
       8.117785215985e+00       6.532970586792e+00 
       8.211784738585e+00       6.382448058338e+00 
       8.306872724357e+00       6.235086028712e+00 
       8.403061777112e+00       6.090829116922e+00 
       8.500364646603e+00       5.949622530863e+00 
       8.598794230221e+00       5.811412074584e+00 
       8.698363574700e+00       5.676144154949e+00 
       8.799085877849e+00       5.543765787748e+00 
       8.900974490301e+00       5.414224603226e+00 
       9.004042917280e+00       5.287468851083e+00 
       9.108304820394e+00       5.163447404924e+00 
       9.213774019447e+00       5.042109766203e+00 
       9.320464494267e+00       4.923406067653e+00 
       9.428390386559e+00       4.807287076220e+00 
       9.537566001785e+00       4.693704195527e+00 
       9.648005811053e+00       4.582609467865e+00 
       9.759724453041e+00       4.473955575739e+00 
       9.872736735935e+00       4.367695842969e+00 
       9.987057639388e+00       4.263784235376e+00 
       1.010270231651e+01       4.162175361052e+00 
       1.021968609589e+01       4.062824470238e+00 
       1.033802448359e+01       3.965687454817e+00 
       1.045773316523e+01       3.870720847440e+00 
       1.057882800808e+01       3.777881820298e+00 
       1.070132506313e+01       3.687128183551e+00 
       1.082524056721e+01       3.598418383428e+00 
       1.095059094521e+01       3.511711500016e+00 
       1.107739281218e+01       3.426967244738e+00 
       1.120566297557e+01       3.344145957555e+00 
       1.133541843745e+01       3.263208603875e+00 
       1.146667639676e+01       3.184116771214e+00 
       1.159945425161e+01       3.106832665590e+00 
       1.173376960156e+01       3.031319107689e+00 
       1.186964024995e+01       2.957539528795e+00 
       1.200708420631e+01       2.885457966504e+00 
       1.214611968867e+01       2.815039060236e+00 
       1.228676512604e+01       2.746248046550e+00 
       1.242903916082e+01       2.679050754275e+00 
       1.257296065128e+01       2.613413599468e+00 
       1.271854867405e+01       2.549303580212e+00 
       1.286582252668e+01       2.486688271260e+00 
       1.301480173014e+01       2.425535818533e+00 
       1.316550603147e+01       2.365814933491e+00 
       1.331795540637e+01       2.307494887373e+00 
       1.347217006184e+01       2.250545505334e+00 
       1.362817043885e+01       2.194937160458e+00 
       1.378597721509e+01       2.140640767695e+00 
       1.394561130768e+01       2.087627777689e+00 
       1.410709387595e+01       2.035870170543e+00 
       1.427044632422e+01       1.985340449496e+00 
       1.443569030470e+01       1.936011634542e+00 
       1.460284772030e+01       1.887857255994e+00 
       1.477194072754e+01       1.840851347987e+00 
       1.494299173952e+01       1.794968441943e+00 
       1.511602342888e+01       1.750183560001e+00 
       1.529105873076e+01       1.706472208406e+00 
       1.546812084592e+01       1.663810370882e+00 
       1.564723324374e+01       1.622174501981e+00 
       1.582841966538e+01       1.581541520417e+00 
       1.601170412691e+01       1.541888802395e+00 
       1.619711092247e+01       1.503194174930e+00 
       1.638466462753e+01       1.465435909180e+00 
       1.657439010215e+01       1.428592713769e+00 
       1.676631249423e+01       1.392643728135e+00 
       1.696045724286e+01       1.357568515882e+00 
       1.715685008173e+01       1.323347058163e+00 
       1.735551704250e+01       1.289959747072e+00 
       1.755648445825e+01       1.257387379076e+00 
       1.775977896700e+01       1.225611148469e+00 
       1.796542751521e+01       1.194612640864e+00 
       1.817345736138e+01       1.164373826717e+00 
       1.838389607964e+01       1.134877054902e+00 
       1.859677156342e+01       1.106105046313e+00 
       1.881211202912e+01       1.078040887525e+00 
       1.902994601989e+01       1.050668024495e+00 
       1.925030240939e+01       1.023970256319e+00 
       1.947321040563e+01       9.979317290378e-01 
       1.969869955482e+01       9.725369294963e-01 
       1.992679974529e+01       9.477706792653e-01 
       2.015754121149e+01       9.236181286157e-01 
       2.039095453794e+01       9.000647505566e-01 
       2.062707066333e+01       8.770963349329e-01 
       2.086592088459e+01       8.546989825872e-01 
       2.110753686106e+01       8.328590995855e-01 
       2.135195061869e+01       8.115633915090e-01 
       2.159919455423e+01       7.907988578117e-01 
       2.184930143963e+01       7.705527862465e-01 
       2.210230442626e+01       7.508127473593e-01 
       2.235823704940e+01       7.315665890528e-01 
       2.261713323264e+01       7.128024312196e-01 
       2.287902729240e+01       6.945086604469e-01 
       2.314395394245e+01       6.766739247910e-01 
       2.341194829852e+01       6.592871286248e-01 
       2.368304588297e+01       6.423374275557e-01 
       2.395728262951e+01       6.258142234169e-01 
       2.423469488791e+01       6.097071593299e-01 
       2.451531942887e+01       5.940061148409e-01 
       2.479919344886e+01       5.787012011282e-01 
       2.508635457508e+01       5.637827562834e-01 
       2.537684087043e+01       5.492413406643e-01 
       2.567069083855e+01       5.350677323209e-01 
       2.596794342894e+01       5.212529224932e-01 
       2.626863804210e+01       5.077881111811e-01 
       2.657281453478e+01       4.946647027863e-01 
       2.688051322524e+01       4.818743018254e-01 
       2.719177489861e+01       4.694087087147e-01 
       2.750664081230e+01       4.572599156248e-01 
       2.782515270143e+01       4.454201024065e-01 
       2.814735278441e+01       4.338816325862e-01 
       2.847328376851e+01       4.226370494305e-01 
       2.880298885554e+01       4.116790720800e-01 
       2.913651174754e+01       4.010005917512e-01 
       2.947389665261e+01       3.905946680063e-01 
       2.981518829076e+01       3.804545250899e-01 
       3.016043189982e+01       3.705735483322e-01 
