# Matter power spectrum P(k) at redshift z=0
# for k=2.1122e-07 to 30.2907 h/Mpc,
# number of wavenumbers equal to 1500
#    1:k (h/Mpc)              2:P (Mpc/h)^3        
       2.112196734292e-07       1.014926574104e+00 
       2.136654819764e-07       1.026288882239e+00 
       2.161396116519e-07       1.037778393728e+00 
       2.186423903988e-07       1.049396532638e+00 
       2.211741499577e-07       1.061144738981e+00 
       2.237352259106e-07       1.073024468890e+00 
       2.263259577253e-07       1.085037194798e+00 
       2.289466888007e-07       1.097184405623e+00 
       2.315977665116e-07       1.109467606953e+00 
       2.342795422556e-07       1.121888321229e+00 
       2.369923714992e-07       1.134448087936e+00 
       2.397366138249e-07       1.147148463796e+00 
       2.425126329791e-07       1.159991022960e+00 
       2.453207969201e-07       1.172977357199e+00 
       2.481614778671e-07       1.186109076105e+00 
       2.510350523491e-07       1.199387807288e+00 
       2.539419012554e-07       1.212815196585e+00 
       2.568824098857e-07       1.226392908254e+00 
       2.598569680011e-07       1.240122625186e+00 
       2.628659698762e-07       1.254006049111e+00 
       2.659098143509e-07       1.268044900810e+00 
       2.689889048834e-07       1.282240920332e+00 
       2.721036496039e-07       1.296595867203e+00 
       2.752544613684e-07       1.311111520648e+00 
       2.784417578137e-07       1.325789679814e+00 
       2.816659614123e-07       1.340632163987e+00 
       2.849274995291e-07       1.355640812820e+00 
       2.882268044773e-07       1.370817486562e+00 
       2.915643135762e-07       1.386164066284e+00 
       2.949404692091e-07       1.401682454122e+00 
       2.983557188817e-07       1.417374573506e+00 
       3.018105152816e-07       1.433242369399e+00 
       3.053053163385e-07       1.449287808536e+00 
       3.088405852843e-07       1.465512879671e+00 
       3.124167907152e-07       1.481919593822e+00 
       3.160344066534e-07       1.498509984526e+00 
       3.196939126098e-07       1.515286108080e+00 
       3.233957936480e-07       1.532250043802e+00 
       3.271405404484e-07       1.549403894291e+00 
       3.309286493731e-07       1.566749785684e+00 
       3.347606225318e-07       1.584289867921e+00 
       3.386369678484e-07       1.602026315012e+00 
       3.425581991283e-07       1.619961325304e+00 
       3.465248361265e-07       1.638097121756e+00 
       3.505374046163e-07       1.656435952212e+00 
       3.545964364594e-07       1.674980089682e+00 
       3.587024696761e-07       1.693731832624e+00 
       3.628560485167e-07       1.712693505227e+00 
       3.670577235334e-07       1.731867457700e+00 
       3.713080516538e-07       1.751256066565e+00 
       3.756075962543e-07       1.770861734947e+00 
       3.799569272348e-07       1.790686892875e+00 
       3.843566210944e-07       1.810733997585e+00 
       3.888072610078e-07       1.831005533819e+00 
       3.933094369026e-07       1.851504014141e+00 
       3.978637455372e-07       1.872231979240e+00 
       4.024707905803e-07       1.893191998259e+00 
       4.071311826908e-07       1.914386669096e+00 
       4.118455395985e-07       1.935818618718e+00 
       4.166144861865e-07       1.957490503514e+00 
       4.214386545733e-07       1.979405009615e+00 
       4.263186841973e-07       2.001564853205e+00 
       4.312552219011e-07       2.023972780904e+00 
       4.362489220174e-07       2.046631570077e+00 
       4.413004464558e-07       2.069544029175e+00 
       4.464104647904e-07       2.092712998094e+00 
       4.515796543486e-07       2.116141348520e+00 
       4.568087003009e-07       2.139831984290e+00 
       4.620982957515e-07       2.163787841750e+00 
       4.674491418307e-07       2.188011890119e+00 
       4.728619477874e-07       2.212507131858e+00 
       4.783374310831e-07       2.237276603041e+00 
       4.838763174871e-07       2.262323373731e+00 
       4.894793411729e-07       2.287650548363e+00 
       4.951472448151e-07       2.313261266124e+00 
       5.008807796884e-07       2.339158701337e+00 
       5.066807057665e-07       2.365346063861e+00 
       5.125477918233e-07       2.391826599523e+00 
       5.184828155347e-07       2.418603590471e+00 
       5.244865635817e-07       2.445680355601e+00 
       5.305598317546e-07       2.473060250964e+00 
       5.367034250586e-07       2.500746670169e+00 
       5.429181578202e-07       2.528743044821e+00 
       5.492048537955e-07       2.557052844943e+00 
       5.555643462794e-07       2.585679579411e+00 
       5.619974782155e-07       2.614626796383e+00 
       5.685051023087e-07       2.643898083744e+00 
       5.750880811374e-07       2.673497069544e+00 
       5.817472872684e-07       2.703427422452e+00 
       5.884836033721e-07       2.733692852208e+00 
       5.952979223401e-07       2.764297110083e+00 
       6.021911474028e-07       2.795243989343e+00 
       6.091641922499e-07       2.826537325722e+00 
       6.162179811508e-07       2.858180997897e+00 
       6.233534490777e-07       2.890178927967e+00 
       6.305715418290e-07       2.922535081942e+00 
       6.378732161552e-07       2.955253470232e+00 
       6.452594398853e-07       2.988338148147e+00 
       6.527311920552e-07       3.021793216382e+00 
       6.602894630376e-07       3.055622821571e+00 
       6.679352546732e-07       3.089831156758e+00 
       6.756695804032e-07       3.124422461924e+00 
       6.834934654043e-07       3.159401024522e+00 
       6.914079467239e-07       3.194771180005e+00 
       6.994140734179e-07       3.230537312363e+00 
       7.075129066898e-07       3.266703854659e+00 
       7.157055200311e-07       3.303275289614e+00 
       7.239929993638e-07       3.340256150103e+00 
       7.323764431845e-07       3.377651019753e+00 
       7.408569627093e-07       3.415464533518e+00 
       7.494356820222e-07       3.453701378250e+00 
       7.581137382229e-07       3.492366293259e+00 
       7.668922815784e-07       3.531464070911e+00 
       7.757724756752e-07       3.570999557226e+00 
       7.847554975734e-07       3.610977652482e+00 
       7.938425379628e-07       3.651403311819e+00 
       8.030348013207e-07       3.692281545854e+00 
       8.123335060717e-07       3.733617421300e+00 
       8.217398847490e-07       3.775416061587e+00 
       8.312551841580e-07       3.817682647508e+00 
       8.408806655412e-07       3.860422417855e+00 
       8.506176047459e-07       3.903640670079e+00 
       8.604672923927e-07       3.947342760934e+00 
       8.704310340471e-07       3.991534106946e+00 
       8.805101503923e-07       4.036220185557e+00 
       8.907059774041e-07       4.081406535618e+00 
       9.010198665285e-07       4.127098757842e+00 
       9.114531848602e-07       4.173302515646e+00 
       9.220073153243e-07       4.220023535773e+00 
       9.326836568594e-07       4.267267609045e+00 
       9.434836246030e-07       4.315040590798e+00 
       9.544086500790e-07       4.363348403031e+00 
       9.654601813879e-07       4.412197033154e+00 
       9.766396833980e-07       4.461592536012e+00 
       9.879486379403e-07       4.511541034377e+00 
       9.993885440045e-07       4.562048718542e+00 
       1.010960917938e-06       4.613121848709e+00 
       1.022667293645e-06       4.664766755477e+00 
       1.034509222795e-06       4.716989840484e+00 
       1.046488275022e-06       4.769797576356e+00 
       1.058606038136e-06       4.823196508285e+00 
       1.070864118334e-06       4.877193255006e+00 
       1.083264140411e-06       4.931794509336e+00 
       1.095807747976e-06       4.987007039020e+00 
       1.108496603672e-06       5.042837687569e+00 
       1.121332389391e-06       5.099293374998e+00 
       1.134316806504e-06       5.156381098821e+00 
       1.147451576081e-06       5.214107934932e+00 
       1.160738439122e-06       5.272481038464e+00 
       1.174179156785e-06       5.331507644659e+00 
       1.187775510624e-06       5.391195069756e+00 
       1.201529302821e-06       5.451550711908e+00 
       1.215442356425e-06       5.512582052094e+00 
       1.229516515596e-06       5.574296655042e+00 
       1.243753645851e-06       5.636702170171e+00 
       1.258155634303e-06       5.699806332542e+00 
       1.272724389922e-06       5.763616963819e+00 
       1.287461843781e-06       5.828141973241e+00 
       1.302369949312e-06       5.893389358597e+00 
       1.317450682570e-06       5.959367207218e+00 
       1.332706042488e-06       6.026083696981e+00 
       1.348138051149e-06       6.093547097323e+00 
       1.363748754049e-06       6.161765770267e+00 
       1.379540220368e-06       6.230748171457e+00 
       1.395514543250e-06       6.300502851210e+00 
       1.411673840072e-06       6.371038455573e+00 
       1.428020252733e-06       6.442363727392e+00 
       1.444555947932e-06       6.514487507406e+00 
       1.461283117457e-06       6.587418735331e+00 
       1.478203978476e-06       6.661166450976e+00 
       1.495320773832e-06       6.735739795342e+00 
       1.512635772336e-06       6.811148011807e+00 
       1.530151269074e-06       6.887400447237e+00 
       1.547869585705e-06       6.964506553139e+00 
       1.565793070773e-06       7.042475886840e+00 
       1.583924100016e-06       7.121318112676e+00 
       1.602265076684e-06       7.201043003191e+00 
       1.620818431851e-06       7.281660440347e+00 
       1.639586624747e-06       7.363180416746e+00 
       1.658572143073e-06       7.445613036872e+00 
       1.677777503340e-06       7.528968518338e+00 
       1.697205251199e-06       7.613257193163e+00 
       1.716857961775e-06       7.698489509049e+00 
       1.736738240014e-06       7.784676030679e+00 
       1.756848721025e-06       7.871827441023e+00 
       1.777192070432e-06       7.959954542665e+00 
       1.797770984723e-06       8.049068259142e+00 
       1.818588191610e-06       8.139179636300e+00 
       1.839646450392e-06       8.230299843661e+00 
       1.860948552319e-06       8.322440175809e+00 
       1.882497320961e-06       8.415612053794e+00 
       1.904295612583e-06       8.509827026544e+00 
       1.926346316526e-06       8.605096772300e+00 
       1.948652355587e-06       8.701433100048e+00 
       1.971216686407e-06       8.798847951027e+00 
       1.994042299864e-06       8.897353400173e+00 
       2.017132221467e-06       8.996961657624e+00 
       2.040489511762e-06       9.097685070133e+00 
       2.064117266731e-06       9.199536122724e+00 
       2.088018618208e-06       9.302527440409e+00 
       2.112196734292e-06       9.406671789510e+00 
       2.136654819764e-06       9.511982079297e+00 
       2.161396116519e-06       9.618471363552e+00 
       2.186423903988e-06       9.726152841674e+00 
       2.211741499577e-06       9.835039861949e+00 
       2.237352259106e-06       9.945145922480e+00 
       2.263259577254e-06       1.005648466906e+01 
       2.289466888007e-06       1.016906990544e+01 
       2.315977665116e-06       1.028291558632e+01 
       2.342795422556e-06       1.039803582280e+01 
       2.369923714992e-06       1.051444488624e+01 
       2.397366138249e-06       1.063215720628e+01 
       2.425126329791e-06       1.075118737395e+01 
       2.453207969201e-06       1.087155014392e+01 
       2.481614778671e-06       1.099326043653e+01 
       2.510350523491e-06       1.111633333851e+01 
       2.539419012554e-06       1.124078410424e+01 
       2.568824098857e-06       1.136662816417e+01 
       2.598569680011e-06       1.149388111586e+01 
       2.628659698762e-06       1.162255873332e+01 
       2.659098143509e-06       1.175267696772e+01 
       2.689889048834e-06       1.188425194894e+01 
       2.721036496039e-06       1.201729998729e+01 
       2.752544613685e-06       1.215183757556e+01 
       2.784417578137e-06       1.228788139132e+01 
       2.816659614124e-06       1.242544829877e+01 
       2.849274995291e-06       1.256455535103e+01 
       2.882268044773e-06       1.270521979224e+01 
       2.915643135762e-06       1.284745905968e+01 
       2.949404692091e-06       1.299129078594e+01 
       2.983557188817e-06       1.313673280107e+01 
       3.018105152816e-06       1.328380313482e+01 
       3.053053163385e-06       1.343252001884e+01 
       3.088405852844e-06       1.358290188897e+01 
       3.124167907153e-06       1.373496738753e+01 
       3.160344066534e-06       1.388873536562e+01 
       3.196939126098e-06       1.404422488547e+01 
       3.233957936480e-06       1.420145522280e+01 
       3.271405404484e-06       1.436044586922e+01 
       3.309286493731e-06       1.452121653464e+01 
       3.347606225318e-06       1.468378714977e+01 
       3.386369678484e-06       1.484817786851e+01 
       3.425581991283e-06       1.501440907051e+01 
       3.465248361265e-06       1.518250136369e+01 
       3.505374046163e-06       1.535247558680e+01 
       3.545964364594e-06       1.552435281199e+01 
       3.587024696762e-06       1.569815434745e+01 
       3.628560485167e-06       1.587390174005e+01 
       3.670577235334e-06       1.605161677800e+01 
       3.713080516538e-06       1.623132149358e+01 
       3.756075962543e-06       1.641303816587e+01 
       3.799569272348e-06       1.659678932351e+01 
       3.843566210944e-06       1.678259774752e+01 
       3.888072610079e-06       1.697048647412e+01 
       3.933094369026e-06       1.716047879757e+01 
       3.978637455372e-06       1.735259827308e+01 
       4.024707905803e-06       1.754686871972e+01 
       4.071311826908e-06       1.774331422344e+01 
       4.118455395985e-06       1.794195914001e+01 
       4.166144861865e-06       1.814282809707e+01 
       4.214386545733e-06       1.834594600066e+01 
       4.263186841973e-06       1.855133803516e+01 
       4.312552219011e-06       1.875902966460e+01 
       4.362489220174e-06       1.896904663855e+01 
       4.413004464558e-06       1.918141499936e+01 
       4.464104647905e-06       1.939616107909e+01 
       4.515796543486e-06       1.961331150124e+01 
       4.568087003009e-06       1.983289319068e+01 
       4.620982957515e-06       2.005493337961e+01 
       4.674491418308e-06       2.027945958927e+01 
       4.728619477874e-06       2.050649966681e+01 
       4.783374310831e-06       2.073608176179e+01 
       4.838763174871e-06       2.096823433913e+01 
       4.894793411729e-06       2.120298619255e+01 
       4.951472448152e-06       2.144036642592e+01 
       5.008807796884e-06       2.168040447482e+01 
       5.066807057665e-06       2.192313010445e+01 
       5.125477918233e-06       2.216857341489e+01 
       5.184828155347e-06       2.241676484148e+01 
       5.244865635817e-06       2.266773516061e+01 
       5.305598317546e-06       2.292151549470e+01 
       5.367034250586e-06       2.317813731432e+01 
       5.429181578202e-06       2.343763244306e+01 
       5.492048537955e-06       2.370003306159e+01 
       5.555643462794e-06       2.396537171108e+01 
       5.619974782155e-06       2.423368129734e+01 
       5.685051023087e-06       2.450499509513e+01 
       5.750880811374e-06       2.477934675221e+01 
       5.817472872684e-06       2.505677029352e+01 
       5.884836033721e-06       2.533730012545e+01 
       5.952979223401e-06       2.562097104013e+01 
       6.021911474028e-06       2.590781821976e+01 
       6.091641922499e-06       2.619787724091e+01 
       6.162179811508e-06       2.649118407947e+01 
       6.233534490777e-06       2.678777511423e+01 
       6.305715418290e-06       2.708768713218e+01 
       6.378732161552e-06       2.739095733280e+01 
       6.452594398853e-06       2.769762333268e+01 
       6.527311920552e-06       2.800772317031e+01 
       6.602894630376e-06       2.832129531077e+01 
       6.679352546732e-06       2.863837865057e+01 
       6.756695804032e-06       2.895901252244e+01 
       6.834934654043e-06       2.928323670032e+01 
       6.914079467239e-06       2.961109140429e+01 
       6.994140734179e-06       2.994261730560e+01 
       7.075129066898e-06       3.027785553174e+01 
       7.157055200311e-06       3.061684767161e+01 
       7.239929993638e-06       3.095963578068e+01 
       7.323764431845e-06       3.130626238628e+01 
       7.408569627094e-06       3.165677049294e+01 
       7.494356820222e-06       3.201120358769e+01 
       7.581137382229e-06       3.236960564558e+01 
       7.668922815784e-06       3.273202113533e+01 
       7.757724756752e-06       3.309849502410e+01 
       7.847554975734e-06       3.346907278154e+01 
       7.938425379628e-06       3.384380039353e+01 
       8.030348013207e-06       3.422272436212e+01 
       8.123335060717e-06       3.460589170464e+01 
       8.217398847490e-06       3.499334996660e+01 
       8.312551841580e-06       3.538514723352e+01 
       8.408806655413e-06       3.578133212815e+01 
       8.506176047459e-06       3.618195381669e+01 
       8.604672923927e-06       3.658706201968e+01 
       8.704310340471e-06       3.699670701916e+01 
       8.805101503923e-06       3.741093965622e+01 
       8.907059774041e-06       3.782981134164e+01 
       9.010198665285e-06       3.825337407258e+01 
       9.114531848602e-06       3.868168042216e+01 
       9.220073153244e-06       3.911478355623e+01 
       9.326836568594e-06       3.955273724116e+01 
       9.434836246030e-06       3.999559584512e+01 
       9.544086500791e-06       4.044341434452e+01 
       9.654601813879e-06       4.089624833522e+01 
       9.766396833980e-06       4.135415403962e+01 
       9.879486379403e-06       4.181718831187e+01 
       9.993885440045e-06       4.228540864492e+01 
       1.010960917938e-05       4.275887317742e+01 
       1.022667293645e-05       4.323764070131e+01 
       1.034509222795e-05       4.372177066956e+01 
       1.046488275022e-05       4.421132320383e+01 
       1.058606038136e-05       4.470635910220e+01 
       1.070864118334e-05       4.520693984670e+01 
       1.083264140411e-05       4.571312761104e+01 
       1.095807747976e-05       4.622498526786e+01 
       1.108496603672e-05       4.674257639780e+01 
       1.121332389391e-05       4.726596529657e+01 
       1.134316806504e-05       4.779521698336e+01 
       1.147451576081e-05       4.833039720931e+01 
       1.160738439122e-05       4.887157246568e+01 
       1.174179156785e-05       4.941880999212e+01 
       1.187775510624e-05       4.997217778536e+01 
       1.201529302821e-05       5.053174460789e+01 
       1.215442356425e-05       5.109757999661e+01 
       1.229516515596e-05       5.166975427168e+01 
       1.243753645851e-05       5.224833854433e+01 
       1.258155634303e-05       5.283340472892e+01 
       1.272724389922e-05       5.342502554953e+01 
       1.287461843781e-05       5.402327454984e+01 
       1.302369949312e-05       5.462822610167e+01 
       1.317450682570e-05       5.523995541679e+01 
       1.332706042489e-05       5.585853855960e+01 
       1.348138051149e-05       5.648405243930e+01 
       1.363748754049e-05       5.711657483752e+01 
       1.379540220368e-05       5.775618441921e+01 
       1.395514543250e-05       5.840296073338e+01 
       1.411673840072e-05       5.905698422805e+01 
       1.428020252733e-05       5.971833625905e+01 
       1.444555947932e-05       6.038709909933e+01 
       1.461283117457e-05       6.106335595042e+01 
       1.478203978476e-05       6.174719095474e+01 
       1.495320773832e-05       6.243868920387e+01 
       1.512635772336e-05       6.313793675420e+01 
       1.530151269074e-05       6.384502063014e+01 
       1.547869585705e-05       6.456002884412e+01 
       1.565793070773e-05       6.528305039894e+01 
       1.583924100016e-05       6.601417530559e+01 
       1.602265076684e-05       6.675349459391e+01 
       1.620818431851e-05       6.750110032344e+01 
       1.639586624747e-05       6.825708559568e+01 
       1.658572143073e-05       6.902154456579e+01 
       1.677777503340e-05       6.979457245457e+01 
       1.697205251199e-05       7.057626556075e+01 
       1.716857961775e-05       7.136672127416e+01 
       1.736738240014e-05       7.216603808826e+01 
       1.756848721025e-05       7.297431561278e+01 
       1.777192070432e-05       7.379165458662e+01 
       1.797770984723e-05       7.461815689059e+01 
       1.818588191610e-05       7.545392556164e+01 
       1.839646450392e-05       7.629906480587e+01 
       1.860948552319e-05       7.715368001167e+01 
       1.882497320961e-05       7.801787776405e+01 
       1.904295612583e-05       7.889176585833e+01 
       1.926346316526e-05       7.977545331452e+01 
       1.948652355587e-05       8.066905039165e+01 
       1.971216686407e-05       8.157266860146e+01 
       1.994042299864e-05       8.248642072446e+01 
       2.017132221467e-05       8.341042082481e+01 
       2.040489511762e-05       8.434478426423e+01 
       2.064117266731e-05       8.528962771790e+01 
       2.088018618208e-05       8.624506919151e+01 
       2.112196734292e-05       8.721122803122e+01 
       2.136654819764e-05       8.818822494286e+01 
       2.161396116519e-05       8.917618201004e+01 
       2.186423903988e-05       9.017522270942e+01 
       2.211741499577e-05       9.118547192552e+01 
       2.237352259106e-05       9.220705597320e+01 
       2.263259577254e-05       9.324010260787e+01 
       2.289466888007e-05       9.428474104203e+01 
       2.315977665116e-05       9.534110196344e+01 
       2.342795422556e-05       9.640931755755e+01 
       2.369923714992e-05       9.748952152711e+01 
       2.397366138249e-05       9.858184909773e+01 
       2.425126329791e-05       9.968643704390e+01 
       2.453207969201e-05       1.008034237086e+02 
       2.481614778671e-05       1.019329490234e+02 
       2.510350523491e-05       1.030751545238e+02 
       2.539419012554e-05       1.042301833693e+02 
       2.568824098857e-05       1.053981803624e+02 
       2.598569680011e-05       1.065792919687e+02 
       2.628659698762e-05       1.077736663382e+02 
       2.659098143509e-05       1.089814533251e+02 
       2.689889048834e-05       1.102028045076e+02 
       2.721036496039e-05       1.114378732101e+02 
       2.752544613685e-05       1.126868145233e+02 
       2.784417578137e-05       1.139497853255e+02 
       2.816659614124e-05       1.152269443047e+02 
       2.849274995291e-05       1.165184519813e+02 
       2.882268044773e-05       1.178244707307e+02 
       2.915643135762e-05       1.191451648047e+02 
       2.949404692091e-05       1.204807003545e+02 
       2.983557188817e-05       1.218312454556e+02 
       3.018105152816e-05       1.231969701307e+02 
       3.053053163385e-05       1.245780463722e+02 
       3.088405852844e-05       1.259746481681e+02 
       3.124167907153e-05       1.273869515243e+02 
       3.160344066534e-05       1.288151344923e+02 
       3.196939126098e-05       1.302593771952e+02 
       3.233957936480e-05       1.317198618527e+02 
       3.271405404484e-05       1.331967728069e+02 
       3.309286493731e-05       1.346902965465e+02 
       3.347606225318e-05       1.362006217350e+02 
       3.386369678484e-05       1.377279392408e+02 
       3.425581991283e-05       1.392724421538e+02 
       3.465248361265e-05       1.408343258394e+02 
       3.505374046163e-05       1.424137879451e+02 
       3.545964364594e-05       1.440110284205e+02 
       3.587024696762e-05       1.456262495715e+02 
       3.628560485167e-05       1.472596560729e+02 
       3.670577235334e-05       1.489114550089e+02 
       3.713080516538e-05       1.505818559009e+02 
       3.756075962543e-05       1.522710707357e+02 
       3.799569272348e-05       1.539793139975e+02 
       3.843566210944e-05       1.557068026996e+02 
       3.888072610079e-05       1.574537564193e+02 
       3.933094369026e-05       1.592203973281e+02 
       3.978637455372e-05       1.610069502285e+02 
       4.024707905803e-05       1.628136425864e+02 
       4.071311826908e-05       1.646407045651e+02 
       4.118455395986e-05       1.664883690522e+02 
       4.166144861865e-05       1.683568717333e+02 
       4.214386545733e-05       1.702464510701e+02 
       4.263186841973e-05       1.721573483759e+02 
       4.312552219011e-05       1.740898078397e+02 
       4.362489220174e-05       1.760440765684e+02 
       4.413004464558e-05       1.780204046246e+02 
       4.464104647905e-05       1.800190450670e+02 
       4.515796543486e-05       1.820402539870e+02 
       4.568087003009e-05       1.840842905347e+02 
       4.620982957515e-05       1.861514170237e+02 
       4.674491418308e-05       1.882418988886e+02 
       4.728619477874e-05       1.903560047590e+02 
       4.783374310831e-05       1.924940065148e+02 
       4.838763174871e-05       1.946561793237e+02 
       4.894793411729e-05       1.968428016845e+02 
       4.951472448152e-05       1.990541554701e+02 
       5.008807796884e-05       2.012905259701e+02 
       5.066807057665e-05       2.035522019459e+02 
       5.125477918233e-05       2.058394756394e+02 
       5.184828155347e-05       2.081526429413e+02 
       5.244865635817e-05       2.104920033096e+02 
       5.305598317547e-05       2.128578598348e+02 
       5.367034250586e-05       2.152505193406e+02 
       5.429181578202e-05       2.176702924152e+02 
       5.492048537955e-05       2.201174934559e+02 
       5.555643462794e-05       2.225924407338e+02 
       5.619974782156e-05       2.250954564381e+02 
       5.685051023087e-05       2.276268667364e+02 
       5.750880811374e-05       2.301870018270e+02 
       5.817472872684e-05       2.327761959951e+02 
       5.884836033721e-05       2.353947876824e+02 
       5.952979223401e-05       2.380431195256e+02 
       6.021911474028e-05       2.407215384209e+02 
       6.091641922499e-05       2.434303955945e+02 
       6.162179811508e-05       2.461700466319e+02 
       6.233534490777e-05       2.489408515813e+02 
       6.305715418290e-05       2.517431749930e+02 
       6.378732161552e-05       2.545773860087e+02 
       6.452594398853e-05       2.574438584158e+02 
       6.527311920552e-05       2.603429707099e+02 
       6.602894630376e-05       2.632751061564e+02 
       6.679352546732e-05       2.662406527627e+02 
       6.756695804032e-05       2.692400035181e+02 
       6.834934654043e-05       2.722735564225e+02 
       6.914079467239e-05       2.753417145234e+02 
       6.994140734179e-05       2.784448859321e+02 
       7.075129066898e-05       2.815834840893e+02 
       7.157055200311e-05       2.847579275618e+02 
       7.239929993639e-05       2.879686402995e+02 
       7.323764431845e-05       2.912160516944e+02 
       7.408569627094e-05       2.945005966422e+02 
       7.494356820222e-05       2.978227155749e+02 
       7.581137382229e-05       3.011828547399e+02 
       7.668922815784e-05       3.045814659830e+02 
       7.757724756753e-05       3.080190070148e+02 
       7.847554975734e-05       3.114959414714e+02 
       7.938425379628e-05       3.150127389873e+02 
       8.030348013207e-05       3.185698752654e+02 
       8.123335060717e-05       3.221678321848e+02 
       8.217398847490e-05       3.258070979118e+02 
       8.312551841580e-05       3.294881669551e+02 
       8.408806655413e-05       3.332115402569e+02 
       8.506176047459e-05       3.369777252963e+02 
       8.604672923928e-05       3.407872361899e+02 
       8.704310340472e-05       3.446405937623e+02 
       8.805101503923e-05       3.485383256542e+02 
       8.907059774041e-05       3.524809741009e+02 
       9.010198665285e-05       3.564690654567e+02 
       9.114531848602e-05       3.605031560253e+02 
       9.220073153244e-05       3.645838017247e+02 
       9.326836568595e-05       3.687115657829e+02 
       9.434836246030e-05       3.728870188600e+02 
       9.544086500791e-05       3.771107391314e+02 
       9.654601813879e-05       3.813833124071e+02 
       9.766396833980e-05       3.857053322270e+02 
       9.879486379404e-05       3.900773996597e+02 
       9.993885440045e-05       3.945001243821e+02 
       1.010960917938e-04       3.989741237767e+02 
       1.022667293645e-04       4.035000233808e+02 
       1.034509222795e-04       4.080784569909e+02 
       1.046488275022e-04       4.127100667839e+02 
       1.058606038136e-04       4.173955034390e+02 
       1.070864118334e-04       4.221354262303e+02 
       1.083264140411e-04       4.269305031661e+02 
       1.095807747976e-04       4.317814110541e+02 
       1.108496603672e-04       4.366888356504e+02 
       1.121332389391e-04       4.416534717471e+02 
       1.134316806504e-04       4.466760233090e+02 
       1.147451576081e-04       4.517572035728e+02 
       1.160738439122e-04       4.568977351515e+02 
       1.174179156785e-04       4.620983499538e+02 
       1.187775510624e-04       4.673597899114e+02 
       1.201529302821e-04       4.726828064935e+02 
       1.215442356425e-04       4.780681609114e+02 
       1.229516515596e-04       4.835166243145e+02 
       1.243753645851e-04       4.890289779040e+02 
       1.258155634303e-04       4.946060130218e+02 
       1.272724389923e-04       5.002485312751e+02 
       1.287461843781e-04       5.059573446044e+02 
       1.302369949313e-04       5.117332754048e+02 
       1.317450682570e-04       5.175771566170e+02 
       1.332706042489e-04       5.234898318282e+02 
       1.348138051149e-04       5.294721553725e+02 
       1.363748754049e-04       5.355249923993e+02 
       1.379540220368e-04       5.416492190039e+02 
       1.395514543250e-04       5.478457222790e+02 
       1.411673840072e-04       5.541154003566e+02 
       1.428020252733e-04       5.604591625366e+02 
       1.444555947932e-04       5.668779293587e+02 
       1.461283117457e-04       5.733726326855e+02 
       1.478203978476e-04       5.799442157351e+02 
       1.495320773832e-04       5.865936331586e+02 
       1.512635772336e-04       5.933218510730e+02 
       1.530151269074e-04       6.001298471332e+02 
       1.547869585705e-04       6.070186105618e+02 
       1.565793070773e-04       6.139891421823e+02 
       1.583924100016e-04       6.210424544592e+02 
       1.602265076684e-04       6.281795715955e+02 
       1.620818431851e-04       6.354015293601e+02 
       1.639586624747e-04       6.427093750762e+02 
       1.658572143073e-04       6.501041678625e+02 
       1.677777503340e-04       6.575869785032e+02 
       1.697205251199e-04       6.651588894033e+02 
       1.716857961775e-04       6.728209945949e+02 
       1.736738240014e-04       6.805743996462e+02 
       1.756848721025e-04       6.884202216335e+02 
       1.777192070432e-04       6.963595891117e+02 
       1.797770984723e-04       7.043936419846e+02 
       1.818588191610e-04       7.125235314466e+02 
       1.839646450392e-04       7.207504198968e+02 
       1.860948552319e-04       7.290754808619e+02 
       1.882497320961e-04       7.374998985654e+02 
       1.904295612583e-04       7.460248682239e+02 
       1.926346316526e-04       7.546515957149e+02 
       1.948652355587e-04       7.633812973645e+02 
       1.971216686407e-04       7.722151998124e+02 
       1.994042299864e-04       7.811545397891e+02 
       2.017132221467e-04       7.902005638897e+02 
       2.040489511762e-04       7.993545283546e+02 
       2.064117266731e-04       8.086176988286e+02 
       2.088018618209e-04       8.179913500950e+02 
       2.112196734292e-04       8.274767658370e+02 
       2.136654819765e-04       8.370752381403e+02 
       2.161396116519e-04       8.467880673099e+02 
       2.186423903988e-04       8.566165615824e+02 
       2.211741499577e-04       8.665620367235e+02 
       2.237352259106e-04       8.766258156246e+02 
       2.263259577254e-04       8.868092279043e+02 
       2.289466888007e-04       8.971136094887e+02 
       2.315977665116e-04       9.075403021653e+02 
       2.342795422556e-04       9.180906531126e+02 
       2.369923714992e-04       9.287660144799e+02 
       2.397366138249e-04       9.395677428596e+02 
       2.425126329791e-04       9.504971987554e+02 
       2.453207969201e-04       9.615557460837e+02 
       2.481614778671e-04       9.727447516144e+02 
       2.510350523491e-04       9.840655842413e+02 
       2.539419012554e-04       9.955196145482e+02 
       2.568824098857e-04       1.007108214198e+03 
       2.598569680011e-04       1.018832755264e+03 
       2.628659698762e-04       1.030694609573e+03 
       2.659098143509e-04       1.042695148021e+03 
       2.689889048834e-04       1.054835739876e+03 
       2.721036496039e-04       1.067117752163e+03 
       2.752544613685e-04       1.079542548933e+03 
       2.784417578137e-04       1.092111490477e+03 
       2.816659614124e-04       1.104825932606e+03 
       2.849274995291e-04       1.117687225917e+03 
       2.882268044773e-04       1.130696715004e+03 
       2.915643135762e-04       1.143855737740e+03 
       2.949404692091e-04       1.157165624474e+03 
       2.983557188817e-04       1.170627697230e+03 
       3.018105152817e-04       1.184243268836e+03 
       3.053053163385e-04       1.198013642466e+03 
       3.088405852844e-04       1.211940110512e+03 
       3.124167907153e-04       1.226023953899e+03 
       3.160344066534e-04       1.240266441298e+03 
       3.196939126098e-04       1.254668828355e+03 
       3.233957936480e-04       1.269232356925e+03 
       3.271405404484e-04       1.283958254312e+03 
       3.309286493731e-04       1.298847732504e+03 
       3.347606225318e-04       1.313901987347e+03 
       3.386369678484e-04       1.329122198140e+03 
       3.425581991283e-04       1.344509526660e+03 
       3.465248361265e-04       1.360065116474e+03 
       3.505374046163e-04       1.375790092454e+03 
       3.545964364595e-04       1.391685560140e+03 
       3.587024696762e-04       1.407752604750e+03 
       3.628560485167e-04       1.423992291159e+03 
       3.670577235334e-04       1.440405663494e+03 
       3.713080516538e-04       1.456993743799e+03 
       3.756075962543e-04       1.473757532547e+03 
       3.799569272348e-04       1.490698007749e+03 
       3.843566210944e-04       1.507816124824e+03 
       3.888072610079e-04       1.525112815713e+03 
       3.933094369026e-04       1.542588989643e+03 
       3.978637455372e-04       1.560245532291e+03 
       4.024707905803e-04       1.578083305796e+03 
       4.071311826908e-04       1.596103148673e+03 
       4.118455395986e-04       1.614305875742e+03 
       4.166144861865e-04       1.632692279006e+03 
       4.214386545733e-04       1.651263126563e+03 
       4.263186841973e-04       1.670019163522e+03 
       4.312552219011e-04       1.688961112257e+03 
       4.362489220174e-04       1.708089672712e+03 
       4.413004464559e-04       1.727405522912e+03 
       4.464104647905e-04       1.746909319488e+03 
       4.515796543486e-04       1.766601698139e+03 
       4.568087003009e-04       1.786483274636e+03 
       4.620982957515e-04       1.806554645549e+03 
       4.674491418308e-04       1.826816388944e+03 
       4.728619477874e-04       1.847269065555e+03 
       4.783374310831e-04       1.867913219662e+03 
       4.838763174871e-04       1.888749380301e+03 
       4.894793411729e-04       1.909778062444e+03 
       4.951472448152e-04       1.930999764210e+03 
       5.008807796884e-04       1.952414984922e+03 
       5.066807057665e-04       1.974024202015e+03 
       5.125477918233e-04       1.995827888489e+03 
       5.184828155347e-04       2.017826510969e+03 
       5.244865635817e-04       2.040020531159e+03 
       5.305598317547e-04       2.062410407709e+03 
       5.367034250586e-04       2.084996598259e+03 
       5.429181578202e-04       2.107779561329e+03 
       5.492048537955e-04       2.130759758248e+03 
       5.555643462794e-04       2.153937654990e+03 
       5.619974782156e-04       2.177313725412e+03 
       5.685051023087e-04       2.200888452348e+03 
       5.750880811374e-04       2.224662330296e+03 
       5.817472872684e-04       2.248635867683e+03 
       5.884836033721e-04       2.272809589678e+03 
       5.952979223401e-04       2.297184038919e+03 
       6.021911474028e-04       2.321759780963e+03 
       6.091641922499e-04       2.346537404154e+03 
       6.162179811508e-04       2.371517523016e+03 
       6.233534490777e-04       2.396700780930e+03 
       6.305715418290e-04       2.422087852008e+03 
       6.378732161552e-04       2.447679444377e+03 
       6.452594398853e-04       2.473476302346e+03 
       6.527311920552e-04       2.499479209335e+03 
       6.602894630376e-04       2.525688989197e+03 
       6.679352546732e-04       2.552106510054e+03 
       6.756695804032e-04       2.578732685717e+03 
       6.834934654043e-04       2.605568477547e+03 
       6.914079467239e-04       2.632614898769e+03 
       6.994140734179e-04       2.659873018077e+03 
       7.075129066898e-04       2.687343956321e+03 
       7.157055200311e-04       2.715028892509e+03 
       7.239929993639e-04       2.742929064951e+03 
       7.323764431845e-04       2.771045773980e+03 
       7.408569627094e-04       2.799380383870e+03 
       7.494356820222e-04       2.827934323199e+03 
       7.581137382229e-04       2.856709087988e+03 
       7.668922815785e-04       2.885706243039e+03 
       7.757724756753e-04       2.914927424180e+03 
       7.847554975734e-04       2.944374336915e+03 
       7.938425379628e-04       2.974048759896e+03 
       8.030348013207e-04       3.003952546390e+03 
       8.123335060717e-04       3.034087624426e+03 
       8.217398847490e-04       3.064455999096e+03 
       8.312551841580e-04       3.095059749908e+03 
       8.408806655413e-04       3.125901033210e+03 
       8.506176047459e-04       3.156982084439e+03 
       8.604672923928e-04       3.188305216028e+03 
       8.704310340472e-04       3.219872819704e+03 
       8.805101503923e-04       3.251687364112e+03 
       8.907059774042e-04       3.283751393931e+03 
       9.010198665285e-04       3.316067533403e+03 
       9.114531848603e-04       3.348638483769e+03 
       9.220073153244e-04       3.381467023250e+03 
       9.326836568595e-04       3.414556003453e+03 
       9.434836246030e-04       3.447908351772e+03 
       9.544086500791e-04       3.481527069248e+03 
       9.654601813879e-04       3.515415228987e+03 
       9.766396833981e-04       3.549575977395e+03 
       9.879486379404e-04       3.584012527202e+03 
       9.993885440045e-04       3.618728160074e+03 
       1.010960917938e-03       3.653726224845e+03 
       1.022667293646e-03       3.689010134764e+03 
       1.034509222795e-03       3.724583365306e+03 
       1.046488275022e-03       3.760449450340e+03 
       1.058606038136e-03       3.796611984952e+03 
       1.070864118334e-03       3.833074617574e+03 
       1.083264140411e-03       3.869841051111e+03 
       1.095807747976e-03       3.906915039934e+03 
       1.108496603672e-03       3.944300381829e+03 
       1.121332389391e-03       3.982000933931e+03 
       1.134316806504e-03       4.020020580717e+03 
       1.147451576081e-03       4.058363255644e+03 
       1.160738439122e-03       4.097032925139e+03 
       1.174179156786e-03       4.136033592979e+03 
       1.187775510624e-03       4.175369295142e+03 
       1.201529302821e-03       4.215044095145e+03 
       1.215442356425e-03       4.255062083487e+03 
       1.229516515596e-03       4.295427372328e+03 
       1.243753645851e-03       4.336144095754e+03 
       1.258155634303e-03       4.377216402723e+03 
       1.272724389923e-03       4.418648458787e+03 
       1.287461843781e-03       4.460444438159e+03 
       1.302369949313e-03       4.502608524904e+03 
       1.317450682570e-03       4.545144908569e+03 
       1.332706042489e-03       4.588057779989e+03 
       1.348138051149e-03       4.631351330124e+03 
       1.363748754049e-03       4.675029747323e+03 
       1.379540220368e-03       4.719097212647e+03 
       1.395514543250e-03       4.763557898953e+03 
       1.411673840072e-03       4.808415967698e+03 
       1.428020252733e-03       4.853675565933e+03 
       1.444555947932e-03       4.899340823867e+03 
       1.461283117457e-03       4.945415851763e+03 
       1.478203978476e-03       4.991904738020e+03 
       1.495320773832e-03       5.038811547580e+03 
       1.512635772336e-03       5.086140315813e+03 
       1.530151269074e-03       5.133895051345e+03 
       1.547869585705e-03       5.182079728479e+03 
       1.565793070773e-03       5.230698288509e+03 
       1.583924100016e-03       5.279754636667e+03 
       1.602265076684e-03       5.329252637164e+03 
       1.620818431851e-03       5.379196115203e+03 
       1.639586624747e-03       5.429588848442e+03 
       1.658572143073e-03       5.480434575569e+03 
       1.677777503340e-03       5.531736986855e+03 
       1.697205251199e-03       5.583499721231e+03 
       1.716857961775e-03       5.635726365191e+03 
       1.736738240014e-03       5.688420452237e+03 
       1.756848721025e-03       5.741585460203e+03 
       1.777192070432e-03       5.795224809618e+03 
       1.797770984723e-03       5.849341861161e+03 
       1.818588191610e-03       5.903939916118e+03 
       1.839646450392e-03       5.959022211062e+03 
       1.860948552319e-03       6.014591919111e+03 
       1.882497320961e-03       6.070652146193e+03 
       1.904295612583e-03       6.127205930877e+03 
       1.926346316526e-03       6.184256242342e+03 
       1.948652355587e-03       6.241805976346e+03 
       1.971216686407e-03       6.299857957971e+03 
       1.994042299864e-03       6.358414936527e+03 
       2.017132221467e-03       6.417479584280e+03 
       2.040489511762e-03       6.477054497330e+03 
       2.064117266731e-03       6.537142190278e+03 
       2.088018618209e-03       6.597745097705e+03 
       2.112196734292e-03       6.658865571225e+03 
       2.136654819765e-03       6.720505877309e+03 
       2.161396116519e-03       6.782668196145e+03 
       2.186423903988e-03       6.845354620478e+03 
       2.211741499577e-03       6.908567152271e+03 
       2.237352259106e-03       6.972307701791e+03 
       2.263259577254e-03       7.036578085737e+03 
       2.289466888007e-03       7.101380025522e+03 
       2.315977665116e-03       7.166715144639e+03 
       2.342795422556e-03       7.232584966556e+03 
       2.369923714992e-03       7.298990913816e+03 
       2.397366138249e-03       7.365934305463e+03 
       2.425126329791e-03       7.433416353696e+03 
       2.453207969201e-03       7.501438163594e+03 
       2.481614778671e-03       7.570000729247e+03 
       2.510350523491e-03       7.639104934553e+03 
       2.539419012554e-03       7.708751546186e+03 
       2.568824098857e-03       7.778941216174e+03 
       2.598569680011e-03       7.849674476720e+03 
       2.628659698762e-03       7.920951739740e+03 
       2.659098143509e-03       7.992773292391e+03 
       2.689889048834e-03       8.065139296298e+03 
       2.721036496039e-03       8.138049785152e+03 
       2.752544613685e-03       8.211504664407e+03 
       2.784417578137e-03       8.285503705121e+03 
       2.816659614124e-03       8.360046542836e+03 
       2.849274995291e-03       8.435132674830e+03 
       2.882268044773e-03       8.510761190374e+03 
       2.915643135762e-03       8.586931429518e+03 
       2.949404692091e-03       8.663642594455e+03 
       2.983557188817e-03       8.740893602367e+03 
       3.018105152817e-03       8.818683217659e+03 
       3.053053163385e-03       8.897010049143e+03 
       3.088405852844e-03       8.975872568693e+03 
       3.124167907153e-03       9.055269026165e+03 
       3.160344066534e-03       9.135197565091e+03 
       3.196939126098e-03       9.215656142042e+03 
       3.233957936480e-03       9.296642542555e+03 
       3.271405404484e-03       9.378154381696e+03 
       3.309286493731e-03       9.460189097994e+03 
       3.347606225318e-03       9.542743949051e+03 
       3.386369678484e-03       9.625816010298e+03 
       3.425581991283e-03       9.709402172042e+03 
       3.465248361265e-03       9.793499135974e+03 
       3.505374046163e-03       9.878103411794e+03 
       3.545964364595e-03       9.963211315091e+03 
       3.587024696762e-03       1.004881896450e+04 
       3.628560485167e-03       1.013492227912e+04 
       3.670577235334e-03       1.022151697028e+04 
       3.713080516538e-03       1.030859854647e+04 
       3.756075962543e-03       1.039616230662e+04 
       3.799569272348e-03       1.048420333441e+04 
       3.843566210944e-03       1.057271649621e+04 
       3.888072610079e-03       1.066169643901e+04 
       3.933094369026e-03       1.075113758759e+04 
       3.978637455372e-03       1.084103414069e+04 
       4.024707905803e-03       1.093138006998e+04 
       4.071311826908e-03       1.102216911448e+04 
       4.118455395986e-03       1.111339477748e+04 
       4.166144861865e-03       1.120505032438e+04 
       4.214386545733e-03       1.129712877706e+04 
       4.263186841973e-03       1.138962291218e+04 
       4.312552219011e-03       1.148252526001e+04 
       4.362489220174e-03       1.157582809800e+04 
       4.413004464559e-03       1.166952344652e+04 
       4.464104647905e-03       1.176360306432e+04 
       4.515796543487e-03       1.185805844349e+04 
       4.568087003009e-03       1.195288080798e+04 
       4.620982957515e-03       1.204806110405e+04 
       4.674491418308e-03       1.214359001223e+04 
       4.728619477874e-03       1.223945791854e+04 
       4.783374310831e-03       1.233565493154e+04 
       4.838763174871e-03       1.243217086321e+04 
       4.894793411729e-03       1.252899523236e+04 
       4.951472448152e-03       1.262611726339e+04 
       5.008807796884e-03       1.272352587550e+04 
       5.066807057665e-03       1.282120968166e+04 
       5.125477918233e-03       1.291915698193e+04 
       5.184828155347e-03       1.301735576498e+04 
       5.244865635817e-03       1.311579369604e+04 
       5.305598317547e-03       1.321445810997e+04 
       5.367034250586e-03       1.331333606648e+04 
       5.429181578202e-03       1.341241421882e+04 
       5.492048537956e-03       1.351167894942e+04 
       5.555643462794e-03       1.361111628045e+04 
       5.619974782156e-03       1.371071190972e+04 
       5.685051023087e-03       1.381045116516e+04 
       5.750880811374e-03       1.391031912105e+04 
       5.817472872684e-03       1.401030041150e+04 
       5.884836033721e-03       1.411037936889e+04 
       5.952979223401e-03       1.421053996339e+04 
       6.021911474028e-03       1.431076581856e+04 
       6.091641922499e-03       1.441104019672e+04 
       6.162179811508e-03       1.451134600692e+04 
       6.233534490777e-03       1.461166578235e+04 
       6.305715418290e-03       1.471198170354e+04 
       6.378732161552e-03       1.481227557397e+04 
       6.452594398853e-03       1.491252881603e+04 
       6.527311920552e-03       1.501272247816e+04 
       6.602894630377e-03       1.511283721498e+04 
       6.679352546732e-03       1.521285328807e+04 
       6.756695804033e-03       1.531275058010e+04 
       6.834934654043e-03       1.541250854997e+04 
       6.914079467239e-03       1.551210627031e+04 
       6.994140734179e-03       1.561152240303e+04 
       7.075129066898e-03       1.571073521363e+04 
       7.157055200311e-03       1.580972252805e+04 
       7.239929993639e-03       1.590846179858e+04 
       7.323764431845e-03       1.600693003608e+04 
       7.408569627094e-03       1.610510384447e+04 
       7.494356820222e-03       1.620295943107e+04 
       7.581137382229e-03       1.630047256996e+04 
       7.668922815785e-03       1.639761864177e+04 
       7.757724756753e-03       1.649437261035e+04 
       7.847554975734e-03       1.659070901512e+04 
       7.938425379628e-03       1.668660200131e+04 
       8.030348013207e-03       1.678202529143e+04 
       8.123335060717e-03       1.687695219153e+04 
       8.217398847490e-03       1.697135558962e+04 
       8.312551841580e-03       1.706520795116e+04 
       8.408806655413e-03       1.715848131953e+04 
       8.506176047460e-03       1.725114730013e+04 
       8.604672923928e-03       1.734317707301e+04 
       8.704310340472e-03       1.743454138433e+04 
       8.805101503923e-03       1.752521053878e+04 
       8.907059774042e-03       1.761515441604e+04 
       9.010198665285e-03       1.770434246555e+04 
       9.114531848603e-03       1.779274370184e+04 
       9.220073153244e-03       1.788032672211e+04 
       9.326836568595e-03       1.796705971170e+04 
       9.434836246030e-03       1.805291043499e+04 
       9.544086500791e-03       1.813784626824e+04 
       9.654601813879e-03       1.822183419021e+04 
       9.766396833981e-03       1.830484078779e+04 
       9.879486379404e-03       1.838683226789e+04 
       9.993885440045e-03       1.846777445618e+04 
       1.010960917938e-02       1.854763279463e+04 
       1.022667293646e-02       1.862637235109e+04 
       1.034509222795e-02       1.870395782816e+04 
       1.046488275022e-02       1.878035353758e+04 
       1.058606038136e-02       1.885552343666e+04 
       1.070864118334e-02       1.892943111387e+04 
       1.083264140411e-02       1.900203981031e+04 
       1.095807747976e-02       1.907331241938e+04 
       1.108496603672e-02       1.914321152213e+04 
       1.121332389391e-02       1.921169938825e+04 
       1.134316806504e-02       1.927873800225e+04 
       1.147451576081e-02       1.934428908599e+04 
       1.160738439122e-02       1.940831410777e+04 
       1.174179156786e-02       1.947077430475e+04 
       1.187775510624e-02       1.953163069976e+04 
       1.201529302821e-02       1.959084410592e+04 
       1.215442356425e-02       1.964837514387e+04 
       1.229516515596e-02       1.970418425498e+04 
       1.243753645851e-02       1.975823171191e+04 
       1.258155634303e-02       1.981047763823e+04 
       1.272724389923e-02       1.986088203484e+04 
       1.287461843781e-02       1.990940480535e+04 
       1.302369949313e-02       1.995600579281e+04 
       1.317450682570e-02       2.000064481670e+04 
       1.332706042489e-02       2.004328170192e+04 
       1.348138051150e-02       2.008387632396e+04 
       1.363748754049e-02       2.012238863602e+04 
       1.379540220369e-02       2.015877870871e+04 
       1.395514543250e-02       2.019300674865e+04 
       1.411673840073e-02       2.022503312461e+04 
       1.428020252735e-02       2.025481840538e+04 
       1.444555947934e-02       2.028232338798e+04 
       1.461283117460e-02       2.030750914126e+04 
       1.478203978481e-02       2.033033705624e+04 
       1.495320773840e-02       2.035076889779e+04 
       1.512635772349e-02       2.036876686611e+04 
       1.530151269093e-02       2.038429365300e+04 
       1.547869585733e-02       2.039731250031e+04 
       1.565793070816e-02       2.040778724671e+04 
       1.583924100081e-02       2.041568238136e+04 
       1.602265076781e-02       2.042096307889e+04 
       1.620818431996e-02       2.042359526330e+04 
       1.639586624961e-02       2.042354565335e+04 
       1.658572143390e-02       2.042078182746e+04 
       1.677777503806e-02       2.041527230514e+04 
       1.697205251879e-02       2.040698662079e+04 
       1.716857962764e-02       2.039589540080e+04 
       1.736738241445e-02       2.038197038802e+04 
       1.756848723086e-02       2.036518469360e+04 
       1.777192073384e-02       2.034551267642e+04 
       1.797770988932e-02       2.032293004311e+04 
       1.818588197585e-02       2.029741397183e+04 
       1.839646458832e-02       2.026894314887e+04 
       1.860948564186e-02       2.023749786715e+04 
       1.882497337570e-02       2.020306012039e+04 
       1.904295635725e-02       2.016561368273e+04 
       1.926346348625e-02       2.012514424004e+04 
       1.948652399910e-02       2.008163945003e+04 
       1.971216747341e-02       2.003508897971e+04 
       1.994042383268e-02       1.998548466602e+04 
       2.017132335137e-02       1.993282052542e+04 
       2.040489666017e-02       1.987709285234e+04 
       2.064117475179e-02       1.981830036949e+04 
       2.088018898711e-02       1.975644423505e+04 
       2.112197110195e-02       1.969152825795e+04 
       2.136655321452e-02       1.962355884495e+04 
       2.161396783371e-02       1.955254521416e+04 
       2.186424786829e-02       1.947849933199e+04 
       2.211742663735e-02       1.940143611259e+04 
       2.237353788206e-02       1.932137340032e+04 
       2.263261577913e-02       1.923833208082e+04 
       2.289469495614e-02       1.915233624457e+04 
       2.315981050919e-02       1.906341313325e+04 
       2.342799802310e-02       1.897159323678e+04 
       2.369929359483e-02       1.887691058482e+04 
       2.397373386028e-02       1.877940246045e+04 
       2.425135602538e-02       1.867910891706e+04 
       2.453219790171e-02       1.857607414329e+04 
       2.481629794766e-02       1.847034571207e+04 
       2.510369531561e-02       1.836197461992e+04 
       2.539442990609e-02       1.825101535973e+04 
       2.568854242971e-02       1.813752608911e+04 
       2.598607447788e-02       1.802156800774e+04 
       2.628706860335e-02       1.790320658125e+04 
       2.659156841153e-02       1.778251015235e+04 
       2.689961866396e-02       1.765955051065e+04 
       2.721126539497e-02       1.753440286880e+04 
       2.752655604290e-02       1.740714567657e+04 
       2.784553959729e-02       1.727786056970e+04 
       2.816826676321e-02       1.714663225929e+04 
       2.849479014447e-02       1.701354841819e+04 
       2.882516444688e-02       1.687869955250e+04 
       2.915944670329e-02       1.674217886355e+04 
       2.949769652183e-02       1.660408207213e+04 
       2.983997635885e-02       1.646450724507e+04 
       3.018635181828e-02       1.632355456627e+04 
       3.053689197881e-02       1.618132626307e+04 
       3.089166975056e-02       1.603792625465e+04 
       3.125076226281e-02       1.589346003872e+04 
       3.161425128439e-02       1.574803440274e+04 
       3.198222367844e-02       1.560175715588e+04 
       3.235477189310e-02       1.545473698133e+04 
       3.273199448989e-02       1.530708307223e+04 
       3.311399671167e-02       1.515890500082e+04 
       3.350089109199e-02       1.501031234738e+04 
       3.389279810785e-02       1.486141454360e+04 
       3.428984687817e-02       1.471232056390e+04 
       3.469217591022e-02       1.456313870489e+04 
       3.509993389681e-02       1.441397637714e+04 
       3.551328056708e-02       1.426493979259e+04 
       3.593238759426e-02       1.411613379198e+04 
       3.635743956404e-02       1.396766159574e+04 
       3.678863500780e-02       1.381962463911e+04 
       3.722618750538e-02       1.367212229257e+04 
       3.767032686274e-02       1.352525171944e+04 
       3.812130037053e-02       1.337910767364e+04 
       3.857937415026e-02       1.323378230834e+04 
       3.904483459577e-02       1.308936497441e+04 
       3.951798991852e-02       1.294594202583e+04 
       3.999917180605e-02       1.280359661209e+04 
       4.048873720447e-02       1.266240846378e+04 
       4.098707023654e-02       1.252245362003e+04 
       4.149458426845e-02       1.238380419326e+04 
       4.201172413966e-02       1.224652802255e+04 
       4.253896857161e-02       1.211068826866e+04 
       4.307683277251e-02       1.197634298154e+04 
       4.362587125712e-02       1.184354453038e+04 
       4.418668090182e-02       1.171233897182e+04 
       4.475990425725e-02       1.158276520184e+04 
       4.534623314184e-02       1.145485400099e+04 
       4.594641254178e-02       1.132862684999e+04 
       4.656124484380e-02       1.120409449123e+04 
       4.719159442864e-02       1.108125522907e+04 
       4.783839265404e-02       1.096009285340e+04 
       4.850264325625e-02       1.084057417359e+04 
       4.918542819895e-02       1.072264608734e+04 
       4.988791399731e-02       1.060623212905e+04 
       5.061135854248e-02       1.049122836051e+04 
       5.135711844779e-02       1.037749861868e+04 
       5.212665693178e-02       1.026486469137e+04 
       5.292155224439e-02       1.015310980358e+04 
       5.374350663029e-02       1.004197035244e+04 
       5.459435580678e-02       9.931113157420e+03 
       5.547607891185e-02       9.820140073909e+03 
       5.639080884943e-02       9.708574678224e+03 
       5.734084292309e-02       9.595849897404e+03 
       5.832865360420e-02       9.481304151582e+03 
       5.935689922542e-02       9.364162411182e+03 
       6.042843432377e-02       9.243532673988e+03 
       6.154631927947e-02       9.118400122174e+03 
       6.271382880671e-02       8.987626851158e+03 
       6.393445875358e-02       8.849955833944e+03 
       6.521193056212e-02       8.704025829458e+03 
       6.655019263475e-02       8.548392749573e+03 
       6.795341775774e-02       8.381609853295e+03 
       6.942599566120e-02       8.202247422232e+03 
       7.097251976752e-02       8.009013602061e+03 
       7.259776721797e-02       7.800868581512e+03 
       7.430667139843e-02       7.577163859537e+03 
       7.610428643585e-02       7.337808488400e+03 
       7.799574352952e-02       7.083437300926e+03 
       7.998619952748e-02       6.815573620190e+03 
       8.208077884870e-02       6.536747278766e+03 
       8.428451065155e-02       6.250540767903e+03 
       8.660226398679e-02       5.961554796423e+03 
       8.903868444597e-02       5.675188556760e+03 
       9.159813639493e-02       5.397319161530e+03 
       9.428465513194e-02       5.133811731735e+03 
       9.710191312101e-02       4.889926562754e+03 
       1.000532037667e-01       4.669653700753e+03 
       1.031414450429e-01       4.475074431718e+03 
       1.063692037807e-01       4.305822793817e+03 
       1.097387397521e-01       4.158767300405e+03 
       1.132520670919e-01       4.028017308791e+03 
       1.169110293001e-01       3.905393739200e+03 
       1.207173832313e-01       3.781476482331e+03 
       1.246728871772e-01       3.647182409910e+03 
       1.287793883562e-01       3.495695764609e+03 
       1.330389057430e-01       3.324272584390e+03 
       1.374537050345e-01       3.135332023268e+03 
       1.420263635013e-01       2.936320368549e+03 
       1.467598233728e-01       2.738117665339e+03 
       1.516574331420e-01       2.552428003285e+03 
       1.567229767027e-01       2.388829983386e+03 
       1.619606905314e-01       2.252354226820e+03 
       1.673752692096e-01       2.142205188534e+03 
       1.729718594901e-01       2.051925977146e+03 
       1.787560428764e-01       1.971116017145e+03 
       1.847338063588e-01       1.888528611613e+03 
       1.909115005691e-01       1.795886452738e+03 
       1.972957842170e-01       1.690988762776e+03 
       2.038935532969e-01       1.578479658860e+03 
       2.107118532370e-01       1.467567766609e+03 
       2.177577719581e-01       1.367653369199e+03 
       2.250383117595e-01       1.284046990984e+03 
       2.325602381329e-01       1.215805930313e+03 
       2.403299040858e-01       1.156605552726e+03 
       2.483530494222e-01       1.098308357665e+03 
       2.566345757587e-01       1.035537598502e+03 
       2.651782999062e-01       9.685514671896e+02 
       2.739866906386e-01       9.023557924752e+02 
       2.830605967557e-01       8.426718243551e+02 
       2.923989775540e-01       7.918655860932e+02 
       3.019986500703e-01       7.477848065130e+02 
       3.118540703165e-01       7.060439815480e+02 
       3.219571676217e-01       6.637151345699e+02 
       3.322972515299e-01       6.212912639448e+02 
       3.428610089015e-01       5.814108862898e+02 
       3.536326045939e-01       5.459751343385e+02 
       3.645938923719e-01       5.145778944526e+02 
       3.757247340279e-01       4.854012538822e+02 
       3.870034150649e-01       4.571762564567e+02 
       3.984071360753e-01       4.300913234122e+02 
       4.099125515697e-01       4.050385937835e+02 
       4.214963237004e-01       3.824148985884e+02 
       4.331356577557e-01       3.618041595444e+02 
       4.448087894696e-01       3.425510563443e+02 
       4.564954004093e-01       3.243784873426e+02 
       4.681769458031e-01       3.074076304296e+02 
       4.798368878326e-01       2.917909031075e+02 
       4.914608354065e-01       2.774599046763e+02 
       5.030365978856e-01       2.641878910379e+02 
       5.145541646938e-01       2.517838246943e+02 
       5.260056251685e-01       2.401791698815e+02 
       5.373850436311e-01       2.293712426266e+02 
       5.486883039141e-01       2.193356613599e+02 
       5.599129359253e-01       2.099976111786e+02 
       5.710579346983e-01       2.012672243603e+02 
       5.821235801138e-01       1.930752787596e+02 
       5.931112633144e-01       1.853827429212e+02 
       6.040233239256e-01       1.781624685832e+02 
       6.148629006129e-01       1.713828941987e+02 
       6.256337962453e-01       1.650051074073e+02 
       6.363403579983e-01       1.589896598149e+02 
       6.469873720529e-01       1.533038424983e+02 
       6.575799721048e-01       1.479223809853e+02 
       6.681235606182e-01       1.428246494098e+02 
       6.786237416201e-01       1.379910587475e+02 
       6.890862637858e-01       1.334015737947e+02 
       6.995169725814e-01       1.290364039612e+02 
       7.099217702943e-01       1.248776559130e+02 
       7.203065828707e-01       1.209105100639e+02 
       7.306773325772e-01       1.171224619290e+02 
       7.410399156115e-01       1.135017701113e+02 
       7.514001838886e-01       1.100368463909e+02 
       7.617639303304e-01       1.067168574782e+02 
       7.721368770749e-01       1.035322229503e+02 
       7.825246661057e-01       1.004744019213e+02 
       7.929328518775e-01       9.753551542014e+01 
       8.033668955775e-01       9.470829845477e+01 
       8.138321607218e-01       9.198625831703e+01 
       8.243339098354e-01       8.936341839656e+01 
       8.348773020089e-01       8.683404679684e+01 
       8.454673911617e-01       8.439278465584e+01 
       8.561091248747e-01       8.203486063273e+01 
       8.668073436827e-01       7.975608002449e+01 
       8.775667807395e-01       7.755252280701e+01 
       8.883920617899e-01       7.542039349704e+01 
       8.992877053983e-01       7.335610178920e+01 
       9.102581233969e-01       7.135640366580e+01 
       9.213076215306e-01       6.941838318932e+01 
       9.324404002803e-01       6.753933202008e+01 
       9.436605558587e-01       6.571665987425e+01 
       9.549720813733e-01       6.394790319015e+01 
       9.663788681598e-01       6.223076903712e+01 
       9.778847072890e-01       6.056315309098e+01 
       9.894932912516e-01       5.894311194046e+01 
       1.001208215829e+00       5.736882612380e+01 
       1.013032982154e+00       5.583857532266e+01 
       1.024970998969e+00       5.435073511878e+01 
       1.037025585076e+00       5.290378007925e+01 
       1.049199971998e+00       5.149628477465e+01 
       1.061497306822e+00       5.012691771279e+01 
       1.073920655253e+00       4.879443110661e+01 
       1.086473004836e+00       4.749765080071e+01 
       1.099157268369e+00       4.623546728878e+01 
       1.111976287473e+00       4.500682852655e+01 
       1.124932836303e+00       4.381073270597e+01 
       1.138029625403e+00       4.264622269663e+01 
       1.151269305657e+00       4.151238109253e+01 
       1.164654472333e+00       4.040832677655e+01 
       1.178187669197e+00       3.933321216415e+01 
       1.191871392658e+00       3.828622079959e+01 
       1.205708095936e+00       3.726656545293e+01 
       1.219700193224e+00       3.627348727594e+01 
       1.233850063819e+00       3.530625455809e+01 
       1.248160056190e+00       3.436416362853e+01 
       1.262632491991e+00       3.344653795324e+01 
       1.277269669959e+00       3.255272787178e+01 
       1.292073869712e+00       3.168211017011e+01 
       1.307047355418e+00       3.083408789381e+01 
       1.322192379321e+00       3.000808982964e+01 
       1.337511185111e+00       2.920356787136e+01 
       1.353006011138e+00       2.841999034575e+01 
       1.368679093459e+00       2.765683245838e+01 
       1.384532668709e+00       2.691357095110e+01 
       1.400568976798e+00       2.618969138697e+01 
       1.416790263441e+00       2.548470366669e+01 
       1.433198782513e+00       2.479814261446e+01 
       1.449796798230e+00       2.412954127347e+01 
       1.466586587180e+00       2.347841449589e+01 
       1.483570440187e+00       2.284429635410e+01 
       1.500750664035e+00       2.222677540808e+01 
       1.518129583040e+00       2.162544368624e+01 
       1.535709540502e+00       2.103986009209e+01 
       1.553492900030e+00       2.046963302452e+01 
       1.571482046748e+00       1.991441645951e+01 
       1.589679388409e+00       1.937380639766e+01 
       1.608087356402e+00       1.884743640374e+01 
       1.626708406683e+00       1.833498478959e+01 
       1.645545020626e+00       1.783605559400e+01 
       1.664599705801e+00       1.735033001687e+01 
       1.683874996703e+00       1.687746240615e+01 
       1.703373455417e+00       1.641710080102e+01 
       1.723097672241e+00       1.596895131023e+01 
       1.743050266270e+00       1.553266018450e+01 
       1.763233885949e+00       1.510796316864e+01 
       1.783651209588e+00       1.469452667934e+01 
       1.804304945860e+00       1.429210381072e+01 
       1.825197834280e+00       1.390038404050e+01 
       1.846332645660e+00       1.351912387337e+01 
       1.867712182562e+00       1.314804038203e+01 
       1.889339279727e+00       1.278687302160e+01 
       1.911216804509e+00       1.243537661319e+01 
       1.933347657297e+00       1.209327479377e+01 
       1.955734771931e+00       1.176033909258e+01 
       1.978381116119e+00       1.143632671439e+01 
       2.001289691855e+00       1.112099340363e+01 
       2.024463535832e+00       1.081412742278e+01 
       2.047905719858e+00       1.051551468574e+01 
       2.071619351275e+00       1.022493495503e+01 
       2.095607573376e+00       9.942181165240e+00 
       2.119873565834e+00       9.667055444865e+00 
       2.144420545122e+00       9.399358700309e+00 
       2.169251764948e+00       9.138891779497e+00 
       2.194370516687e+00       8.885461048781e+00 
       2.219780129818e+00       8.638880692881e+00 
       2.245483972371e+00       8.398971985292e+00 
       2.271485451371e+00       8.165561982032e+00 
       2.297788013292e+00       7.938482360051e+00 
       2.324395144514e+00       7.717568454677e+00 
       2.351310371789e+00       7.502658575619e+00 
       2.378537262701e+00       7.293593818895e+00 
       2.406079426147e+00       7.090218466493e+00 
       2.433940512813e+00       6.892380691199e+00 
       2.462124215656e+00       6.699933131865e+00 
       2.490634270396e+00       6.512733023105e+00 
       2.519474456009e+00       6.330641974614e+00 
       2.548648595233e+00       6.153525799111e+00 
       2.578160555066e+00       5.981254318733e+00 
       2.608014247289e+00       5.813699994068e+00 
       2.638213628975e+00       5.650735501142e+00 
       2.668762703019e+00       5.492235006221e+00 
       2.699665518670e+00       5.338080463870e+00 
       2.730926172060e+00       5.188159442124e+00 
       2.762548806757e+00       5.042355704907e+00 
       2.794537614305e+00       4.900559613808e+00 
       2.826896834788e+00       4.762668714117e+00 
       2.859630757384e+00       4.628572269812e+00 
       2.892743720939e+00       4.498173015516e+00 
       2.926240114541e+00       4.371367882184e+00 
       2.960124378101e+00       4.248062762115e+00 
       2.994401002941e+00       4.128161663122e+00 
       3.029074532390e+00       4.011576339397e+00 
       3.064149562388e+00       3.898213753278e+00 
       3.099630742091e+00       3.787991194992e+00 
       3.135522774492e+00       3.680820577673e+00 
       3.171830417040e+00       3.576619501566e+00 
       3.208558482274e+00       3.475309903019e+00 
       3.245711838460e+00       3.376812364238e+00 
       3.283295410234e+00       3.281050144144e+00 
       3.321314179258e+00       3.187949894643e+00 
       3.359773184880e+00       3.097439754730e+00 
       3.398677524798e+00       3.009449143851e+00 
       3.438032355740e+00       2.923909379894e+00 
       3.477842894148e+00       2.840753843243e+00 
       3.518114416864e+00       2.759917752415e+00 
       3.558852261835e+00       2.681337946563e+00 
       3.600061828819e+00       2.604952846158e+00 
       3.641748580098e+00       2.530702541289e+00 
       3.683918041207e+00       2.458528888666e+00 
       3.726575801663e+00       2.388375374595e+00 
       3.769727515704e+00       2.320186729832e+00 
       3.813378903045e+00       2.253908657371e+00 
       3.857535749628e+00       2.189488666984e+00 
       3.902203908397e+00       2.126876753781e+00 
       3.947389300067e+00       2.066023030680e+00 
       3.993097913913e+00       2.006878298796e+00 
       4.039335808562e+00       1.949397150686e+00 
       4.086109112798e+00       1.893532392511e+00 
       4.133424026371e+00       1.839240640971e+00 
       4.181286820821e+00       1.786477596133e+00 
       4.229703840310e+00       1.735202252499e+00 
       4.278681502462e+00       1.685372312481e+00 
       4.328226299212e+00       1.636948894953e+00 
       4.378344797670e+00       1.589892902560e+00 
       4.429043640989e+00       1.544166053346e+00 
       4.480329549245e+00       1.499731900389e+00 
       4.532209320330e+00       1.456554831272e+00 
       4.584689830851e+00       1.414599926840e+00 
       4.637778037043e+00       1.373833217967e+00 
       4.691480975691e+00       1.334221718935e+00 
       4.745805765060e+00       1.295733357392e+00 
       4.800759605843e+00       1.258336927530e+00 
       4.856349782111e+00       1.222002104379e+00 
       4.912583662283e+00       1.186699427200e+00 
       4.969468700099e+00       1.152400160400e+00 
       5.027012435607e+00       1.119076123774e+00 
       5.085222496169e+00       1.086700105385e+00 
       5.144106597465e+00       1.055246080580e+00 
       5.203672544519e+00       1.024687872666e+00 
       5.263928232731e+00       9.950006136037e-01 
       5.324881648930e+00       9.661600019754e-01 
       5.386540872423e+00       9.381422810870e-01 
       5.448914076074e+00       9.109243202537e-01 
       5.512009527384e+00       8.844840243513e-01 
       5.575835589587e+00       8.587992575859e-01 
       5.640400722757e+00       8.338488904207e-01 
       5.705713484934e+00       8.096124300356e-01 
       5.771782533252e+00       7.860698004362e-01 
       5.838616625094e+00       7.632014608309e-01 
       5.906224619246e+00       7.409884348262e-01 
       5.974615477073e+00       7.194122839380e-01 
       6.043798263710e+00       6.984550983952e-01 
       6.113782149261e+00       6.780994672298e-01 
       6.184576410013e+00       6.583283829704e-01 
       6.256190429670e+00       6.391252502811e-01 
       6.328633700591e+00       6.204741997510e-01 
       6.401915825055e+00       6.023596153566e-01 
       6.476046516527e+00       5.847661965364e-01 
       6.551035600950e+00       5.676793913319e-01 
       6.626893018046e+00       5.510847295531e-01 
       6.703628822634e+00       5.349682691208e-01 
       6.781253185961e+00       5.193165802945e-01 
       6.859776397053e+00       5.041164106583e-01 
       6.939208864075e+00       4.893549278833e-01 
       7.019561115717e+00       4.750196982284e-01 
       7.100843802581e+00       4.610986241122e-01 
       7.183067698600e+00       4.475799296925e-01 
       7.266243702461e+00       4.344521585335e-01 
       7.350382839055e+00       4.217042035664e-01 
       7.435496260933e+00       4.093252720955e-01 
       7.521595249786e+00       3.973048470252e-01 
       7.608691217942e+00       3.856326770137e-01 
       7.696795709878e+00       3.742988962060e-01 
       7.785920403748e+00       3.632937844343e-01 
       7.876077112935e+00       3.526079642093e-01 
       7.967277787612e+00       3.422323740148e-01 
       8.059534516329e+00       3.321581278413e-01 
       8.152859527617e+00       3.223765524776e-01 
       8.247265191604e+00       3.128793085737e-01 
       8.342764021660e+00       3.036582566415e-01 
       8.439368676050e+00       2.947054816910e-01 
       8.537091959617e+00       2.860133003599e-01 
       8.635946825475e+00       2.775742749145e-01 
       8.735946376732e+00       2.693810838623e-01 
       8.837103868218e+00       2.614267088380e-01 
       8.939432708250e+00       2.537042710303e-01 
       9.042946460405e+00       2.462071418152e-01 
       9.147658845318e+00       2.389287957010e-01 
       9.253583742502e+00       2.318629616714e-01 
       9.360735192189e+00       2.250035322497e-01 
       9.469127397186e+00       2.183445623624e-01 
       9.578774724763e+00       2.118802786068e-01 
       9.689691708554e+00       2.056050643328e-01 
       9.801893050486e+00       1.995134501730e-01 
       9.915393622724e+00       1.936001731139e-01 
       1.003020846965e+01       1.878600644697e-01 
       1.014635280984e+01       1.822881359650e-01 
       1.026384203811e+01       1.768795043016e-01 
       1.038269172752e+01       1.716294763396e-01 
       1.050291763147e+01       1.665334573738e-01 
       1.062453568578e+01       1.615869856134e-01 
       1.074756201078e+01       1.567857333810e-01 
       1.087201291349e+01       1.521255021143e-01 
       1.099790488974e+01       1.476022007728e-01 
       1.112525462636e+01       1.432118432712e-01 
       1.125407900344e+01       1.389506068824e-01 
       1.138439509650e+01       1.348147128179e-01 
       1.151622017879e+01       1.308005365238e-01 
       1.164957172360e+01       1.269045476887e-01 
       1.178446740652e+01       1.231233105204e-01 
       1.192092510783e+01       1.194534801793e-01 
       1.205896291486e+01       1.158918254949e-01 
       1.219859912435e+01       1.124351929134e-01 
       1.233985224495e+01       1.090805205839e-01 
       1.248274099959e+01       1.058248524297e-01 
       1.262728432803e+01       1.026652946686e-01 
       1.277350138934e+01       9.959904324028e-02 
       1.292141156441e+01       9.662338267638e-02 
       1.307103445860e+01       9.373567015016e-02 
       1.322238990424e+01       9.093333584556e-02 
       1.337549796334e+01       8.821388198130e-02 
       1.353037893021e+01       8.557490066842e-02 
       1.368705333415e+01       8.301402373401e-02 
       1.384554194219e+01       8.052896364650e-02 
       1.400586576181e+01       7.811752916479e-02 
       1.416804604377e+01       7.577754895609e-02 
       1.433210428489e+01       7.350695194785e-02 
       1.449806223090e+01       7.130366975041e-02 
       1.466594187936e+01       6.916574762081e-02 
       1.483576548253e+01       6.709126620783e-02 
       1.500755555035e+01       6.507836691487e-02 
       1.518133485339e+01       6.312524519340e-02 
       1.535712642593e+01       6.123014422751e-02 
       1.553495356895e+01       5.939136125591e-02 
       1.571483985323e+01       5.760724353649e-02 
       1.589680912251e+01       5.587617798545e-02 
       1.608088549662e+01       5.419661387020e-02 
       1.626709337469e+01       5.256703020526e-02 
       1.645545743836e+01       5.098595812927e-02 
       1.664600265510e+01       4.945197020671e-02 
       1.683875428145e+01       4.796367805526e-02 
       1.703373786645e+01       4.651973971176e-02 
       1.723097925495e+01       4.511884343472e-02 
       1.743050459108e+01       4.375972443313e-02 
       1.763234032172e+01       4.244114779670e-02 
       1.783651319997e+01       4.116191728265e-02 
       1.804305028873e+01       3.992087307740e-02 
       1.825197896425e+01       3.871688765557e-02 
       1.846332691982e+01       3.754886500270e-02 
       1.867712216938e+01       3.641574250831e-02 
       1.889339305124e+01       3.531648983890e-02 
       1.911216823190e+01       3.425010511134e-02 
       1.933347670974e+01       3.321561391770e-02 
       1.955734781899e+01       3.221207604890e-02 
       1.978381123350e+01       3.123857175242e-02 
       2.001289697077e+01       3.029421330213e-02 
       2.024463539585e+01       2.937813723327e-02 
       2.047905722542e+01       2.848950380670e-02 
       2.071619353185e+01       2.762750203906e-02 
       2.095607574729e+01       2.679133935613e-02 
       2.119873566788e+01       2.598025070053e-02 
       2.144420545791e+01       2.519349179822e-02 
       2.169251765415e+01       2.443033887869e-02 
       2.194370517011e+01       2.369009307277e-02 
       2.219780130042e+01       2.297207172772e-02 
       2.245483972525e+01       2.227561521941e-02 
       2.271485451476e+01       2.160008181423e-02 
       2.297788013363e+01       2.094484961864e-02 
       2.324395144563e+01       2.030931426617e-02 
       2.351310371821e+01       1.969288992800e-02 
       2.378537262723e+01       1.909500734368e-02 
       2.406079426162e+01       1.851511452494e-02 
       2.433940512823e+01       1.795267446909e-02 
       2.462124215662e+01       1.740716776429e-02 
       2.490634270400e+01       1.687808973804e-02 
       2.519474456012e+01       1.636494990477e-02 
       2.548648595234e+01       1.586727285686e-02 
       2.578160555067e+01       1.538459699445e-02 
       2.608014247290e+01       1.491647485481e-02 
       2.638213628975e+01       1.446247121545e-02 
       2.668762703020e+01       1.402216484079e-02 
       2.699665518670e+01       1.359514587104e-02 
       2.730926172060e+01       1.318101739940e-02 
       2.762548806757e+01       1.277939346268e-02 
       2.794537614305e+01       1.238990077283e-02 
       2.826896834788e+01       1.201217568387e-02 
       2.859630757384e+01       1.164586597708e-02 
       2.892743720939e+01       1.129063035133e-02 
       2.926240114541e+01       1.094613645307e-02 
       2.960124378101e+01       1.061206268594e-02 
       2.994401002941e+01       1.028809650599e-02 
       3.029074532390e+01       9.973935431712e-03 
