Run parameters:
does_de_cluster=True
save_data=True
time_domain=True
number_of_points=50
varied_parameter=trans_steepness
varied_par_values=[0.5, 1, 5]
init_value=-0.5
final_value=-0.9
n_samples=1

Cosmological parameters:
omega_matter_now=0.3
omega_rad_now=0
hubble_constant_standard_units=67
scale_at_lss=0.0009165902841429881
a_min=1e-10
a_max=1
min_redshift=0
max_redshift=20
spectral_index=1
sigma8=0.85

Dark energy eos parameters:
selected_de_eos=de_eos_1
w_i=-0.3,-0.5,-0.7000000000000001,-0.9
w_f=-1
trans_steepness=10
trans_z=0.5
w=-1
c_eff_value=0

Precision parameters:
virialization_scale_tol=1.0e-06
turn_around_scale_tol=1.0e-06
a_ini=1.0e-10
nonlinear_perturbations_atol=1.0e-10
nonlinear_perturbations_rtol=1.0e-08
growth_factor_atol=1.0e-10
growth_factor_rtol=1.0e-08
dark_density_evolution_atol=1.0e-10
dark_density_evolution_rtol=1.0e-08
dark_density_evolution_max_step=1.0e-03
friedmann_atol=1.0e-10
friedmann_rtol=1.0e-08
friedmann_max_stepsize=1.0e-03
exact_decimals=5.0e+00
numerical_infty=1.0e+11
normalization_integrand_atol=1.0e-08
normalization_integrand_rtol=1.0e-06
mass_variance_filtered_spectrum_atol=1.0e-06
mass_variance_filtered_spectrum_rtol=1.0e-04
log_der_of_log_sigma_atol=1.0e-06
log_der_of_log_sigma_rtol=1.0e-04

*********************************
1.000000000e-10	0.000000000e+00
1.073002166e-10	1.890125009e-06
1.307563616e-10	7.525099120e-06
1.588239235e-10	1.357880914e-05
1.923103726e-10	2.007457039e-05
2.321476173e-10	2.703656478e-05
2.794086301e-10	3.448985698e-05
3.353259619e-10	4.246041072e-05
4.013123213e-10	5.097510500e-05
4.789834119e-10	6.006175036e-05
5.701832297e-10	6.974910511e-05
6.770120428e-10	8.006689161e-05
8.018572874e-10	9.104581249e-05
9.474276310e-10	1.027175669e-04
1.116790474e-09	1.151148669e-04
1.313413177e-09	1.282714533e-04
1.541208313e-09	1.422221126e-04
1.804583285e-09	1.570026924e-04
2.108494645e-09	1.726501186e-04
2.458507481e-09	1.892024106e-04
2.860860285e-09	2.066986985e-04
3.322535688e-09	2.251792388e-04
3.851337536e-09	2.446854305e-04
4.455974750e-09	2.652598319e-04
5.146152487e-09	2.869461764e-04
5.932671104e-09	3.097893888e-04
6.827533508e-09	3.338356017e-04
7.844061456e-09	3.591321713e-04
8.997021435e-09	3.857276941e-04
1.030276077e-08	4.136720227e-04
1.177935468e-08	4.430162821e-04
1.344676491e-08	4.738128862e-04
1.532701087e-08	5.061155534e-04
1.744435393e-08	5.399793232e-04
1.982549579e-08	5.754605720e-04
2.249979179e-08	6.126170297e-04
2.549948013e-08	6.515077952e-04
2.885992796e-08	6.921933532e-04
3.261989535e-08	7.347355899e-04
3.682181794e-08	7.791978065e-04
4.151211378e-08	8.256447718e-04
4.674145856e-08	8.741422874e-04
5.256577925e-08	9.247627777e-04
5.903799698e-08	9.775155815e-04
6.711772549e-08	1.039084208e-03
7.519745399e-08	1.096696578e-03
8.523437496e-08	1.163706727e-03
9.527129593e-08	1.226502374e-03
1.076809013e-07	1.299302213e-03
1.200905066e-07	1.367618577e-03
1.353646485e-07	1.446570481e-03
1.506387904e-07	1.520759010e-03
1.693568861e-07	1.606236495e-03
1.880749819e-07	1.686659940e-03
2.111950984e-07	1.780137712e-03
2.368441876e-07	1.877470338e-03
2.652657995e-07	1.978771663e-03
2.967238620e-07	2.084157629e-03
3.315041382e-07	2.193746298e-03
3.699157691e-07	2.307657863e-03
4.122929082e-07	2.426014664e-03
4.589964512e-07	2.548941209e-03
5.104158659e-07	2.676564185e-03
5.669711262e-07	2.809012477e-03
6.291147560e-07	2.946417182e-03
6.973339874e-07	3.088911628e-03
7.721530380e-07	3.236631385e-03
8.541355137e-07	3.389714286e-03
9.438869419e-07	3.548300437e-03
1.042057440e-06	3.712532240e-03
1.149344529e-06	3.882554398e-03
1.266496088e-06	4.058513941e-03
1.394313474e-06	4.240560233e-03
1.533654793e-06	4.428844991e-03
1.685438345e-06	4.623522300e-03
1.850646239e-06	4.824748624e-03
2.030328192e-06	5.032682827e-03
2.225605521e-06	5.247486182e-03
2.437675323e-06	5.469322387e-03
2.667814867e-06	5.698357580e-03
2.917386195e-06	5.934760352e-03
3.187840946e-06	6.178701763e-03
3.480725406e-06	6.430355352e-03
3.797685801e-06	6.689897155e-03
4.140473830e-06	6.957505715e-03
4.510952466e-06	7.233362096e-03
4.911102008e-06	7.517649899e-03
5.343026421e-06	7.810555271e-03
5.808959958e-06	8.112266919e-03
6.311274073e-06	8.422976123e-03
6.852484650e-06	8.742876750e-03
7.435259544e-06	9.072165262e-03
8.062426447e-06	9.411040733e-03
8.736981107e-06	9.759704855e-03
9.462095883e-06	1.011836195e-02
1.024112868e-05	1.048721900e-02
1.107763223e-05	1.086648562e-02
1.197536384e-05	1.125637411e-02
1.293829540e-05	1.165709942e-02
1.397062398e-05	1.206887922e-02
1.507678270e-05	1.249193385e-02
1.626145216e-05	1.292648637e-02
1.752957224e-05	1.337276256e-02
1.888635443e-05	1.383099090e-02
2.033729463e-05	1.430140264e-02
2.188818641e-05	1.478423175e-02
2.354513488e-05	1.527971494e-02
2.531457098e-05	1.578809172e-02
2.720326640e-05	1.630960431e-02
2.921834905e-05	1.684449776e-02
3.136731907e-05	1.739301987e-02
3.365806550e-05	1.795542122e-02
3.609888352e-05	1.853195521e-02
3.869849234e-05	1.912287802e-02
4.146605374e-05	1.972844864e-02
4.441119132e-05	2.034892888e-02
4.754401035e-05	2.098458334e-02
5.087511842e-05	2.163567946e-02
5.441564678e-05	2.230248751e-02
5.817727240e-05	2.298528055e-02
6.217224087e-05	2.368433451e-02
6.641339001e-05	2.439992813e-02
7.091417435e-05	2.513234298e-02
7.568869043e-05	2.588186348e-02
8.075170289e-05	2.664877686e-02
8.611867156e-05	2.743337322e-02
9.180577928e-05	2.823594546e-02
9.782996080e-05	2.905678934e-02
1.042089326e-04	2.989620345e-02
1.109612234e-04	3.075448920e-02
1.181062061e-04	3.163195084e-02
1.256641307e-04	3.252889544e-02
1.336561574e-04	3.344563289e-02
1.421043922e-04	3.438247591e-02
1.510319222e-04	3.533974001e-02
1.604628533e-04	3.631774352e-02
1.704223474e-04	3.731680757e-02
1.809366628e-04	3.833725609e-02
1.920331940e-04	3.937941578e-02
2.037405134e-04	4.044361613e-02
2.160884146e-04	4.153018936e-02
2.291079565e-04	4.263947050e-02
2.428315086e-04	4.377179728e-02
2.572927982e-04	4.492751018e-02
2.725269579e-04	4.610695240e-02
2.885705761e-04	4.731046983e-02
3.054617469e-04	4.853841107e-02
3.232401233e-04	4.979112739e-02
3.419469701e-04	5.106897269e-02
3.616252201e-04	5.237230354e-02
3.823195302e-04	5.370147910e-02
4.040763401e-04	5.505686118e-02
4.269439319e-04	5.643881410e-02
4.509724917e-04	5.784770479e-02
4.762141725e-04	5.928390270e-02
5.027231590e-04	6.074777977e-02
5.305557341e-04	6.223971043e-02
5.597703467e-04	6.376007157e-02
5.904276813e-04	6.530924250e-02
6.225907304e-04	6.688760494e-02
6.563248668e-04	6.849554295e-02
6.916979190e-04	7.013344295e-02
7.287802481e-04	7.180169364e-02
7.676448269e-04	7.350068597e-02
8.083673205e-04	7.523081317e-02
8.510261680e-04	7.699247060e-02
8.957026679e-04	7.878605580e-02
9.424810637e-04	8.061196839e-02
9.914486331e-04	8.247061007e-02
1.042695778e-03	8.436238456e-02
1.096316116e-03	8.628769754e-02
1.152406576e-03	8.824695662e-02
1.211067496e-03	9.024057126e-02
1.272402716e-03	9.226895280e-02
1.336519686e-03	9.433251426e-02
1.403529563e-03	9.643167042e-02
1.473547320e-03	9.856683771e-02
1.546691848e-03	1.007384341e-01
1.623086071e-03	1.029468792e-01
1.702857053e-03	1.051925940e-01
1.786136112e-03	1.074760008e-01
1.873058939e-03	1.097975235e-01
1.963765711e-03	1.121575869e-01
2.058401214e-03	1.145566172e-01
2.157114965e-03	1.169950417e-01
2.260061338e-03	1.194732888e-01
2.367399686e-03	1.219917876e-01
2.479294474e-03	1.245509683e-01
2.595915409e-03	1.271512617e-01
2.717437575e-03	1.297930994e-01
2.844041563e-03	1.324769136e-01
2.975913620e-03	1.352031369e-01
3.113245774e-03	1.379722025e-01
3.256235987e-03	1.407845437e-01
3.405088298e-03	1.436405942e-01
3.560012967e-03	1.465407875e-01
3.721226622e-03	1.494855573e-01
3.888952415e-03	1.524753372e-01
4.063420174e-03	1.555105606e-01
4.244866547e-03	1.585916602e-01
4.433535179e-03	1.617190686e-01
4.629676857e-03	1.648932177e-01
4.833549668e-03	1.681145385e-01
5.045419174e-03	1.713834614e-01
5.265558565e-03	1.747004155e-01
5.494248835e-03	1.780658290e-01
5.731778941e-03	1.814801287e-01
5.978445980e-03	1.849437398e-01
6.234555364e-03	1.884570864e-01
6.500420980e-03	1.920205905e-01
6.776365373e-03	1.956346721e-01
7.062719926e-03	1.992997495e-01
7.359825029e-03	2.030162385e-01
7.668030262e-03	2.067845526e-01
7.987694580e-03	2.106051029e-01
8.319186475e-03	2.144782974e-01
8.662884186e-03	2.184045416e-01
9.019175868e-03	2.223842375e-01
9.388459764e-03	2.264177841e-01
9.771144404e-03	2.305055767e-01
1.016764879e-02	2.346480070e-01
1.057840257e-02	2.388454629e-01
1.100384626e-02	2.430983281e-01
1.144443135e-02	2.474069819e-01
1.190062057e-02	2.517717992e-01
1.237288807e-02	2.561931502e-01
1.286171952e-02	2.606714000e-01
1.336761241e-02	2.652069085e-01
1.389107615e-02	2.698000304e-01
1.443263229e-02	2.744511145e-01
1.499281470e-02	2.791605038e-01
1.557216973e-02	2.839285351e-01
1.617125641e-02	2.887555389e-01
1.679064661e-02	2.936418388e-01
1.743092524e-02	2.985877517e-01
1.809269039e-02	3.035935872e-01
1.877655353e-02	3.086596477e-01
1.948313968e-02	3.137862277e-01
2.021308753e-02	3.189736137e-01
2.096704965e-02	3.242220841e-01
2.174569262e-02	3.295319084e-01
2.254969719e-02	3.349033477e-01
2.337975846e-02	3.403366537e-01
2.423658596e-02	3.458320688e-01
2.512090384e-02	3.513898256e-01
2.603345099e-02	3.570101467e-01
2.697498121e-02	3.626932446e-01
2.794626322e-02	3.684393207e-01
2.894808093e-02	3.742485660e-01
2.998123341e-02	3.801211600e-01
3.104653509e-02	3.860572704e-01
3.214481580e-02	3.920570535e-01
3.327692093e-02	3.981206532e-01
3.444371136e-02	4.042482005e-01
3.564606375e-02	4.104398144e-01
3.688487036e-02	4.166955998e-01
3.816103929e-02	4.230156486e-01
3.947549439e-02	4.294000385e-01
4.082917539e-02	4.358488335e-01
4.222303787e-02	4.423620828e-01
4.365805327e-02	4.489398207e-01
4.513520885e-02	4.555820664e-01
4.665550768e-02	4.622888234e-01
4.821996874e-02	4.690600799e-01
4.982962657e-02	4.758958069e-01
5.148553159e-02	4.827959600e-01
5.318874972e-02	4.897604772e-01
5.494036237e-02	4.967892795e-01
5.674146629e-02	5.038822700e-01
5.859317366e-02	5.110393347e-01
6.049661155e-02	5.182603404e-01
6.245292201e-02	5.255451358e-01
6.446326202e-02	5.328935512e-01
6.652880287e-02	5.403053970e-01
6.865073024e-02	5.477804642e-01
7.083024374e-02	5.553185239e-01
7.306855687e-02	5.629193272e-01
7.536689659e-02	5.705826049e-01
7.772650275e-02	5.783080661e-01
8.014862815e-02	5.860953997e-01
8.263453791e-02	5.939442726e-01
8.518550919e-02	6.018543304e-01
8.780283044e-02	6.098251961e-01
9.048780134e-02	6.178564708e-01
9.324173192e-02	6.259477325e-01
9.606594238e-02	6.340985367e-01
9.896176207e-02	6.423084152e-01
1.019305295e-01	6.505768772e-01
1.049735909e-01	6.589034069e-01
1.080923003e-01	6.672874653e-01
1.112880182e-01	6.757284890e-01
1.145621113e-01	6.842258898e-01
1.179159513e-01	6.927790548e-01
1.213509142e-01	7.013873460e-01
1.248683797e-01	7.100501005e-01
1.284697295e-01	7.187666291e-01
1.321563470e-01	7.275362172e-01
1.359296159e-01	7.363581241e-01
1.397909193e-01	7.452315827e-01
1.437416387e-01	7.541557999e-01
1.477831519e-01	7.631299550e-01
1.519168332e-01	7.721532015e-01
1.561440507e-01	7.812246648e-01
1.604661657e-01	7.903434435e-01
1.648845312e-01	7.995086088e-01
1.694004898e-01	8.087192031e-01
1.740153726e-01	8.179742415e-01
1.787304977e-01	8.272727106e-01
1.835471679e-01	8.366135687e-01
1.884666701e-01	8.459957466e-01
1.934902712e-01	8.554181434e-01
1.986192180e-01	8.648796310e-01
2.038547348e-01	8.743790517e-01
2.091980205e-01	8.839152175e-01
2.146502475e-01	8.934869109e-01
2.202125582e-01	9.030928843e-01
2.258860628e-01	9.127318587e-01
2.316718376e-01	9.224025254e-01
2.375709213e-01	9.321035435e-01
2.435843126e-01	9.418335411e-01
2.497129678e-01	9.515911148e-01
2.559577961e-01	9.613748272e-01
2.623196575e-01	9.711832084e-01
2.687993612e-01	9.810147572e-01
2.753976584e-01	9.908679360e-01
2.821152407e-01	1.000741172e+00
2.889527376e-01	1.010632862e+00
2.959107090e-01	1.020541360e+00
3.029896444e-01	1.030464989e+00
3.101899564e-01	1.040402030e+00
3.175119764e-01	1.050350730e+00
3.249559515e-01	1.060309293e+00
3.325220359e-01	1.070275884e+00
3.402102890e-01	1.080248625e+00
3.480206655e-01	1.090225594e+00
3.559530150e-01	1.100204826e+00
3.640070715e-01	1.110184309e+00
3.721824474e-01	1.120161983e+00
3.804786266e-01	1.130135735e+00
3.888949570e-01	1.140103402e+00
3.974306421e-01	1.150062765e+00
4.060847342e-01	1.160011546e+00
4.148561225e-01	1.169947409e+00
4.237435235e-01	1.179867949e+00
4.327454731e-01	1.189770698e+00
4.418603138e-01	1.199653112e+00
4.510861797e-01	1.209512570e+00
4.604209895e-01	1.219346373e+00
4.698624284e-01	1.229151731e+00
4.794079278e-01	1.238925756e+00
4.890546589e-01	1.248665466e+00
4.987995082e-01	1.258367764e+00
5.086390560e-01	1.268029434e+00
5.185695557e-01	1.277647132e+00
5.285869098e-01	1.287217371e+00
5.386866443e-01	1.296736511e+00
5.488638733e-01	1.306200740e+00
5.591132675e-01	1.315606059e+00
5.694290107e-01	1.324948255e+00
5.798047594e-01	1.334222885e+00
5.902336002e-01	1.343425251e+00
6.007079758e-01	1.352550355e+00
6.112196226e-01	1.361592868e+00
6.217594990e-01	1.370547086e+00
6.323176838e-01	1.379406870e+00
6.428832640e-01	1.388165581e+00
6.534439517e-01	1.396815794e+00
6.639420190e-01	1.405313878e+00
6.663942019e-01	1.407284686e+00
6.666394202e-01	1.407481474e+00
6.666639420e-01	1.407501150e+00
6.666663942e-01	1.407503118e+00
6.666666394e-01	1.407503314e+00
6.666666639e-01	1.407503334e+00
6.666666664e-01	1.407503336e+00
6.666666666e-01	1.407503336e+00
6.666666667e-01	1.407503336e+00
6.666666667e-01	1.407503336e+00
6.666666667e-01	1.407503336e+00
6.666666669e-01	1.407503336e+00
6.666666680e-01	1.407503336e+00
6.666666707e-01	1.407503336e+00
6.666666733e-01	1.407503336e+00
6.666666818e-01	1.407503336e+00
6.666667728e-01	1.407503336e+00
6.666668638e-01	1.407503336e+00
6.666673189e-01	1.407503336e+00
6.666695945e-01	1.407503336e+00
6.666809722e-01	1.407503336e+00
6.667378611e-01	1.407503336e+00
6.670223056e-01	1.407503336e+00
6.684445280e-01	1.407503336e+00
6.755556400e-01	1.407503336e+00
7.111112000e-01	1.407503336e+00
8.888890000e-01	1.407503336e+00
9.888890000e-01	1.407503336e+00
9.988890000e-01	1.407503336e+00
9.998890000e-01	1.407503336e+00
9.999890000e-01	1.407503336e+00
9.999990000e-01	1.407503336e+00
1.000000000e+00	1.407503336e+00
#################################
1.000000000e-10	0.000000000e+00
1.655696098e-10	1.544290340e-08
3.153699029e-10	4.591651004e-08
5.495439080e-10	8.699923215e-08
9.358361535e-10	1.461806637e-07
1.557297883e-09	2.298038436e-07
2.533098775e-09	3.457871057e-07
4.030076361e-09	5.038381733e-07
6.276635757e-09	7.156707836e-07
9.579205549e-09	9.952232093e-07
1.434144895e-08	1.358878267e-06
2.108642348e-08	1.825684534e-06
3.048187696e-08	2.417578564e-06
4.336886294e-08	3.159607952e-06
6.079385409e-08	4.080155120e-06
8.404452820e-08	5.211161728e-06
1.146893977e-07	6.588353634e-06
1.546214504e-07	8.251466324e-06
2.061059649e-07	1.024447077e-05
2.718326635e-07	1.261579964e-05
3.549723596e-07	1.541857389e-05
4.592382565e-07	1.871082958e-05
5.889520502e-07	2.255574497e-05
7.491149883e-07	2.702186792e-05
9.454840320e-07	3.218334337e-05
1.184653270e-06	3.812014107e-05
1.474140726e-06	4.491828348e-05
1.822480705e-06	5.267007377e-05
2.239321815e-06	6.147432389e-05
2.735530810e-06	7.143658282e-05
3.323302377e-06	8.266936480e-05
4.016275020e-06	9.529237765e-05
4.829653153e-06	1.094327511e-04
5.780335556e-06	1.252252651e-04
6.887050299e-06	1.428125782e-04
8.170496277e-06	1.623454556e-04
9.653491479e-06	1.839829976e-04
1.136112811e-05	2.078928675e-04
1.332093467e-05	2.342515196e-04
1.556304518e-05	2.632444268e-04
1.812037556e-05	2.950663087e-04
2.102880734e-05	3.299213584e-04
2.432737886e-05	3.680234700e-04
2.805848399e-05	4.095964652e-04
3.226807850e-05	4.548743203e-04
3.700589376e-05	5.041013877e-04
4.232566406e-05	5.575326746e-04
4.828529160e-05	6.154334393e-04
5.494790036e-05	6.780870597e-04
6.237159928e-05	7.457001549e-04
7.166643868e-05	8.275854882e-04
8.096127807e-05	9.068501841e-04
9.249590071e-05	1.002122719e-03
1.040305233e-04	1.094462395e-03
1.182270708e-04	1.204672934e-03
1.324236182e-04	1.311615405e-03
1.499707127e-04	1.439919541e-03
1.694165948e-04	1.577797258e-03
1.909233414e-04	1.725755471e-03
2.146633763e-04	1.884317669e-03
2.408199191e-04	2.054024142e-03
2.695874459e-04	2.235432190e-03
3.011721590e-04	2.429116343e-03
3.357924683e-04	2.635668572e-03
3.736794821e-04	2.855698493e-03
4.150775089e-04	3.089833575e-03
4.602445691e-04	3.338719341e-03
5.094529171e-04	3.603019560e-03
5.629895733e-04	3.883416443e-03
6.211568660e-04	4.180610826e-03
6.842729836e-04	4.495322360e-03
7.526725358e-04	4.828289682e-03
8.267071247e-04	5.180270586e-03
9.067459256e-04	5.552042197e-03
9.931762764e-04	5.944401125e-03
1.086404276e-03	6.358163620e-03
1.186855392e-03	6.794165721e-03
1.294975077e-03	7.253263394e-03
1.411229390e-03	7.736332667e-03
1.536105631e-03	8.244269748e-03
1.670112980e-03	8.777991152e-03
1.813783144e-03	9.338433799e-03
1.967671007e-03	9.926555110e-03
2.132355296e-03	1.054333311e-02
2.308439242e-03	1.118976648e-02
2.496551253e-03	1.186687465e-02
2.697345594e-03	1.257569784e-02
2.911503064e-03	1.331729709e-02
3.139731681e-03	1.409275431e-02
3.382767377e-03	1.490317229e-02
3.641374685e-03	1.574967470e-02
3.916347432e-03	1.663340607e-02
4.208509438e-03	1.755553175e-02
4.518715209e-03	1.851723789e-02
4.847850636e-03	1.951973136e-02
5.196833690e-03	2.056423963e-02
5.566615113e-03	2.165201076e-02
5.958179117e-03	2.278431316e-02
6.372544063e-03	2.396243552e-02
6.810763147e-03	2.518768660e-02
7.273925083e-03	2.646139507e-02
7.763154766e-03	2.778490925e-02
8.279613946e-03	2.915959687e-02
8.824501872e-03	3.058684482e-02
9.399055943e-03	3.206805881e-02
1.000455235e-02	3.360466306e-02
1.064230665e-02	3.519809987e-02
1.131367447e-02	3.684982931e-02
1.202005197e-02	3.856132866e-02
1.276287652e-02	4.033409204e-02
1.354362720e-02	4.216962978e-02
1.436382535e-02	4.406946793e-02
1.522503508e-02	4.603514765e-02
1.612886376e-02	4.806822449e-02
1.707696246e-02	5.017026775e-02
1.807102638e-02	5.234285962e-02
1.911279534e-02	5.458759459e-02
2.020405399e-02	5.690607831e-02
2.134663227e-02	5.929992680e-02
2.254240571e-02	6.177076557e-02
2.379329556e-02	6.432022833e-02
2.510126915e-02	6.694995602e-02
2.646834000e-02	6.966159568e-02
2.789656798e-02	7.245679909e-02
2.938805931e-02	7.533722146e-02
3.094496663e-02	7.830452001e-02
3.256948900e-02	8.136035254e-02
3.426387179e-02	8.450637587e-02
3.603040650e-02	8.774424414e-02
3.787143052e-02	9.107560698e-02
3.978932700e-02	9.450210800e-02
4.178652428e-02	9.802538241e-02
4.386549560e-02	1.016470554e-01
4.602875856e-02	1.053687397e-01
4.827887456e-02	1.091920339e-01
5.061844810e-02	1.131185194e-01
5.305012601e-02	1.171497585e-01
5.557659659e-02	1.212872919e-01
5.820058877e-02	1.255326358e-01
6.092487092e-02	1.298872794e-01
6.375224982e-02	1.343526820e-01
6.668556938e-02	1.389302701e-01
6.972770932e-02	1.436214345e-01
7.288158358e-02	1.484275268e-01
7.615013883e-02	1.533498566e-01
7.953635278e-02	1.583896879e-01
8.304323247e-02	1.635482361e-01
8.667381207e-02	1.688266640e-01
9.043115087e-02	1.742260785e-01
9.431833133e-02	1.797475269e-01
9.833845657e-02	1.853919936e-01
1.024946478e-01	1.911603954e-01
1.067900418e-01	1.970535786e-01
1.112277885e-01	2.030723151e-01
1.158110478e-01	2.092172977e-01
1.205429859e-01	2.154891367e-01
1.254267733e-01	2.218883560e-01
1.304655808e-01	2.284153892e-01
1.356625756e-01	2.350705750e-01
1.410209187e-01	2.418541545e-01
1.465437601e-01	2.487662660e-01
1.522342341e-01	2.558069408e-01
1.580954570e-01	2.629761013e-01
1.641305207e-01	2.702735550e-01
1.703424878e-01	2.776989905e-01
1.767343885e-01	2.852519760e-01
1.833092124e-01	2.929319524e-01
1.900699042e-01	3.007382306e-01
1.970193576e-01	3.086699881e-01
2.041604072e-01	3.167262639e-01
2.114958232e-01	3.249059553e-01
2.190283004e-01	3.332078116e-01
2.267604532e-01	3.416304327e-01
2.346948031e-01	3.501722617e-01
2.428337702e-01	3.588315818e-01
2.511796611e-01	3.676065102e-01
2.597346549e-01	3.764949914e-01
2.685007932e-01	3.854947946e-01
2.774799617e-01	3.946035045e-01
2.866738742e-01	4.038185154e-01
2.960840556e-01	4.131370245e-01
3.057118200e-01	4.225560231e-01
3.155582492e-01	4.320722884e-01
3.256241686e-01	4.416823748e-01
3.359101203e-01	4.513826040e-01
3.464163360e-01	4.611690565e-01
3.571427026e-01	4.710375579e-01
3.680887302e-01	4.809836695e-01
3.792535143e-01	4.910026761e-01
3.906356979e-01	5.010895740e-01
4.022334276e-01	5.112390579e-01
4.140443112e-01	5.214455101e-01
4.260653657e-01	5.317029833e-01
4.382929686e-01	5.420051899e-01
4.507228083e-01	5.523454911e-01
4.633498208e-01	5.627168779e-01
4.761681346e-01	5.731119614e-01
4.891710070e-01	5.835229567e-01
5.023507555e-01	5.939416673e-01
5.156986952e-01	6.043594745e-01
5.292050496e-01	6.147673094e-01
5.428588882e-01	6.251556470e-01
5.566480147e-01	6.355144652e-01
5.705588900e-01	6.458332321e-01
5.845765024e-01	6.561008570e-01
5.986842447e-01	6.663056487e-01
6.128637686e-01	6.764352607e-01
6.270947746e-01	6.864765948e-01
6.413546009e-01	6.964155703e-01
6.555888366e-01	7.062170761e-01
6.655588836e-01	7.130126149e-01
6.665558883e-01	7.136890532e-01
6.666555888e-01	7.137566660e-01
6.666655588e-01	7.137634270e-01
6.666665558e-01	7.137641031e-01
6.666666555e-01	7.137641707e-01
6.666666655e-01	7.137641775e-01
6.666666665e-01	7.137641782e-01
6.666666666e-01	7.137641782e-01
6.666666667e-01	7.137641783e-01
6.666666669e-01	7.137641783e-01
6.666666670e-01	7.137641783e-01
6.666666699e-01	7.137641783e-01
6.666666728e-01	7.137641783e-01
6.666666818e-01	7.137641783e-01
6.666667728e-01	7.137641783e-01
6.666668638e-01	7.137641783e-01
6.666673189e-01	7.137641783e-01
6.666695945e-01	7.137641783e-01
6.666809722e-01	7.137641783e-01
6.667378611e-01	7.137641783e-01
6.670223056e-01	7.137641783e-01
6.684445280e-01	7.137641783e-01
6.755556400e-01	7.137641783e-01
7.111112000e-01	7.137641783e-01
8.888890000e-01	7.137641783e-01
9.888890000e-01	7.137641783e-01
9.988890000e-01	7.137641783e-01
9.998890000e-01	7.137641783e-01
9.999890000e-01	7.137641783e-01
9.999990000e-01	7.137641783e-01
1.000000000e+00	7.137641783e-01
#################################
1.000000000e-10	0.000000000e+00
2.863149661e-09	6.884769421e-10
8.375292679e-09	2.171737512e-09
1.766355729e-08	4.780996432e-09
3.523532156e-08	9.896068798e-09
6.994399500e-08	2.035299246e-08
1.370382594e-07	4.126354419e-08
2.632681002e-07	8.192526557e-08
4.929709541e-07	1.583140525e-07
8.954057018e-07	2.962828919e-07
1.572582157e-06	5.352349024e-07
2.667090687e-06	9.320685312e-07
4.369758147e-06	1.565282321e-06
6.927090556e-06	2.539178377e-06
1.064850594e-05	3.988130055e-06
1.591337338e-05	6.080893683e-06
2.317787671e-05	9.024951996e-06
3.298172025e-05	1.307088141e-05
4.595469172e-05	1.851673774e-05
6.282309524e-05	2.571245650e-05
8.441606524e-05	3.506426464e-05
1.116717703e-04	4.703910139e-05
1.456435140e-04	6.216904589e-05
1.875057397e-04	8.105574962e-05
2.385599423e-04	1.043748718e-04
3.002404931e-04	1.328805155e-04
3.741203781e-04	1.674096627e-04
4.619168527e-04	2.088866062e-04
5.654970140e-04	2.583273749e-04
6.868832894e-04	3.168441517e-04
8.282588415e-04	3.856496790e-04
9.919728873e-04	4.660616495e-04
1.180545929e-03	5.595070793e-04
1.396674892e-03	6.675266568e-04
1.643238167e-03	7.917790651e-04
1.923300556e-03	9.340452729e-04
2.240118066e-03	1.096232769e-03
2.597142997e-03	1.280379954e-03
2.998024217e-03	1.488658055e-03
3.446664617e-03	1.723402965e-03
3.946549940e-03	1.986763087e-03
4.570193100e-03	2.317653456e-03
5.193836261e-03	2.650815176e-03
5.961911283e-03	3.063874265e-03
6.729986306e-03	3.479607998e-03
7.675610813e-03	3.994689246e-03
8.719996979e-03	4.567254945e-03
9.870169875e-03	5.201783989e-03
1.113343148e-02	5.902960492e-03
1.251736142e-02	6.675675689e-03
1.402981718e-02	7.525029428e-03
1.567893380e-02	8.456331202e-03
1.747312308e-02	9.475100719e-03
1.942107210e-02	1.058706791e-02
2.153174122e-02	1.179817235e-02
2.381436150e-02	1.311456207e-02
2.627843148e-02	1.454259166e-02
2.893371335e-02	1.608881966e-02
3.179022873e-02	1.776000524e-02
3.485825372e-02	1.956310394e-02
3.814831400e-02	2.150526288e-02
4.167117946e-02	2.359381501e-02
4.543785925e-02	2.583627280e-02
4.945959692e-02	2.824032124e-02
5.374786697e-02	3.081381062e-02
5.831437258e-02	3.356474897e-02
6.317104612e-02	3.650129507e-02
6.833005247e-02	3.963175169e-02
7.380379769e-02	4.296456081e-02
7.960494319e-02	4.650830048e-02
8.574642696e-02	5.027168428e-02
9.224149596e-02	5.426356581e-02
9.910374750e-02	5.849294652e-02
1.063471846e-01	6.296898992e-02
1.139862842e-01	6.770104110e-02
1.220360810e-01	7.269865316e-02
1.305122590e-01	7.797161504e-02
1.394312530e-01	8.352998174e-02
1.488103439e-01	8.938409606e-02
1.586677276e-01	9.554458855e-02
1.690225302e-01	1.020223381e-01
1.798947099e-01	1.088283540e-01
1.913047676e-01	1.159735306e-01
2.032731343e-01	1.234681930e-01
2.158190716e-01	1.313213314e-01
2.289588511e-01	1.395393859e-01
2.427029892e-01	1.481244524e-01
2.570524067e-01	1.570718519e-01
2.719937250e-01	1.663672261e-01
2.874945335e-01	1.759837217e-01
3.035003109e-01	1.858803396e-01
3.199350218e-01	1.960026975e-01
3.367066408e-01	2.062869143e-01
3.537167518e-01	2.166659693e-01
3.708712309e-01	2.270765720e-01
3.880886054e-01	2.374643920e-01
4.053043360e-01	2.477866044e-01
4.224711687e-01	2.580119197e-01
4.395569974e-01	2.681190620e-01
4.565416896e-01	2.780946347e-01
4.734139000e-01	2.879310210e-01
4.901683219e-01	2.976245960e-01
5.068035372e-01	3.071743424e-01
5.233204296e-01	3.165808375e-01
5.397210227e-01	3.258455217e-01
5.560076497e-01	3.349701851e-01
5.721823836e-01	3.439566216e-01
5.882465891e-01	3.528063694e-01
6.042006017e-01	3.615205337e-01
6.200434584e-01	3.700996487e-01
6.357726711e-01	3.785435713e-01
6.513787721e-01	3.868486109e-01
6.651378771e-01	3.941104616e-01
6.665137876e-01	3.948335368e-01
6.666513787e-01	3.949058132e-01
6.666651378e-01	3.949130406e-01
6.666665137e-01	3.949137633e-01
6.666666513e-01	3.949138356e-01
6.666666650e-01	3.949138428e-01
6.666666664e-01	3.949138435e-01
6.666666665e-01	3.949138436e-01
6.666666667e-01	3.949138437e-01
6.666666673e-01	3.949138437e-01
6.666666687e-01	3.949138437e-01
6.666666719e-01	3.949138437e-01
6.666666818e-01	3.949138437e-01
6.666667728e-01	3.949138437e-01
6.666668638e-01	3.949138437e-01
6.666673189e-01	3.949138437e-01
6.666695945e-01	3.949138437e-01
6.666809722e-01	3.949138437e-01
6.667378611e-01	3.949138437e-01
6.670223056e-01	3.949138437e-01
6.684445280e-01	3.949138437e-01
6.755556400e-01	3.949138437e-01
7.111112000e-01	3.949138437e-01
8.888890000e-01	3.949138437e-01
9.888890000e-01	3.949138437e-01
9.988890000e-01	3.949138437e-01
9.998890000e-01	3.949138437e-01
9.999890000e-01	3.949138437e-01
9.999990000e-01	3.949138437e-01
1.000000000e+00	3.949138437e-01
#################################
1.000000000e-10	0.000000000e+00
1.042034562e-08	5.553169036e-12
7.232016988e-08	7.701392302e-11
1.984360671e-07	3.011991490e-10
4.600312609e-07	9.374470367e-10
9.158369000e-07	2.375049574e-09
1.815823751e-06	5.983856965e-09
3.510480673e-06	1.457074977e-08
6.538597514e-06	3.373986701e-08
1.163001419e-05	7.341307190e-08
1.969523446e-05	1.494954746e-07
3.181531110e-05	2.856271763e-07
4.923327018e-05	5.149795926e-07
7.334689840e-05	8.820764371e-07
1.057026309e-04	1.444630271e-06
1.479903110e-04	2.275389950e-06
2.020386408e-04	3.463996198e-06
2.698111836e-04	5.118843484e-06
3.534028110e-04	7.368946877e-06
4.550365151e-04	1.036581288e-05
5.770605221e-04	1.428531340e-05
7.219456569e-04	1.932956220e-05
8.922829208e-04	2.572879316e-05
1.090781248e-03	3.374323973e-05
1.320265413e-03	4.366501505e-05
1.583674078e-03	5.581999219e-05
1.884057900e-03	7.056968178e-05
2.224578167e-03	8.831313050e-05
2.608500752e-03	1.094885549e-04
3.039246214e-03	1.345782433e-04
3.519744231e-03	1.640706476e-04
4.118289154e-03	2.028189872e-04
4.716834078e-03	2.435954467e-04
5.458213677e-03	2.966600320e-04
6.277879575e-03	3.583342246e-04
7.180540759e-03	4.295886976e-04
8.171001196e-03	5.114606311e-04
9.254157956e-03	6.050555908e-04
1.043499926e-02	7.115493693e-04
1.171860249e-02	8.321897884e-04
1.311013205e-02	9.682984519e-04
1.461483718e-02	1.121272450e-03
1.623804966e-02	1.292586004e-03
1.798518133e-02	1.483792048e-03
1.986172155e-02	1.696523730e-03
2.187323442e-02	1.932495844e-03
2.402535590e-02	2.193506160e-03
2.632379070e-02	2.481436647e-03
2.877430906e-02	2.798254599e-03
3.138274318e-02	3.146013615e-03
3.415498362e-02	3.526854445e-03
3.709697531e-02	3.943005676e-03
4.021471346e-02	4.396784246e-03
4.351423925e-02	4.890595767e-03
4.700163539e-02	5.426934660e-03
5.068302137e-02	6.008384040e-03
5.456454887e-02	6.637615403e-03
5.865239707e-02	7.317388068e-03
6.295276824e-02	8.050548394e-03
6.747188353e-02	8.840028763e-03
7.221597982e-02	9.688846443e-03
7.719130723e-02	1.060010226e-02
8.240412845e-02	1.157697928e-02
8.786072031e-02	1.262274163e-02
9.356737861e-02	1.374073357e-02
9.953042734e-02	1.493437926e-02
1.057562336e-01	1.620718344e-02
1.122512302e-01	1.756273352e-02
1.190219491e-01	1.900470409e-02
1.260750672e-01	2.053686425e-02
1.334174693e-01	2.216308909e-02
1.410563332e-01	2.388737710e-02
1.489992414e-01	2.571387471e-02
1.572543281e-01	2.764691094e-02
1.658304713e-01	2.969104514e-02
1.747375424e-01	3.185113187e-02
1.839867279e-01	3.413240816e-02
1.935909533e-01	3.654061177e-02
2.035654374e-01	3.908214051e-02
2.139284288e-01	4.176426846e-02
2.247022089e-01	4.459544539e-02
2.359144819e-01	4.758571701e-02
2.476003660e-01	5.074733257e-02
2.598053718e-01	5.409565788e-02
2.725900647e-01	5.765060939e-02
2.860378931e-01	6.143906229e-02
3.002694084e-01	6.549922313e-02
3.154673641e-01	6.988840045e-02
3.317942863e-01	7.465958521e-02
3.481212084e-01	7.948311869e-02
3.679885612e-01	8.541521219e-02
3.878559139e-01	9.140699544e-02
4.128333585e-01	9.901047150e-02
4.358046765e-01	1.060587393e-01
4.588984747e-01	1.131848600e-01
4.829329537e-01	1.206309490e-01
5.069674327e-01	1.280945240e-01
5.317874850e-01	1.358075652e-01
5.531773792e-01	1.424497936e-01
5.728320000e-01	1.485425631e-01
5.913655516e-01	1.542736345e-01
6.090924069e-01	1.597385262e-01
6.262018015e-01	1.649943922e-01
6.428186700e-01	1.700787445e-01
6.590808088e-01	1.750329951e-01
6.659080808e-01	1.771060638e-01
6.665908081e-01	1.773131385e-01
6.666590808e-01	1.773338436e-01
6.666659080e-01	1.773359141e-01
6.666665908e-01	1.773361212e-01
6.666666590e-01	1.773361419e-01
6.666666659e-01	1.773361439e-01
6.666666666e-01	1.773361442e-01
6.666666666e-01	1.773361442e-01
6.666666667e-01	1.773361442e-01
6.666666668e-01	1.773361442e-01
6.666666672e-01	1.773361442e-01
6.666666676e-01	1.773361442e-01
6.666666697e-01	1.773361442e-01
6.666666818e-01	1.773361442e-01
6.666667728e-01	1.773361442e-01
6.666668638e-01	1.773361442e-01
6.666673189e-01	1.773361442e-01
6.666695945e-01	1.773361442e-01
6.666809722e-01	1.773361442e-01
6.667378611e-01	1.773361442e-01
6.670223056e-01	1.773361442e-01
6.684445280e-01	1.773361442e-01
6.755556400e-01	1.773361442e-01
7.111112000e-01	1.773361442e-01
8.888890000e-01	1.773361442e-01
9.888890000e-01	1.773361442e-01
9.988890000e-01	1.773361442e-01
9.998890000e-01	1.773361442e-01
9.999890000e-01	1.773361442e-01
9.999990000e-01	1.773361442e-01
1.000000000e+00	1.773361442e-01
#################################
