# Matter power spectrum P(k) at redshift z=0.5
# for k=1.03813e-05 to 30.0487 h/Mpc,
# number of wavenumbers equal to 1161
#    1:k (h/Mpc)              2:P (Mpc/h)^3        
       1.038125978308e-05       2.822590203532e+01 
       1.050146910589e-05       2.854190529023e+01 
       1.062307038707e-05       2.886144656250e+01 
       1.074607974471e-05       2.918456547337e+01 
       1.087051348359e-05       2.951130207540e+01 
       1.099638809726e-05       2.984169697241e+01 
       1.112372027025e-05       3.017579069530e+01 
       1.125252688032e-05       3.051362529418e+01 
       1.138282500064e-05       3.085524241747e+01 
       1.151463190208e-05       3.120068429212e+01 
       1.164796505551e-05       3.154999378952e+01 
       1.178284213409e-05       3.190321482592e+01 
       1.191928101564e-05       3.226039023785e+01 
       1.205729978497e-05       3.262156472929e+01 
       1.219691673633e-05       3.298678258551e+01 
       1.233815037579e-05       3.335609011906e+01 
       1.248101942372e-05       3.372953291929e+01 
       1.262554281725e-05       3.410715670661e+01 
       1.277173971281e-05       3.448900856108e+01 
       1.291962948863e-05       3.487513549198e+01 
       1.306923174735e-05       3.526558609721e+01 
       1.322056631858e-05       3.566040844523e+01 
       1.337365326156e-05       3.605965149932e+01 
       1.352851286779e-05       3.646336477042e+01 
       1.368516566374e-05       3.687159832541e+01 
       1.384363241359e-05       3.728440279013e+01 
       1.400393412191e-05       3.770183017562e+01 
       1.416609203653e-05       3.812393110040e+01 
       1.433012765131e-05       3.855075851779e+01 
       1.449606270899e-05       3.898236475273e+01 
       1.466391920408e-05       3.941880172907e+01 
       1.483371938577e-05       3.986012659374e+01 
       1.500548576090e-05       4.030639349032e+01 
       1.517924109692e-05       4.075765729161e+01 
       1.535500842490e-05       4.121397398326e+01 
       1.553281104262e-05       4.167540014491e+01 
       1.571267251761e-05       4.214199291638e+01 
       1.589461669033e-05       4.261380985366e+01 
       1.607866767727e-05       4.309091285851e+01 
       1.626484987420e-05       4.357335399789e+01 
       1.645318795937e-05       4.406119949605e+01 
       1.664370689677e-05       4.455450555925e+01 
       1.683643193950e-05       4.505333813439e+01 
       1.703138863304e-05       4.555775458045e+01 
       1.722860281870e-05       4.606782070471e+01 
       1.742810063700e-05       4.658359963018e+01 
       1.762990853116e-05       4.710515269139e+01 
       1.783405325061e-05       4.763254315618e+01 
       1.804056185449e-05       4.816584422389e+01 
       1.824946171531e-05       4.870511272411e+01 
       1.846078052251e-05       4.925042251139e+01 
       1.867454628617e-05       4.980183965201e+01 
       1.889078734072e-05       5.035942712375e+01 
       1.910953234866e-05       5.092326274991e+01 
       1.933081030442e-05       5.149341158203e+01 
       1.955465053815e-05       5.206994387121e+01 
       1.978108271962e-05       5.265293373402e+01 
       2.001013686218e-05       5.324245185254e+01 
       2.024184332671e-05       5.383857430755e+01 
       2.047623282565e-05       5.444136975682e+01 
       2.071333642707e-05       5.505091386816e+01 
       2.095318555880e-05       5.566728642367e+01 
       2.119581201258e-05       5.629056246083e+01 
       2.144124794828e-05       5.692081682370e+01 
       2.168952589817e-05       5.755813254525e+01 
       2.194067877123e-05       5.820258331692e+01 
       2.219473985749e-05       5.885425224965e+01 
       2.245174283248e-05       5.951321631703e+01 
       2.271172176166e-05       6.017956495299e+01 
       2.297471110497e-05       6.085337562186e+01 
       2.324074572134e-05       6.153472948701e+01 
       2.350986087339e-05       6.222371652127e+01 
       2.378209223203e-05       6.292042226650e+01 
       2.405747588123e-05       6.362492976013e+01 
       2.433604832281e-05       6.433732664745e+01 
       2.461784648123e-05       6.505770557606e+01 
       2.490290770853e-05       6.578614500560e+01 
       2.519126978928e-05       6.652275350478e+01 
       2.548297094556e-05       6.726760498463e+01 
       2.577804984203e-05       6.802079953959e+01 
       2.607654559108e-05       6.878243466997e+01 
       2.637849775801e-05       6.955259883613e+01 
       2.668394636625e-05       7.033138962347e+01 
       2.699293190267e-05       7.111890418574e+01 
       2.730549532297e-05       7.191523946355e+01 
       2.762167805711e-05       7.272049611074e+01 
       2.794152201475e-05       7.353477082863e+01 
       2.826506959088e-05       7.435816718714e+01 
       2.859236367136e-05       7.519078974150e+01 
       2.892344763867e-05       7.603273834310e+01 
       2.925836537764e-05       7.688411719929e+01 
       2.959716128125e-05       7.774503541555e+01 
       2.993988025653e-05       7.861559628017e+01 
       3.028656773051e-05       7.949591074679e+01 
       3.063726965623e-05       8.038608823919e+01 
       3.099203251887e-05       8.128623745876e+01 
       3.135090334184e-05       8.219647135270e+01 
       3.171392969309e-05       8.311690286632e+01 
       3.208115969138e-05       8.404764661582e+01 
       3.245264201263e-05       8.498881823995e+01 
       3.282842589642e-05       8.594053501011e+01 
       3.320856115252e-05       8.690291489368e+01 
       3.359309816742e-05       8.787607753370e+01 
       3.398208791110e-05       8.886014436400e+01 
       3.437558194372e-05       8.985523742574e+01 
       3.477363242249e-05       9.086148054384e+01 
       3.517629210858e-05       9.187899905008e+01 
       3.558361437408e-05       9.290791939537e+01 
       3.599565320913e-05       9.394836959610e+01 
       3.641246322902e-05       9.500047908374e+01 
       3.683409968147e-05       9.606437879109e+01 
       3.726061845394e-05       9.714020108401e+01 
       3.769207608102e-05       9.822807965016e+01 
       3.812852975196e-05       9.932814969666e+01 
       3.857003731822e-05       1.004405496309e+02 
       3.901665730115e-05       1.015654171062e+02 
       3.946844889974e-05       1.027028917859e+02 
       3.992547199849e-05       1.038531147643e+02 
       4.038778717530e-05       1.050162298674e+02 
       4.085545570955e-05       1.061923820219e+02 
       4.132853959021e-05       1.073817148710e+02 
       4.180710152402e-05       1.085843825439e+02 
       4.229120494386e-05       1.098005331801e+02 
       4.278091401710e-05       1.110303148022e+02 
       4.327629365416e-05       1.122738825380e+02 
       4.377740951707e-05       1.135313912163e+02 
       4.428432802819e-05       1.148029985527e+02 
       4.479711637902e-05       1.160888621587e+02 
       4.531584253911e-05       1.173891423723e+02 
       4.584057526504e-05       1.187040008987e+02 
       4.637138410956e-05       1.200336023265e+02 
       4.690833943083e-05       1.213781122646e+02 
       4.745151240168e-05       1.227376987509e+02 
       4.800097501909e-05       1.241125307253e+02 
       4.855680011376e-05       1.255027803690e+02 
       4.911906135968e-05       1.269086204260e+02 
       4.968783328399e-05       1.283302280793e+02 
       5.026319127677e-05       1.297677777811e+02 
       5.084521160112e-05       1.312214505093e+02 
       5.143397140319e-05       1.326914296940e+02 
       5.202954872246e-05       1.341778943450e+02 
       5.263202250205e-05       1.356810342637e+02 
       5.324147259922e-05       1.372010353922e+02 
       5.385797979591e-05       1.387380881202e+02 
       5.448162580949e-05       1.402923848905e+02 
       5.511249330356e-05       1.418641185280e+02 
       5.575066589891e-05       1.434534860712e+02 
       5.639622818465e-05       1.450606890141e+02 
       5.704926572934e-05       1.466859222403e+02 
       5.770986509242e-05       1.483293941301e+02 
       5.837811383560e-05       1.499913090010e+02 
       5.905410053454e-05       1.516718724252e+02 
       5.973791479054e-05       1.533713004624e+02 
       6.042964724244e-05       1.550897980255e+02 
       6.112938957862e-05       1.568275862813e+02 
       6.183723454918e-05       1.585848798597e+02 
       6.255327597820e-05       1.603618978014e+02 
       6.327760877620e-05       1.621588684037e+02 
       6.401032895270e-05       1.639760102348e+02 
       6.475153362897e-05       1.658135541500e+02 
       6.550132105088e-05       1.676717306321e+02 
       6.625979060195e-05       1.695507708548e+02 
       6.702704281650e-05       1.714509120148e+02 
       6.780317939297e-05       1.733723917997e+02 
       6.858830320743e-05       1.753154512030e+02 
       6.938251832718e-05       1.772803332670e+02 
       7.018593002459e-05       1.792672861169e+02 
       7.099864479100e-05       1.812765594323e+02 
       7.182077035087e-05       1.833084036758e+02 
       7.265241567606e-05       1.853630732861e+02 
       7.349369100025e-05       1.874408306915e+02 
       7.434470783358e-05       1.895419329828e+02 
       7.520557897740e-05       1.916666459302e+02 
       7.607641853926e-05       1.938152350376e+02 
       7.695734194799e-05       1.959879722644e+02 
       7.784846596904e-05       1.981851295988e+02 
       7.874990871993e-05       2.004069856898e+02 
       7.966178968593e-05       2.026538181537e+02 
       8.058422973586e-05       2.049259099804e+02 
       8.151735113815e-05       2.072235475112e+02 
       8.246127757705e-05       2.095470208839e+02 
       8.341613416896e-05       2.118966211114e+02 
       8.438204747911e-05       2.142726458819e+02 
       8.535914553825e-05       2.166753945362e+02 
       8.634755785967e-05       2.191051691541e+02 
       8.734741545636e-05       2.215622770126e+02 
       8.835885085836e-05       2.240470282280e+02 
       8.938199813033e-05       2.265597349672e+02 
       9.041699288934e-05       2.291007174564e+02 
       9.146397232282e-05       2.316702933409e+02 
       9.252307520676e-05       2.342687894834e+02 
       9.359444192410e-05       2.368965316284e+02 
       9.467821448334e-05       2.395538552463e+02 
       9.577453653736e-05       2.422410939194e+02 
       9.688355340246e-05       2.449585890107e+02 
       9.800541207762e-05       2.477066832771e+02 
       9.914026126400e-05       2.504857249020e+02 
       1.002882513846e-04       2.532960657799e+02 
       1.014495346043e-04       2.561380615715e+02 
       1.026242648500e-04       2.590120721212e+02 
       1.038125978308e-04       2.619184623126e+02 
       1.050146910589e-04       2.648575994886e+02 
       1.062307038707e-04       2.678298569881e+02 
       1.074607974471e-04       2.708356118156e+02 
       1.087051348359e-04       2.738752450897e+02 
       1.099638809726e-04       2.769491418292e+02 
       1.112372027025e-04       2.800576939832e+02 
       1.125252688032e-04       2.832012946871e+02 
       1.138282500064e-04       2.863803435705e+02 
       1.151463190208e-04       2.895952446488e+02 
       1.164796505551e-04       2.928464068807e+02 
       1.178284213409e-04       2.961342427081e+02 
       1.191928101564e-04       2.994591708423e+02 
       1.205729978497e-04       3.028216140965e+02 
       1.219691673633e-04       3.062219999522e+02 
       1.233815037579e-04       3.096607612808e+02 
       1.248101942372e-04       3.131383357276e+02 
       1.262554281725e-04       3.166551658779e+02 
       1.277173971281e-04       3.202116997287e+02 
       1.291962948863e-04       3.238083900294e+02 
       1.306923174735e-04       3.274456951019e+02 
       1.322056631858e-04       3.311240782111e+02 
       1.337365326156e-04       3.348440083760e+02 
       1.352851286779e-04       3.386059599696e+02 
       1.368516566374e-04       3.424104115857e+02 
       1.384363241359e-04       3.462578490315e+02 
       1.400393412191e-04       3.501487627247e+02 
       1.416609203653e-04       3.540836488528e+02 
       1.433012765131e-04       3.580630089380e+02 
       1.449606270899e-04       3.620873509076e+02 
       1.466391920408e-04       3.661571878717e+02 
       1.483371938577e-04       3.702730389332e+02 
       1.500548576090e-04       3.744354288831e+02 
       1.517924109692e-04       3.786448888442e+02 
       1.535500842490e-04       3.829019559089e+02 
       1.553281104262e-04       3.872071728856e+02 
       1.571267251761e-04       3.915610883414e+02 
       1.589461669033e-04       3.959642579219e+02 
       1.607866767728e-04       4.004172430094e+02 
       1.626484987420e-04       4.049206106158e+02 
       1.645318795937e-04       4.094749354712e+02 
       1.664370689677e-04       4.140807973874e+02 
       1.683643193950e-04       4.187387832598e+02 
       1.703138863304e-04       4.234494860934e+02 
       1.722860281870e-04       4.282135056396e+02 
       1.742810063700e-04       4.330314477997e+02 
       1.762990853116e-04       4.379039260032e+02 
       1.783405325061e-04       4.428315594004e+02 
       1.804056185449e-04       4.478149742389e+02 
       1.824946171531e-04       4.528548033252e+02 
       1.846078052251e-04       4.579516862526e+02 
       1.867454628617e-04       4.631062692354e+02 
       1.889078734072e-04       4.683192068702e+02 
       1.910953234866e-04       4.735911580917e+02 
       1.933081030442e-04       4.789227911974e+02 
       1.955465053815e-04       4.843147799803e+02 
       1.978108271962e-04       4.897678057814e+02 
       2.001013686219e-04       4.952825569346e+02 
       2.024184332672e-04       5.008597281497e+02 
       2.047623282565e-04       5.065000237879e+02 
       2.071333642707e-04       5.122041514622e+02 
       2.095318555880e-04       5.179728302114e+02 
       2.119581201258e-04       5.238067814515e+02 
       2.144124794828e-04       5.297067390072e+02 
       2.168952589817e-04       5.356734392780e+02 
       2.194067877123e-04       5.417076295792e+02 
       2.219473985749e-04       5.478100623778e+02 
       2.245174283248e-04       5.539814976134e+02 
       2.271172176166e-04       5.602227034067e+02 
       2.297471110497e-04       5.665344543217e+02 
       2.324074572134e-04       5.729175332812e+02 
       2.350986087339e-04       5.793727296053e+02 
       2.378209223203e-04       5.859008398181e+02 
       2.405747588123e-04       5.925026685804e+02 
       2.433604832281e-04       5.991790270347e+02 
       2.461784648123e-04       6.059307343353e+02 
       2.490290770853e-04       6.127586164473e+02 
       2.519126978928e-04       6.196635067997e+02 
       2.548297094556e-04       6.266462462771e+02 
       2.577804984203e-04       6.337076829032e+02 
       2.607654559108e-04       6.408486717465e+02 
       2.637849775801e-04       6.480700753687e+02 
       2.668394636625e-04       6.553727634289e+02 
       2.699293190267e-04       6.627576126123e+02 
       2.730549532297e-04       6.702255069478e+02 
       2.762167805711e-04       6.777773375379e+02 
       2.794152201475e-04       6.854140024041e+02 
       2.826506959088e-04       6.931364070692e+02 
       2.859236367136e-04       7.009454636834e+02 
       2.892344763867e-04       7.088420913145e+02 
       2.925836537764e-04       7.168272162676e+02 
       2.959716128125e-04       7.249017714886e+02 
       2.993988025653e-04       7.330666967236e+02 
       3.028656773051e-04       7.413229388008e+02 
       3.063726965623e-04       7.496714513417e+02 
       3.099203251887e-04       7.581131944582e+02 
       3.135090334184e-04       7.666491349221e+02 
       3.171392969309e-04       7.752802460258e+02 
       3.208115969138e-04       7.840075082067e+02 
       3.245264201263e-04       7.928319078426e+02 
       3.282842589642e-04       8.017544382445e+02 
       3.320856115252e-04       8.107760985527e+02 
       3.359309816742e-04       8.198978950694e+02 
       3.398208791110e-04       8.291208400772e+02 
       3.437558194372e-04       8.384459520633e+02 
       3.477363242249e-04       8.478742558833e+02 
       3.517629210858e-04       8.574067827826e+02 
       3.558361437409e-04       8.670445699168e+02 
       3.599565320913e-04       8.767886614185e+02 
       3.641246322902e-04       8.866401064605e+02 
       3.683409968147e-04       8.965999607444e+02 
       3.726061845394e-04       9.066692865023e+02 
       3.769207608102e-04       9.168491519465e+02 
       3.812852975196e-04       9.271406307689e+02 
       3.857003731822e-04       9.375448034298e+02 
       3.901665730115e-04       9.480627563000e+02 
       3.946844889974e-04       9.586955814317e+02 
       3.992547199849e-04       9.694443776925e+02 
       4.038778717530e-04       9.803102492955e+02 
       4.085545570955e-04       9.912943070497e+02 
       4.132853959021e-04       1.002397668094e+03 
       4.180710152402e-04       1.013621455743e+03 
       4.229120494386e-04       1.024966799163e+03 
       4.278091401710e-04       1.036434834274e+03 
       4.327629365416e-04       1.048026702770e+03 
       4.377740951707e-04       1.059743553899e+03 
       4.428432802819e-04       1.071586542531e+03 
       4.479711637902e-04       1.083556830437e+03 
       4.531584253911e-04       1.095655585246e+03 
       4.584057526504e-04       1.107883984590e+03 
       4.637138410957e-04       1.120243209787e+03 
       4.690833943083e-04       1.132734450595e+03 
       4.745151240168e-04       1.145358902983e+03 
       4.800097501910e-04       1.158117770755e+03 
       4.855680011376e-04       1.171012267556e+03 
       4.911906135968e-04       1.184043610935e+03 
       4.968783328399e-04       1.197213029557e+03 
       5.026319127677e-04       1.210521757659e+03 
       5.084521160112e-04       1.223971039354e+03 
       5.143397140319e-04       1.237562127400e+03 
       5.202954872246e-04       1.251296281652e+03 
       5.263202250205e-04       1.265174772329e+03 
       5.324147259922e-04       1.279198878309e+03 
       5.385797979591e-04       1.293369888088e+03 
       5.448162580949e-04       1.307689099258e+03 
       5.511249330356e-04       1.322157819214e+03 
       5.575066589891e-04       1.336777366256e+03 
       5.639622818465e-04       1.351549069095e+03 
       5.704926572934e-04       1.366474265588e+03 
       5.770986509242e-04       1.381554307164e+03 
       5.837811383560e-04       1.396790552570e+03 
       5.905410053454e-04       1.412184375482e+03 
       5.973791479054e-04       1.427737160901e+03 
       6.042964724244e-04       1.443450303894e+03 
       6.112938957862e-04       1.459325213369e+03 
       6.183723454918e-04       1.475363311007e+03 
       6.255327597820e-04       1.491566030816e+03 
       6.327760877620e-04       1.507934820526e+03 
       6.401032895270e-04       1.524471138837e+03 
       6.475153362897e-04       1.541176461473e+03 
       6.550132105088e-04       1.558052277446e+03 
       6.625979060196e-04       1.575100087740e+03 
       6.702704281650e-04       1.592321410380e+03 
       6.780317939297e-04       1.609717777902e+03 
       6.858830320743e-04       1.627290735934e+03 
       6.938251832718e-04       1.645041845486e+03 
       7.018593002459e-04       1.662972686345e+03 
       7.099864479100e-04       1.681084851335e+03 
       7.182077035087e-04       1.699379947617e+03 
       7.265241567606e-04       1.717859602077e+03 
       7.349369100025e-04       1.736525455129e+03 
       7.434470783358e-04       1.755379163547e+03 
       7.520557897740e-04       1.774422400422e+03 
       7.607641853926e-04       1.793656860543e+03 
       7.695734194799e-04       1.813084251431e+03 
       7.784846596904e-04       1.832706291335e+03 
       7.874990871994e-04       1.852524729479e+03 
       7.966178968593e-04       1.872541321595e+03 
       8.058422973586e-04       1.892757837474e+03 
       8.151735113815e-04       1.913176075960e+03 
       8.246127757705e-04       1.933797843868e+03 
       8.341613416896e-04       1.954624968961e+03 
       8.438204747911e-04       1.975659296586e+03 
       8.535914553825e-04       1.996902677020e+03 
       8.634755785967e-04       2.018357001357e+03 
       8.734741545636e-04       2.040024156021e+03 
       8.835885085836e-04       2.061906048325e+03 
       8.938199813033e-04       2.084004610483e+03 
       9.041699288934e-04       2.106321788252e+03 
       9.146397232282e-04       2.128859528049e+03 
       9.252307520676e-04       2.151619818177e+03 
       9.359444192410e-04       2.174604639160e+03 
       9.467821448335e-04       2.197815997437e+03 
       9.577453653736e-04       2.221255918614e+03 
       9.688355340246e-04       2.244926433262e+03 
       9.800541207762e-04       2.268829586926e+03 
       9.914026126400e-04       2.292967450764e+03 
       1.002882513846e-03       2.317342087931e+03 
       1.014495346043e-03       2.341955597302e+03 
       1.026242648500e-03       2.366810078659e+03 
       1.038125978308e-03       2.391907639571e+03 
       1.050146910589e-03       2.417250404511e+03 
       1.062307038707e-03       2.442840511448e+03 
       1.074607974471e-03       2.468680105564e+03 
       1.087051348359e-03       2.494771343795e+03 
       1.099638809726e-03       2.521116387294e+03 
       1.112372027025e-03       2.547717409346e+03 
       1.125252688032e-03       2.574576591037e+03 
       1.138282500064e-03       2.601696117094e+03 
       1.151463190208e-03       2.629078185377e+03 
       1.164796505551e-03       2.656724998461e+03 
       1.178284213409e-03       2.684638747963e+03 
       1.191928101564e-03       2.712821654436e+03 
       1.205729978497e-03       2.741275930569e+03 
       1.219691673633e-03       2.770003787775e+03 
       1.233815037579e-03       2.799007448175e+03 
       1.248101942372e-03       2.828289122889e+03 
       1.262554281725e-03       2.857851046588e+03 
       1.277173971281e-03       2.887695421884e+03 
       1.291962948863e-03       2.917824475273e+03 
       1.306923174735e-03       2.948240424565e+03 
       1.322056631858e-03       2.978945478145e+03 
       1.337365326156e-03       3.009941857880e+03 
       1.352851286779e-03       3.041231735789e+03 
       1.368516566374e-03       3.072817340087e+03 
       1.384363241359e-03       3.104700858193e+03 
       1.400393412191e-03       3.136884473487e+03 
       1.416609203653e-03       3.169370361384e+03 
       1.433012765131e-03       3.202160704580e+03 
       1.449606270899e-03       3.235257646410e+03 
       1.466391920408e-03       3.268663342771e+03 
       1.483371938577e-03       3.302379924458e+03 
       1.500548576090e-03       3.336409516561e+03 
       1.517924109692e-03       3.370754245849e+03 
       1.535500842490e-03       3.405415100882e+03 
       1.553281104262e-03       3.440393138648e+03 
       1.571267251761e-03       3.475692481243e+03 
       1.589461669033e-03       3.511315202858e+03 
       1.607866767728e-03       3.547263280257e+03 
       1.626484987420e-03       3.583538759873e+03 
       1.645318795937e-03       3.620143599213e+03 
       1.664370689677e-03       3.657079786540e+03 
       1.683643193950e-03       3.694349266852e+03 
       1.703138863304e-03       3.731953943267e+03 
       1.722860281870e-03       3.769895720914e+03 
       1.742810063700e-03       3.808176457155e+03 
       1.762990853116e-03       3.846798010902e+03 
       1.783405325061e-03       3.885762175357e+03 
       1.804056185449e-03       3.925070746645e+03 
       1.824946171531e-03       3.964725474762e+03 
       1.846078052251e-03       4.004728050874e+03 
       1.867454628617e-03       4.045080204315e+03 
       1.889078734072e-03       4.085783576740e+03 
       1.910953234866e-03       4.126839782533e+03 
       1.933081030442e-03       4.168250395564e+03 
       1.955465053815e-03       4.210016984940e+03 
       1.978108271962e-03       4.252141020754e+03 
       2.001013686219e-03       4.294623978817e+03 
       2.024184332672e-03       4.337467260977e+03 
       2.047623282565e-03       4.380672266099e+03 
       2.071333642707e-03       4.424240303434e+03 
       2.095318555880e-03       4.468172668773e+03 
       2.119581201258e-03       4.512470595927e+03 
       2.144124794828e-03       4.557135250187e+03 
       2.168952589817e-03       4.602167818784e+03 
       2.194067877123e-03       4.647569330816e+03 
       2.219473985749e-03       4.693340823594e+03 
       2.245174283248e-03       4.739483234556e+03 
       2.271172176166e-03       4.785997559842e+03 
       2.297471110497e-03       4.832884667707e+03 
       2.324074572134e-03       4.880145322460e+03 
       2.350986087339e-03       4.927780293414e+03 
       2.378209223203e-03       4.975790140758e+03 
       2.405747588123e-03       5.024175571267e+03 
       2.433604832281e-03       5.072937225362e+03 
       2.461784648123e-03       5.122075387922e+03 
       2.490290770854e-03       5.171590748395e+03 
       2.519126978928e-03       5.221483402987e+03 
       2.548297094556e-03       5.271753533197e+03 
       2.577804984203e-03       5.322401660223e+03 
       2.607654559108e-03       5.373427713242e+03 
       2.637849775801e-03       5.424831816953e+03 
       2.668394636625e-03       5.476613940382e+03 
       2.699293190267e-03       5.528773895945e+03 
       2.730549532297e-03       5.581311571535e+03 
       2.762167805711e-03       5.634226633089e+03 
       2.794152201476e-03       5.687518556928e+03 
       2.826506959088e-03       5.741187306139e+03 
       2.859236367136e-03       5.795231912032e+03 
       2.892344763867e-03       5.849651904866e+03 
       2.925836537764e-03       5.904446481255e+03 
       2.959716128125e-03       5.959614850989e+03 
       2.993988025653e-03       6.015156089240e+03 
       3.028656773051e-03       6.071068857396e+03 
       3.063726965623e-03       6.127352579138e+03 
       3.099203251887e-03       6.184005640988e+03 
       3.135090334184e-03       6.241026842091e+03 
       3.171392969309e-03       6.298414517995e+03 
       3.208115969138e-03       6.356167176031e+03 
       3.245264201263e-03       6.414283020828e+03 
       3.282842589642e-03       6.472760379772e+03 
       3.320856115252e-03       6.531597316954e+03 
       3.359309816742e-03       6.590792157612e+03 
       3.398208791110e-03       6.650341397448e+03 
       3.437558194372e-03       6.710244016316e+03 
       3.477363242249e-03       6.770497343594e+03 
       3.517629210858e-03       6.831098249377e+03 
       3.558361437409e-03       6.892044744707e+03 
       3.599565320913e-03       6.953333756790e+03 
       3.641246322902e-03       7.014962366687e+03 
       3.683409968147e-03       7.076927305008e+03 
       3.726061845394e-03       7.139225038331e+03 
       3.769207608102e-03       7.201852594203e+03 
       3.812852975196e-03       7.264806110476e+03 
       3.857003731822e-03       7.328082252707e+03 
       3.901665730115e-03       7.391677561428e+03 
       3.946844889974e-03       7.455586496330e+03 
       3.992547199849e-03       7.519806441773e+03 
       4.038778717530e-03       7.584331913886e+03 
       4.085545570955e-03       7.649159306221e+03 
       4.132853959021e-03       7.714284046680e+03 
       4.180710152402e-03       7.779700977934e+03 
       4.229120494386e-03       7.845404944413e+03 
       4.278091401710e-03       7.911390697483e+03 
       4.327629365416e-03       7.977653748696e+03 
       4.377740951707e-03       8.044187814367e+03 
       4.428432802819e-03       8.110987936682e+03 
       4.479711637902e-03       8.178047127783e+03 
       4.531584253911e-03       8.245360294355e+03 
       4.584057526504e-03       8.312920784742e+03 
       4.637138410957e-03       8.380721969840e+03 
       4.690833943083e-03       8.448758353327e+03 
       4.745151240168e-03       8.517022609706e+03 
       4.800097501910e-03       8.585507134792e+03 
       4.855680011376e-03       8.654204496480e+03 
       4.911906135968e-03       8.723108206138e+03 
       4.968783328399e-03       8.792210634963e+03 
       5.026319127677e-03       8.861503479018e+03 
       5.084521160112e-03       8.930979480125e+03 
       5.143397140319e-03       9.000628431461e+03 
       5.202954872246e-03       9.070444144975e+03 
       5.263202250205e-03       9.140415535852e+03 
       5.324147259922e-03       9.210535708996e+03 
       5.385797979591e-03       9.280794449872e+03 
       5.448162580949e-03       9.351194839101e+03 
       5.511249330356e-03       9.421703662097e+03 
       5.575066589891e-03       9.492323681374e+03 
       5.639622818465e-03       9.563043731083e+03 
       5.704926572934e-03       9.633850413962e+03 
       5.770986509242e-03       9.704742984175e+03 
       5.837811383560e-03       9.775700813989e+03 
       5.905410053454e-03       9.846716192918e+03 
       5.973791479054e-03       9.917776109144e+03 
       6.042964724244e-03       9.988872579734e+03 
       6.112938957862e-03       1.006000741475e+04 
       6.183723454918e-03       1.013114447802e+04 
       6.255327597821e-03       1.020227526864e+04 
       6.327760877620e-03       1.027339972422e+04 
       6.401032895270e-03       1.034446680578e+04 
       6.475153362897e-03       1.041549268091e+04 
       6.550132105089e-03       1.048646778985e+04 
       6.625979060196e-03       1.055741650991e+04 
       6.702704281650e-03       1.062826951251e+04 
       6.780317939297e-03       1.069901948885e+04 
       6.858830320743e-03       1.076965992486e+04 
       6.938251832718e-03       1.084017365455e+04 
       7.018593002459e-03       1.091054425257e+04 
       7.099864479100e-03       1.098073795616e+04 
       7.182077035087e-03       1.105073724735e+04 
       7.265241567606e-03       1.112059814530e+04 
       7.349369100025e-03       1.119025683161e+04 
       7.434470783358e-03       1.125969879374e+04 
       7.520557897740e-03       1.132890615503e+04 
       7.607641853926e-03       1.139786168654e+04 
       7.695734194799e-03       1.146654903112e+04 
       7.784846596904e-03       1.153494785743e+04 
       7.874990871994e-03       1.160303853333e+04 
       7.966178968593e-03       1.167080338463e+04 
       8.058422973586e-03       1.173822990552e+04 
       8.151735113816e-03       1.180529441277e+04 
       8.246127757705e-03       1.187197980539e+04 
       8.341613416896e-03       1.193826222011e+04 
       8.438204747911e-03       1.200413119245e+04 
       8.535914553825e-03       1.206955963178e+04 
       8.634755785968e-03       1.213453022714e+04 
       8.734741545637e-03       1.219902046081e+04 
       8.835885085836e-03       1.226300270335e+04 
       8.938199813034e-03       1.232646778393e+04 
       9.041699288934e-03       1.238939154353e+04 
       9.146397232282e-03       1.245175185051e+04 
       9.252307520676e-03       1.251352572606e+04 
       9.359444192411e-03       1.257469123590e+04 
       9.467821448335e-03       1.263522442030e+04 
       9.577453653737e-03       1.269509820497e+04 
       9.688355340246e-03       1.275429988579e+04 
       9.800541207762e-03       1.281280531155e+04 
       9.914026126400e-03       1.287057356531e+04 
       1.002882513846e-02       1.292760189120e+04 
       1.014495346043e-02       1.298384638081e+04 
       1.026242648500e-02       1.303929650520e+04 
       1.038125978308e-02       1.309393222811e+04 
       1.050146910589e-02       1.314771803593e+04 
       1.062307038707e-02       1.320062521975e+04 
       1.074607974471e-02       1.325263253943e+04 
       1.087051348359e-02       1.330372715226e+04 
       1.099638809726e-02       1.335384322386e+04 
       1.112372027025e-02       1.340301982483e+04 
       1.125252688032e-02       1.345117437726e+04 
       1.138282500064e-02       1.349831115725e+04 
       1.151463190208e-02       1.354437230811e+04 
       1.164796505551e-02       1.358935402520e+04 
       1.178284213410e-02       1.363324434087e+04 
       1.191928101564e-02       1.367598203612e+04 
       1.205729978497e-02       1.371754972745e+04 
       1.219691673633e-02       1.375792420930e+04 
       1.233815037579e-02       1.379709171934e+04 
       1.248101942372e-02       1.383499277264e+04 
       1.262554281725e-02       1.387163696831e+04 
       1.277173971281e-02       1.390697019713e+04 
       1.291962948863e-02       1.394096343424e+04 
       1.306923174735e-02       1.397359633722e+04 
       1.322056631858e-02       1.400484661339e+04 
       1.337365326156e-02       1.403468234471e+04 
       1.352851286779e-02       1.406307390598e+04 
       1.368516566375e-02       1.408998521048e+04 
       1.384363241359e-02       1.411539707414e+04 
       1.400393412192e-02       1.413928997040e+04 
       1.416609203654e-02       1.416161143988e+04 
       1.433012765133e-02       1.418235654920e+04 
       1.449606270901e-02       1.420148472943e+04 
       1.466391920411e-02       1.421899454386e+04 
       1.483371938583e-02       1.423482619582e+04 
       1.500548576099e-02       1.424895229657e+04 
       1.517924109706e-02       1.426136531327e+04 
       1.535500842511e-02       1.427205361232e+04 
       1.553281104294e-02       1.428094623968e+04 
       1.571267251810e-02       1.428805979101e+04 
       1.589461669106e-02       1.429336401920e+04 
       1.607866767837e-02       1.429680407321e+04 
       1.626484987584e-02       1.429838802167e+04 
       1.645318796179e-02       1.429806896686e+04 
       1.664370690034e-02       1.429583541545e+04 
       1.683643194473e-02       1.429168226185e+04 
       1.703138864067e-02       1.428556796917e+04 
       1.722860282978e-02       1.427746910944e+04 
       1.742810065300e-02       1.426739363283e+04 
       1.762990855417e-02       1.425529091630e+04 
       1.783405328352e-02       1.424114816402e+04 
       1.804056190135e-02       1.422497396514e+04 
       1.824946178172e-02       1.420672497517e+04 
       1.846078061619e-02       1.418639153761e+04 
       1.867454641771e-02       1.416396848997e+04 
       1.889078752457e-02       1.413946499659e+04 
       1.910953260447e-02       1.411281206106e+04 
       1.933081065875e-02       1.408406792106e+04 
       1.955465102676e-02       1.405316053783e+04 
       1.978108339045e-02       1.402013445507e+04 
       2.001013777918e-02       1.398495037813e+04 
       2.024184457483e-02       1.394761906036e+04 
       2.047623451721e-02       1.390814116635e+04 
       2.071333870998e-02       1.386650129807e+04 
       2.095318862695e-02       1.382272240934e+04 
       2.119581611906e-02       1.377680130797e+04 
       2.144125342208e-02       1.372871123122e+04 
       2.168953316511e-02       1.367850852118e+04 
       2.194068838021e-02       1.362618911789e+04 
       2.219475251315e-02       1.357176004780e+04 
       2.245175943571e-02       1.351520262428e+04 
       2.271174345965e-02       1.345657414098e+04 
       2.297473935270e-02       1.339587641778e+04 
       2.324078235698e-02       1.333309671589e+04 
       2.350990821011e-02       1.326834114238e+04 
       2.378215316960e-02       1.320146300438e+04 
       2.405755404090e-02       1.313272070540e+04 
       2.433614820983e-02       1.306198872023e+04 
       2.461797367978e-02       1.298942259762e+04 
       2.490306911463e-02       1.291492584448e+04 
       2.519147388798e-02       1.283863627021e+04 
       2.548322813957e-02       1.276052865871e+04 
       2.577837283980e-02       1.268060809523e+04 
       2.607694986331e-02       1.259880117929e+04 
       2.637900207269e-02       1.251552778700e+04 
       2.668457341339e-02       1.243052598855e+04 
       2.699370902105e-02       1.234410709144e+04 
       2.730645534250e-02       1.225604344163e+04 
       2.762286027166e-02       1.216657209945e+04 
       2.794297330182e-02       1.207567737632e+04 
       2.826684569557e-02       1.198347514759e+04 
       2.859453067393e-02       1.188987410240e+04 
       2.892608362617e-02       1.179519093174e+04 
       2.926156234165e-02       1.169931791849e+04 
       2.960102726547e-02       1.160229723475e+04 
       2.994454177932e-02       1.150437957875e+04 
       3.029217250910e-02       1.140554352483e+04 
       3.064398966094e-02       1.130569939119e+04 
       3.100006738714e-02       1.120503242267e+04 
       3.136048418373e-02       1.110352815567e+04 
       3.172532332109e-02       1.100162882966e+04 
       3.209467330950e-02       1.089910719684e+04 
       3.246862840113e-02       1.079592721948e+04 
       3.284728913031e-02       1.069243049419e+04 
       3.323076289380e-02       1.058856240218e+04 
       3.361916457325e-02       1.048435671788e+04 
       3.401261720155e-02       1.038019349981e+04 
       3.441125267569e-02       1.027586871826e+04 
       3.481521251834e-02       1.017144340105e+04 
       3.522464869104e-02       1.006705166193e+04 
       3.563972446199e-02       9.962396165001e+03 
       3.606061533180e-02       9.858403073098e+03 
       3.648751002123e-02       9.754623685674e+03 
       3.692061152500e-02       9.650830181148e+03 
       3.736013823680e-02       9.547799796221e+03 
       3.780632515093e-02       9.444907068358e+03 
       3.825942514676e-02       9.342792393415e+03 
       3.871971036316e-02       9.241233127243e+03 
       3.918747367055e-02       9.140152188635e+03 
       3.966303024963e-02       9.039912360341e+03 
       4.014671928650e-02       8.940500392368e+03 
       4.063890579507e-02       8.841899390897e+03 
       4.113998257902e-02       8.744256692638e+03 
       4.165037234666e-02       8.647242733083e+03 
       4.217052999353e-02       8.551376425221e+03 
       4.270094506891e-02       8.456542466447e+03 
       4.324214444407e-02       8.362658410580e+03 
       4.379469520140e-02       8.269865650097e+03 
       4.435920776563e-02       8.178323537509e+03 
       4.493633929939e-02       8.087834160317e+03 
       4.552679738735e-02       7.998618144513e+03 
       4.613134403471e-02       7.910448437172e+03 
       4.675080000684e-02       7.823570827505e+03 
       4.738604953835e-02       7.737882446720e+03 
       4.803804544044e-02       7.653340969720e+03 
       4.870781463570e-02       7.569876730926e+03 
       4.939646414888e-02       7.487576364752e+03 
       5.010518758088e-02       7.406220773488e+03 
       5.083527209013e-02       7.325918401086e+03 
       5.158810590099e-02       7.246387894472e+03 
       5.236518635207e-02       7.167522185197e+03 
       5.316812848729e-02       7.089460639946e+03 
       5.399867417920e-02       7.011792284854e+03 
       5.485870175591e-02       6.934235882228e+03 
       5.575023607919e-02       6.856270046658e+03 
       5.667545899095e-02       6.777859838746e+03 
       5.763672000631e-02       6.698546677277e+03 
       5.863654708383e-02       6.617958611796e+03 
       5.967765724450e-02       6.535217879974e+03 
       6.076296674139e-02       6.449832790498e+03 
       6.189560039973e-02       6.361090241521e+03 
       6.307889965438e-02       6.268058150059e+03 
       6.431642871001e-02       6.170112386916e+03 
       6.561197814258e-02       6.065983031724e+03 
       6.696956515762e-02       5.954798916385e+03 
       6.839342963098e-02       5.835478939281e+03 
       6.988802499763e-02       5.707151207602e+03 
       7.145800304366e-02       5.568870967964e+03 
       7.310819172022e-02       5.419986607260e+03 
       7.484356526299e-02       5.260170844107e+03 
       7.666920619243e-02       5.089580864599e+03 
       7.859025920926e-02       4.908578562599e+03 
       8.061187759145e-02       4.718717409616e+03 
       8.273916342848e-02       4.521818454412e+03 
       8.497710384845e-02       4.320512534599e+03 
       8.733050622455e-02       4.118515911596e+03 
       8.980393607487e-02       3.919345889069e+03 
       9.240166186209e-02       3.727327731002e+03 
       9.512761102522e-02       3.546323974091e+03 
       9.798534123843e-02       3.379947261620e+03 
       1.009780300576e-01       3.230607679519e+03 
       1.041084848373e-01       3.099293970888e+03 
       1.073791732214e-01       2.985182267327e+03 
       1.107922728392e-01       2.885529426397e+03 
       1.143497373127e-01       2.795809712820e+03 
       1.180533745089e-01       2.709929796901e+03 
       1.219049322929e-01       2.621287663718e+03 
       1.259061869028e-01       2.523757831666e+03 
       1.300590294119e-01       2.413423971488e+03 
       1.343655464545e-01       2.289217265826e+03 
       1.388280923025e-01       2.154089189741e+03 
       1.434493503255e-01       2.014085879477e+03 
       1.482323827284e-01       1.877250779375e+03 
       1.531806681372e-01       1.751469411902e+03 
       1.582981270611e-01       1.642636063087e+03 
       1.635891354891e-01       1.553046385647e+03 
       1.690585269073e-01       1.480853706486e+03 
       1.747115828797e-01       1.420551462552e+03 
       1.805540120728e-01       1.364210169820e+03 
       1.865919172535e-01       1.304775556491e+03 
       1.928317494008e-01       1.237151124617e+03 
       1.992802476773e-01       1.161156189858e+03 
       2.059443636425e-01       1.081548903415e+03 
       2.128311678065e-01       1.005649972842e+03 
       2.199477364524e-01       9.393336904173e+02 
       2.273010166783e-01       8.843069533740e+02 
       2.348976678661e-01       8.388299632018e+02 
       2.427438783814e-01       7.980698078089e+02 
       2.508451573044e-01       7.565886930658e+02 
       2.592061024763e-01       7.114927347054e+02 
       2.678301481651e-01       6.643162269569e+02 
       2.767192982047e-01       6.189083673592e+02 
       2.858738534670e-01       5.788894452566e+02 
       2.952921457853e-01       5.451224112954e+02 
       3.049702936289e-01       5.150886687433e+02 
       3.149019974545e-01       4.857829147835e+02 
       3.250783941465e-01       4.559625007512e+02 
       3.354879896921e-01       4.265089317050e+02 
       3.461166867047e-01       3.994771984013e+02 
       3.569479183706e-01       3.756527720679e+02 
       3.679628929920e-01       3.542972085802e+02 
       3.791409442176e-01       3.340642724962e+02 
       3.904599723930e-01       3.144104231372e+02 
       4.018969536543e-01       2.958531219489e+02 
       4.134284868390e-01       2.788516495109e+02 
       4.250313450737e-01       2.634713518390e+02 
       4.366829995073e-01       2.493148401335e+02 
       4.483620868531e-01       2.360812286265e+02 
       4.600487993317e-01       2.236034101617e+02 
       4.717251840230e-01       2.119992421820e+02 
       4.833753472037e-01       2.013251379549e+02 
       4.949855668486e-01       1.915301924202e+02 
       5.065443223467e-01       1.824373940089e+02 
       5.180422543136e-01       1.739110343914e+02 
       5.294720692171e-01       1.659485835028e+02 
       5.408284036930e-01       1.585381882849e+02 
       5.521076623591e-01       1.516717261062e+02 
       5.633078410891e-01       1.452576138470e+02 
       5.744283455082e-01       1.392621140987e+02 
       5.854698122131e-01       1.336281379298e+02 
       5.964339381284e-01       1.283413733852e+02 
       6.073233215935e-01       1.233790527885e+02 
       6.181413172885e-01       1.187135488647e+02 
       6.288919059563e-01       1.143292700540e+02 
       6.395795790174e-01       1.101830600711e+02 
       6.502092375810e-01       1.062674759975e+02 
       6.607861049615e-01       1.025568271184e+02 
       6.713156515842e-01       9.904201822614e+01 
       6.818035310505e-01       9.571048434160e+01 
       6.922555261135e-01       9.254090638927e+01 
       7.026775033467e-01       8.952994329718e+01 
       7.130753753607e-01       8.665565512968e+01 
       7.234550695157e-01       8.391515936883e+01 
       7.338225021801e-01       8.129796463741e+01 
       7.441835576920e-01       7.879295596351e+01 
       7.545440712811e-01       7.639874064205e+01 
       7.649098153055e-01       7.410001755888e+01 
       7.752864882491e-01       7.189684919477e+01 
       7.856797060008e-01       6.977999006675e+01 
       7.960949950151e-01       6.774374727806e+01 
       8.065377870090e-01       6.578700389783e+01 
       8.170134149139e-01       6.389962051074e+01 
       8.275271098429e-01       6.208302193368e+01 
       8.380839988795e-01       6.032914521245e+01 
       8.486891035273e-01       5.863615861504e+01 
       8.593473386934e-01       5.700184530123e+01 
       8.700635121028e-01       5.542005129159e+01 
       8.808423240634e-01       5.389250018224e+01 
       8.916883675204e-01       5.241203057129e+01 
       9.026061283552e-01       5.097993753324e+01 
       9.135999858964e-01       4.959186431333e+01 
       9.246742136193e-01       4.824615094140e+01 
       9.358329800233e-01       4.694219613412e+01 
       9.470803496780e-01       4.567563930037e+01 
       9.584202844387e-01       4.444814448266e+01 
       9.698566448312e-01       4.325483329174e+01 
       9.813931916129e-01       4.209719236758e+01 
       9.930335875136e-01       4.097077685059e+01 
       1.004781399163e+00       3.987666207142e+01 
       1.016640099213e+00       3.881314300748e+01 
       1.028613068651e+00       3.777944687316e+01 
       1.040703599316e+00       3.677391829940e+01 
       1.052914896617e+00       3.579572697118e+01 
       1.065250082439e+00       3.484413302624e+01 
       1.077712198248e+00       3.391788684193e+01 
       1.090304208376e+00       3.301671092425e+01 
       1.103029003481e+00       3.213920929488e+01 
       1.115889404160e+00       3.128530436896e+01 
       1.128888164709e+00       3.045374104768e+01 
       1.142027977007e+00       2.964433712580e+01 
       1.155311474501e+00       2.885615724859e+01 
       1.168741236270e+00       2.808858469465e+01 
       1.182319791151e+00       2.734131598176e+01 
       1.196049621897e+00       2.661323904193e+01 
       1.209933169342e+00       2.590454634951e+01 
       1.223972836560e+00       2.521385042717e+01 
       1.238170992971e+00       2.454186589778e+01 
       1.252529978407e+00       2.388655034993e+01 
       1.267052107078e+00       2.324882605076e+01 
       1.281739671452e+00       2.262730858035e+01 
       1.296594946011e+00       2.202206689747e+01 
       1.311620190875e+00       2.143257173298e+01 
       1.326817655287e+00       2.085808137448e+01 
       1.342189580931e+00       2.029901177886e+01 
       1.357738205100e+00       1.975413796169e+01 
       1.373465763686e+00       1.922351639567e+01 
       1.389374494000e+00       1.870697796444e+01 
       1.405466637419e+00       1.820352134044e+01 
       1.421744441860e+00       1.771355226151e+01 
       1.438210164079e+00       1.723640615166e+01 
       1.454866071814e+00       1.677141534116e+01 
       1.471714445758e+00       1.631906493567e+01 
       1.488757581377e+00       1.587810067735e+01 
       1.505997790594e+00       1.544865211952e+01 
       1.523437403320e+00       1.503062007864e+01 
       1.541078768863e+00       1.462349719239e+01 
       1.558924257222e+00       1.422693991973e+01 
       1.576976260260e+00       1.384098509293e+01 
       1.595237192783e+00       1.346531057129e+01 
       1.613709493528e+00       1.309931442866e+01 
       1.632395626064e+00       1.274329330814e+01 
       1.651298079621e+00       1.239648329004e+01 
       1.670419369855e+00       1.205889867808e+01 
       1.689762039552e+00       1.173013254362e+01 
       1.709328659283e+00       1.141005094982e+01 
       1.729121828014e+00       1.109836882337e+01 
       1.749144173679e+00       1.079515411990e+01 
       1.769398353719e+00       1.049993434362e+01 
       1.789887055598e+00       1.021245080616e+01 
       1.810612997287e+00       9.932639230665e+00 
       1.831578927739e+00       9.660390248938e+00 
       1.852787627346e+00       9.395390293345e+00 
       1.874241908375e+00       9.137476731628e+00 
       1.895944615410e+00       8.885934523945e+00 
       1.917898625775e+00       8.641604040313e+00 
       1.940106849953e+00       8.403865909673e+00 
       1.962572232007e+00       8.172349843376e+00 
       1.985297749996e+00       7.947158517884e+00 
       2.008286416388e+00       7.728003518415e+00 
       2.031541278476e+00       7.514728943550e+00 
       2.055065418795e+00       7.307191983353e+00 
       2.078861955541e+00       7.105234609809e+00 
       2.102934042992e+00       6.908720169183e+00 
       2.127284871929e+00       6.717510425893e+00 
       2.151917670068e+00       6.531447023471e+00 
       2.176835702488e+00       6.350409649303e+00 
       2.202042272070e+00       6.174632411167e+00 
       2.227540719931e+00       6.003229271608e+00 
       2.253334425874e+00       5.836462188615e+00 
       2.279426808836e+00       5.674273256852e+00 
       2.305821327339e+00       5.516453504591e+00 
       2.332521479952e+00       5.362894316621e+00 
       2.359530805754e+00       5.213515036342e+00 
       2.386852884804e+00       5.068242820713e+00 
       2.414491338615e+00       4.926897550846e+00 
       2.442449830636e+00       4.789370075138e+00 
       2.470732066735e+00       4.655645706696e+00 
       2.499341795692e+00       4.525549018898e+00 
       2.528282809696e+00       4.399006620744e+00 
       2.557558944848e+00       4.275917661856e+00 
       2.587174081668e+00       4.156185130773e+00 
       2.617132145609e+00       4.039723393939e+00 
       2.647437107581e+00       3.926519048967e+00 
       2.678092984475e+00       3.816321245086e+00 
       2.709103839692e+00       3.709205252596e+00 
       2.740473783690e+00       3.605007892079e+00 
       2.772206974518e+00       3.503666282559e+00 
       2.804307618379e+00       3.405132336979e+00 
       2.836779970176e+00       3.309311212117e+00 
       2.869628334086e+00       3.216105113170e+00 
       2.902857064124e+00       3.125472627075e+00 
       2.936470564721e+00       3.037438950024e+00 
       2.970473291311e+00       2.951665338167e+00 
       3.004869750918e+00       2.868336624674e+00 
       3.039664502755e+00       2.787334455225e+00 
       3.074862158830e+00       2.708545229428e+00 
       3.110467384554e+00       2.631777170979e+00 
       3.146484899360e+00       2.557279268707e+00 
       3.182919477332e+00       2.484865488959e+00 
       3.219775947833e+00       2.414474509332e+00 
       3.257059196148e+00       2.346040254921e+00 
       3.294774164131e+00       2.279507518199e+00 
       3.332925850862e+00       2.214800742440e+00 
       3.371519313303e+00       2.152078523778e+00 
       3.410559666978e+00       2.090926140182e+00 
       3.450052086643e+00       2.031492559429e+00 
       3.490001806974e+00       1.973704167075e+00 
       3.530414123265e+00       1.917530326231e+00 
       3.571294392124e+00       1.862856248716e+00 
       3.612648032186e+00       1.809786032360e+00 
       3.654480524832e+00       1.758211242057e+00 
       3.696797414913e+00       1.708089262321e+00 
       3.739604311487e+00       1.659219804457e+00 
       3.782906888562e+00       1.611846173680e+00 
       3.826710885847e+00       1.565922786154e+00 
       3.871022109516e+00       1.521160673187e+00 
       3.915846432972e+00       1.477634558382e+00 
       3.961189797632e+00       1.435343087175e+00 
       4.007058213708e+00       1.394197813464e+00 
       4.053457761010e+00       1.354250739915e+00 
       4.100394589748e+00       1.315440529703e+00 
       4.147874921348e+00       1.277715058603e+00 
       4.195905049275e+00       1.241122363536e+00 
       4.244491339872e+00       1.205500466709e+00 
       4.293640233199e+00       1.170877354982e+00 
       4.343358243888e+00       1.137221461566e+00 
       4.393651962007e+00       1.104465048183e+00 
       4.444528053935e+00       1.072767768366e+00 
       4.495993263243e+00       1.041881156744e+00 
       4.548054411587e+00       1.011862692825e+00 
       4.600718399618e+00       9.827313270802e-01 
       4.653992207889e+00       9.543774468194e-01 
       4.707882897786e+00       9.268604477504e-01 
       4.762397612462e+00       9.001268787824e-01 
       4.817543577783e+00       8.741406587476e-01 
       4.873328103287e+00       8.489133681337e-01 
       4.929758583152e+00       8.243858482223e-01 
       4.986842497178e+00       8.005403226373e-01 
       5.044587411776e+00       7.774102730376e-01 
       5.103000980970e+00       7.549009739264e-01 
       5.162090947418e+00       7.330552331965e-01 
       5.221865143429e+00       7.118233761496e-01 
       5.282331492008e+00       6.911959503739e-01 
       5.343498007906e+00       6.711428433875e-01 
       5.405372798676e+00       6.516949439022e-01 
       5.467964065756e+00       6.327774899883e-01 
       5.531280105550e+00       6.144113187451e-01 
       5.595329310531e+00       5.965656718859e-01 
       5.660120170352e+00       5.792324351772e-01 
       5.725661272970e+00       5.623921618173e-01 
       5.791961305788e+00       5.460379292042e-01 
       5.859029056803e+00       5.301540181239e-01 
       5.926873415774e+00       5.147224694982e-01 
       5.995503375396e+00       4.997318511923e-01 
       6.064928032496e+00       4.851770227620e-01 
       6.135156589238e+00       4.710358717596e-01 
       6.206198354341e+00       4.572808485455e-01 
       6.278062744313e+00       4.439389480406e-01 
       6.350759284701e+00       4.309847561003e-01 
       6.424297611354e+00       4.184047482087e-01 
       6.498687471697e+00       4.061828981981e-01 
       6.573938726025e+00       3.943142942554e-01 
       6.650061348810e+00       3.827861996316e-01 
       6.727065430024e+00       3.715901380276e-01 
       6.804961176474e+00       3.607174764084e-01 
       6.883758913158e+00       3.501621952057e-01 
       6.963469084629e+00       3.399093570646e-01 
       7.044102256384e+00       3.299485853779e-01 
       7.125669116264e+00       3.202782311246e-01 
       7.208180475867e+00       3.108861883314e-01 
       7.291647271985e+00       3.017639588807e-01 
       7.376080568050e+00       2.929102831049e-01 
       7.461491555605e+00       2.843139931900e-01 
       7.547891555784e+00       2.759620780618e-01 
       7.635292020813e+00       2.678554044083e-01 
       7.723704535529e+00       2.599878095273e-01 
       7.813140818915e+00       2.523369350596e-01 
       7.903612725653e+00       2.449230833810e-01 
       7.995132247698e+00       2.377156338414e-01 
       8.087711515862e+00       2.307087037096e-01 
       8.181362801427e+00       2.239143152940e-01 
       8.276098517770e+00       2.173177604046e-01 
       8.371931222007e+00       2.109130471839e-01 
       8.468873616659e+00       2.046969235641e-01 
       8.566938551336e+00       1.986517952489e-01 
       8.666139024439e+00       1.927871393828e-01 
       8.766488184882e+00       1.870952633512e-01 
       8.867999333839e+00       1.815766664947e-01 
       8.970685926502e+00       1.762124818612e-01 
       9.074561573868e+00       1.710042896624e-01 
       9.179640044541e+00       1.659510485631e-01 
       9.285935266559e+00       1.610431325245e-01 
       9.393461329239e+00       1.562754953790e-01 
       9.502232485043e+00       1.516500482725e-01 
       9.612263151470e+00       1.471600082184e-01 
       9.723567912967e+00       1.428035047101e-01 
       9.836161522858e+00       1.385747753357e-01 
       9.950058905305e+00       1.344627634168e-01 
       1.006527515728e+01       1.304782063743e-01 
       1.018182555058e+01       1.266041911974e-01 
       1.029972553382e+01       1.228513667579e-01 
       1.041899073453e+01       1.192007187452e-01 
       1.053963696118e+01       1.156647755072e-01 
       1.066168020529e+01       1.122262153515e-01 
       1.078513664356e+01       1.088950957577e-01 
       1.091002264001e+01       1.056575539212e-01 
       1.103635474814e+01       1.025124752075e-01 
       1.116414971314e+01       9.946227956270e-02 
       1.129342447410e+01       9.650254493799e-02 
       1.142419616623e+01       9.362974506074e-02 
       1.155648212320e+01       9.084163635699e-02 
       1.169029987935e+01       8.813622779028e-02 
       1.182566717208e+01       8.550946446575e-02 
       1.196260194420e+01       8.296003033234e-02 
       1.210112234624e+01       8.048636581200e-02 
       1.224124673894e+01       7.808536732742e-02 
       1.238299369564e+01       7.575591678609e-02 
       1.252638200474e+01       7.349496245203e-02 
       1.267143067220e+01       7.130048233694e-02 
       1.281815892408e+01       6.917139318047e-02 
       1.296658620904e+01       6.710632117015e-02 
       1.311673220095e+01       6.509840625721e-02 
       1.326861680151e+01       6.315277955632e-02 
       1.342226014286e+01       6.126410114543e-02 
       1.357768259025e+01       5.943231834273e-02 
       1.373490474475e+01       5.765080338448e-02 
       1.389394744601e+01       5.592566570290e-02 
       1.405483177495e+01       5.425052555581e-02 
       1.421757905662e+01       5.262550709348e-02 
       1.438221086299e+01       5.104930512650e-02 
       1.454874901584e+01       4.951917011434e-02 
       1.471721558960e+01       4.803403528373e-02 
       1.488763291436e+01       4.659272616994e-02 
       1.506002357873e+01       4.519483471157e-02 
       1.523441043291e+01       4.383849753825e-02 
       1.541081659169e+01       4.252196100831e-02 
       1.558926543753e+01       4.124547763126e-02 
       1.576978062360e+01       4.000653717350e-02 
       1.595238607702e+01       3.880370422190e-02 
       1.613710600194e+01       3.763854201979e-02 
       1.632396488278e+01       3.650641334234e-02 
       1.651298748748e+01       3.540756683160e-02 
       1.670419887078e+01       3.434173410724e-02 
       1.689762437755e+01       3.330918358515e-02 
       1.709328964614e+01       3.230686019665e-02 
       1.729122061174e+01       3.133385693668e-02 
       1.749144350992e+01       3.038935685349e-02 
       1.769398487998e+01       2.947320104702e-02 
       1.789887156857e+01       2.858507790392e-02 
       1.810613073320e+01       2.772293739721e-02 
       1.831578984585e+01       2.688751853761e-02 
       1.852787669661e+01       2.607526812826e-02 
       1.874241939735e+01       2.528840639932e-02 
       1.895944638548e+01       2.452510866788e-02 
       1.917898642769e+01       2.378439544912e-02 
       1.940106862378e+01       2.306629099047e-02 
       1.962572241051e+01       2.236957723435e-02 
       1.985297756548e+01       2.169384858316e-02 
       2.008286421112e+01       2.103739930153e-02 
       2.031541281866e+01       2.040173820557e-02 
       2.055065421216e+01       1.978462785953e-02 
       2.078861957262e+01       1.918523646562e-02 
       2.102934044209e+01       1.860513745509e-02 
       2.127284872786e+01       1.804077581090e-02 
       2.151917670668e+01       1.749493035079e-02 
       2.176835702906e+01       1.696501472192e-02 
       2.202042272359e+01       1.645102776211e-02 
       2.227540720131e+01       1.595272929885e-02 
       2.253334426011e+01       1.546898183469e-02 
       2.279426808930e+01       1.499986693683e-02 
       2.305821327402e+01       1.454482356784e-02 
       2.332521479995e+01       1.410339455890e-02 
       2.359530805782e+01       1.367510342828e-02 
       2.386852884823e+01       1.325994021074e-02 
       2.414491338628e+01       1.285733901969e-02 
       2.442449830644e+01       1.246694694625e-02 
       2.470732066740e+01       1.208774485035e-02 
       2.499341795696e+01       1.172003922246e-02 
       2.528282809699e+01       1.136418911301e-02 
       2.557558944850e+01       1.101824581333e-02 
       2.587174081669e+01       1.068319563051e-02 
       2.617132145610e+01       1.035808310518e-02 
       2.647437107582e+01       1.004278409591e-02 
       2.678092984475e+01       9.737089154818e-03 
       2.709103839693e+01       9.440583553299e-03 
       2.740473783690e+01       9.153132742004e-03 
       2.772206974518e+01       8.874288964316e-03 
       2.804307618379e+01       8.603796658453e-03 
       2.836779970176e+01       8.341188120040e-03 
       2.869628334086e+01       8.087084550879e-03 
       2.902857064124e+01       7.840424898022e-03 
       2.936470564721e+01       7.600984834221e-03 
       2.970473291311e+01       7.369127532709e-03 
       3.004869750918e+01       7.144218789001e-03 
