# Matter power spectrum P(k) at redshift z=0
# for k=1.04393e-05 to 30.2168 h/Mpc,
# number of wavenumbers equal to 1161
#    1:k (h/Mpc)              2:P (Mpc/h)^3        
       1.043933722171e-05       4.639291182098e+01 
       1.056021904957e-05       4.691237790512e+01 
       1.068250062303e-05       4.743766242603e+01 
       1.080619815038e-05       4.796883102902e+01 
       1.093132802758e-05       4.850594945657e+01 
       1.105790684048e-05       4.904910137014e+01 
       1.118595136695e-05       4.959832051770e+01 
       1.131547857915e-05       5.015369197493e+01 
       1.144650564579e-05       5.071528465922e+01 
       1.157904993435e-05       5.128316840898e+01 
       1.171312901344e-05       5.185741372853e+01 
       1.184876065509e-05       5.243809188822e+01 
       1.198596283713e-05       5.302524775013e+01 
       1.212475374557e-05       5.361900737681e+01 
       1.226515177698e-05       5.421943135845e+01 
       1.240717554097e-05       5.482657063459e+01 
       1.255084386264e-05       5.544051182581e+01 
       1.269617578507e-05       5.606135584606e+01 
       1.284319057185e-05       5.668912827667e+01 
       1.299190770963e-05       5.732390629550e+01 
       1.314234691070e-05       5.796583463217e+01 
       1.329452811562e-05       5.861497269350e+01 
       1.344847149584e-05       5.927136500739e+01 
       1.360419745639e-05       5.993506896241e+01 
       1.376172663858e-05       6.060628001305e+01 
       1.392107992273e-05       6.128497934588e+01 
       1.408227843094e-05       6.197129212237e+01 
       1.424534352991e-05       6.266525405073e+01 
       1.441029683373e-05       6.336704293675e+01 
       1.457716020679e-05       6.407668927957e+01 
       1.474595576664e-05       6.479427809117e+01 
       1.491670588696e-05       6.551990727097e+01 
       1.508943320049e-05       6.625366983094e+01 
       1.526416060204e-05       6.699566244057e+01 
       1.544091125155e-05       6.774596226330e+01 
       1.561970857712e-05       6.850467730116e+01 
       1.580057627814e-05       6.927186077495e+01 
       1.598353832843e-05       7.004769034241e+01 
       1.616861897942e-05       7.083220517117e+01 
       1.635584276333e-05       7.162551793818e+01 
       1.654523449649e-05       7.242770316826e+01 
       1.673681928257e-05       7.323889427885e+01 
       1.693062251590e-05       7.405917397319e+01 
       1.712666988492e-05       7.488862455571e+01 
       1.732498737548e-05       7.572740005466e+01 
       1.752560127434e-05       7.657558137046e+01 
       1.772853817268e-05       7.743325204783e+01 
       1.793382496954e-05       7.830055438002e+01 
       1.814148887548e-05       7.917761575830e+01 
       1.835155741612e-05       8.006438298307e+01 
       1.856405843582e-05       8.096129970710e+01 
       1.877902010136e-05       8.186816156439e+01 
       1.899647090566e-05       8.278519300781e+01 
       1.921643967162e-05       8.371251005474e+01 
       1.943895555583e-05       8.465017238579e+01 
       1.966404805255e-05       8.559841401649e+01 
       1.989174699754e-05       8.655731233310e+01 
       2.012208257205e-05       8.752689092155e+01 
       2.035508530680e-05       8.850732436211e+01 
       2.059078608607e-05       8.949892892998e+01 
       2.082921615173e-05       9.050143450303e+01 
       2.107040710743e-05       9.151540991604e+01 
       2.131439092277e-05       9.254064887907e+01 
       2.156119993753e-05       9.357734572059e+01 
       2.181086686600e-05       9.462564943872e+01 
       2.206342480124e-05       9.568585097970e+01 
       2.231890721955e-05       9.675793210015e+01 
       2.257734798482e-05       9.784194276762e+01 
       2.283878135312e-05       9.893809378315e+01 
       2.310324197716e-05       1.000467031593e+02 
       2.337076491088e-05       1.011676006810e+02 
       2.364138561419e-05       1.023011586056e+02 
       2.391513995755e-05       1.034474898269e+02 
       2.419206422681e-05       1.046066929541e+02 
       2.447219512797e-05       1.057787880917e+02 
       2.475556979210e-05       1.069641319686e+02 
       2.504222578018e-05       1.081626768866e+02 
       2.533220108817e-05       1.093748414441e+02 
       2.562553415197e-05       1.106004861337e+02 
       2.592226385257e-05       1.118399725664e+02 
       2.622242952117e-05       1.130932977119e+02 
       2.652607094439e-05       1.143607347413e+02 
       2.683322836958e-05       1.156424175624e+02 
       2.714394251014e-05       1.169384711562e+02 
       2.745825455087e-05       1.182491119419e+02 
       2.777620615349e-05       1.195744674573e+02 
       2.809783946216e-05       1.209147179412e+02 
       2.842319710902e-05       1.222701060225e+02 
       2.875232221986e-05       1.236406499707e+02 
       2.908525841987e-05       1.250265956910e+02 
       2.942204983938e-05       1.264281181373e+02 
       2.976274111973e-05       1.278453937115e+02 
       3.010737741917e-05       1.292785591639e+02 
       3.045600441888e-05       1.307278381403e+02 
       3.080866832899e-05       1.321935323858e+02 
       3.116541589472e-05       1.336755460482e+02 
       3.152629440256e-05       1.351743062423e+02 
       3.189135168658e-05       1.366899222343e+02 
       3.226063613472e-05       1.382225854415e+02 
       3.263419669524e-05       1.397724892853e+02 
       3.301208288318e-05       1.413398297885e+02 
       3.339434478695e-05       1.429248084010e+02 
       3.378103307495e-05       1.445276171099e+02 
       3.417219900229e-05       1.461484651439e+02 
       3.456789441760e-05       1.477875561734e+02 
       3.496817176987e-05       1.494450977673e+02 
       3.537308411543e-05       1.511212999272e+02 
       3.578268512497e-05       1.528163744673e+02 
       3.619702909068e-05       1.545305362772e+02 
       3.661617093338e-05       1.562640075979e+02 
       3.704016620987e-05       1.580170360088e+02 
       3.746907112028e-05       1.597898314131e+02 
       3.790294251548e-05       1.615825437861e+02 
       3.834183790465e-05       1.633954621639e+02 
       3.878581546291e-05       1.652288026147e+02 
       3.923493403899e-05       1.670828185595e+02 
       3.968925316309e-05       1.689577395347e+02 
       4.014883305470e-05       1.708537880161e+02 
       4.061373463064e-05       1.727712253436e+02 
       4.108401951312e-05       1.747102968137e+02 
       4.155975003789e-05       1.766712309232e+02 
       4.204098926250e-05       1.786542931996e+02 
       4.252780097471e-05       1.806597349145e+02 
       4.302024970087e-05       1.826878021643e+02 
       4.351840071453e-05       1.847387660187e+02 
       4.402232004507e-05       1.868129039697e+02 
       4.453207448645e-05       1.889104607230e+02 
       4.504773160606e-05       1.910316955063e+02 
       4.556935975370e-05       1.931768895351e+02 
       4.609702807062e-05       1.953463443733e+02 
       4.663080649869e-05       1.975403129374e+02 
       4.717076578964e-05       1.997590705838e+02 
       4.771697751451e-05       2.020029269098e+02 
       4.826951407306e-05       2.042721507347e+02 
       4.882844870341e-05       2.065670379832e+02 
       4.939385549175e-05       2.088878909407e+02 
       4.996580938214e-05       2.112350139382e+02 
       5.054438618644e-05       2.136087020572e+02 
       5.112966259438e-05       2.160092577831e+02 
       5.172171618372e-05       2.184369999024e+02 
       5.232062543051e-05       2.208922572163e+02 
       5.292646971953e-05       2.233753202431e+02 
       5.353932935479e-05       2.258865294646e+02 
       5.415928557016e-05       2.284261898509e+02 
       5.478642054016e-05       2.309946516401e+02 
       5.542081739087e-05       2.335922697148e+02 
       5.606256021090e-05       2.362193328048e+02 
       5.671173406255e-05       2.388762263325e+02 
       5.736842499313e-05       2.415632704063e+02 
       5.803272004630e-05       2.442808213096e+02 
       5.870470727365e-05       2.470292503996e+02 
       5.938447574637e-05       2.498089037997e+02 
       6.007211556702e-05       2.526201782550e+02 
       6.076771788153e-05       2.554633381538e+02 
       6.147137489121e-05       2.583388862232e+02 
       6.218317986506e-05       2.612471166368e+02 
       6.290322715204e-05       2.641884752466e+02 
       6.363161219365e-05       2.671633080152e+02 
       6.436843153653e-05       2.701719980909e+02 
       6.511378284529e-05       2.732150048870e+02 
       6.586776491543e-05       2.762926698883e+02 
       6.663047768647e-05       2.794054117335e+02 
       6.740202225516e-05       2.825536452730e+02 
       6.818250088889e-05       2.857378268651e+02 
       6.897201703926e-05       2.889583167582e+02 
       6.977067535577e-05       2.922155945455e+02 
       7.057858169974e-05       2.955100695109e+02 
       7.139584315826e-05       2.988421914895e+02 
       7.222256805846e-05       3.022124069429e+02 
       7.305886598182e-05       3.056211709538e+02 
       7.390484777874e-05       3.090689230856e+02 
       7.476062558318e-05       3.125561352743e+02 
       7.562631282756e-05       3.160832834458e+02 
       7.650202425779e-05       3.196508431814e+02 
       7.738787594847e-05       3.232592806395e+02 
       7.828398531829e-05       3.269090954434e+02 
       7.919047114557e-05       3.306007907280e+02 
       8.010745358402e-05       3.343348341292e+02 
       8.103505417867e-05       3.381117598814e+02 
       8.197339588198e-05       3.419320724304e+02 
       8.292260307012e-05       3.457963036475e+02 
       8.388280155948e-05       3.497049654492e+02 
       8.485411862334e-05       3.536585850515e+02 
       8.583668300870e-05       3.576577175496e+02 
       8.683062495342e-05       3.617029056077e+02 
       8.783607620343e-05       3.657947026025e+02 
       8.885317003019e-05       3.699336694310e+02 
       8.988204124840e-05       3.741203806515e+02 
       9.092282623383e-05       3.783554093137e+02 
       9.197566294138e-05       3.826393384105e+02 
       9.304069092343e-05       3.869727599545e+02 
       9.411805134829e-05       3.913562749024e+02 
       9.520788701891e-05       3.957905010340e+02 
       9.631034239183e-05       4.002760365457e+02 
       9.742556359631e-05       4.048135116101e+02 
       9.855369845372e-05       4.094035634181e+02 
       9.969489649711e-05       4.140468216810e+02 
       1.008493089910e-04       4.187439399135e+02 
       1.020170889516e-04       4.234955876633e+02 
       1.031983911669e-04       4.283024128644e+02 
       1.043933722171e-04       4.331651016358e+02 
       1.056021904957e-04       4.380843305760e+02 
       1.068250062303e-04       4.430608071427e+02 
       1.080619815038e-04       4.480951906457e+02 
       1.093132802758e-04       4.531882370284e+02 
       1.105790684048e-04       4.583406475281e+02 
       1.118595136695e-04       4.635531692386e+02 
       1.131547857915e-04       4.688264945011e+02 
       1.144650564579e-04       4.741614323802e+02 
       1.157904993435e-04       4.795587018729e+02 
       1.171312901344e-04       4.850190989583e+02 
       1.184876065509e-04       4.905433473880e+02 
       1.198596283713e-04       4.961323165321e+02 
       1.212475374557e-04       5.017867213629e+02 
       1.226515177698e-04       5.075074296579e+02 
       1.240717554097e-04       5.132952564423e+02 
       1.255084386264e-04       5.191510007807e+02 
       1.269617578507e-04       5.250755287823e+02 
       1.284319057185e-04       5.310696938297e+02 
       1.299190770963e-04       5.371343192265e+02 
       1.314234691070e-04       5.432703241903e+02 
       1.329452811562e-04       5.494785660830e+02 
       1.344847149584e-04       5.557599436513e+02 
       1.360419745639e-04       5.621153619410e+02 
       1.376172663858e-04       5.685457655335e+02 
       1.392107992273e-04       5.750520467202e+02 
       1.408227843094e-04       5.816351699749e+02 
       1.424534352991e-04       5.882960976355e+02 
       1.441029683373e-04       5.950357478462e+02 
       1.457716020679e-04       6.018550936597e+02 
       1.474595576664e-04       6.087551689552e+02 
       1.491670588696e-04       6.157369627412e+02 
       1.508943320049e-04       6.228014628887e+02 
       1.526416060204e-04       6.299497013915e+02 
       1.544091125155e-04       6.371827286123e+02 
       1.561970857712e-04       6.445015646618e+02 
       1.580057627814e-04       6.519072801569e+02 
       1.598353832843e-04       6.594009345920e+02 
       1.616861897942e-04       6.669836173462e+02 
       1.635584276333e-04       6.746564264894e+02 
       1.654523449649e-04       6.824204566322e+02 
       1.673681928257e-04       6.902768329377e+02 
       1.693062251590e-04       6.982266668948e+02 
       1.712666988492e-04       7.062711211561e+02 
       1.732498737548e-04       7.144113306888e+02 
       1.752560127434e-04       7.226484844769e+02 
       1.772853817268e-04       7.309837332871e+02 
       1.793382496954e-04       7.394182690032e+02 
       1.814148887548e-04       7.479532945171e+02 
       1.835155741612e-04       7.565900150694e+02 
       1.856405843582e-04       7.653296607066e+02 
       1.877902010136e-04       7.741734644330e+02 
       1.899647090566e-04       7.831226499524e+02 
       1.921643967162e-04       7.921784980542e+02 
       1.943895555583e-04       8.013422586551e+02 
       1.966404805255e-04       8.106151940021e+02 
       1.989174699754e-04       8.199986291254e+02 
       2.012208257205e-04       8.294938233346e+02 
       2.035508530680e-04       8.391020990747e+02 
       2.059078608607e-04       8.488247511922e+02 
       2.082921615173e-04       8.586631221860e+02 
       2.107040710743e-04       8.686185472552e+02 
       2.131439092277e-04       8.786923493879e+02 
       2.156119993753e-04       8.888859024067e+02 
       2.181086686600e-04       8.992005443431e+02 
       2.206342480124e-04       9.096376433777e+02 
       2.231890721955e-04       9.201985937557e+02 
       2.257734798482e-04       9.308847479229e+02 
       2.283878135313e-04       9.416975641465e+02 
       2.310324197716e-04       9.526382896594e+02 
       2.337076491089e-04       9.637084541896e+02 
       2.364138561419e-04       9.749094148523e+02 
       2.391513995755e-04       9.862426041712e+02 
       2.419206422681e-04       9.977094274696e+02 
       2.447219512797e-04       1.009311270149e+03 
       2.475556979210e-04       1.021049602865e+03 
       2.504222578018e-04       1.032925840827e+03 
       2.533220108817e-04       1.044941389580e+03 
       2.562553415197e-04       1.057097702818e+03 
       2.592226385257e-04       1.069396176308e+03 
       2.622242952117e-04       1.081838296539e+03 
       2.652607094439e-04       1.094425465167e+03 
       2.683322836959e-04       1.107159120723e+03 
       2.714394251014e-04       1.120040716716e+03 
       2.745825455087e-04       1.133071642412e+03 
       2.777620615349e-04       1.146253421112e+03 
       2.809783946216e-04       1.159587309300e+03 
       2.842319710902e-04       1.173074918167e+03 
       2.875232221986e-04       1.186717574161e+03 
       2.908525841987e-04       1.200516719103e+03 
       2.942204983938e-04       1.214473806026e+03 
       2.976274111973e-04       1.228590118206e+03 
       3.010737741917e-04       1.242867197297e+03 
       3.045600441888e-04       1.257306387916e+03 
       3.080866832899e-04       1.271909108507e+03 
       3.116541589472e-04       1.286676714498e+03 
       3.152629440256e-04       1.301610574718e+03 
       3.189135168658e-04       1.316712128279e+03 
       3.226063613472e-04       1.331982654546e+03 
       3.263419669524e-04       1.347423575279e+03 
       3.301208288318e-04       1.363036192698e+03 
       3.339434478695e-04       1.378821835776e+03 
       3.378103307495e-04       1.394781900188e+03 
       3.417219900229e-04       1.410917613958e+03 
       3.456789441760e-04       1.427230335985e+03 
       3.496817176987e-04       1.443721356028e+03 
       3.537308411543e-04       1.460391916742e+03 
       3.578268512497e-04       1.477243381381e+03 
       3.619702909068e-04       1.494276967293e+03 
       3.661617093338e-04       1.511493896268e+03 
       3.704016620987e-04       1.528895408700e+03 
       3.746907112028e-04       1.546482738319e+03 
       3.790294251548e-04       1.564257140906e+03 
       3.834183790465e-04       1.582219775072e+03 
       3.878581546291e-04       1.600371910228e+03 
       3.923493403899e-04       1.618714649606e+03 
       3.968925316309e-04       1.637249263873e+03 
       4.014883305470e-04       1.655976867687e+03 
       4.061373463064e-04       1.674898559009e+03 
       4.108401951312e-04       1.694015576509e+03 
       4.155975003789e-04       1.713329017264e+03 
       4.204098926250e-04       1.732840021258e+03 
       4.252780097471e-04       1.752549721693e+03 
       4.302024970087e-04       1.772459200461e+03 
       4.351840071453e-04       1.792569612854e+03 
       4.402232004507e-04       1.812882072085e+03 
       4.453207448645e-04       1.833397622996e+03 
       4.504773160606e-04       1.854117423307e+03 
       4.556935975370e-04       1.875042551073e+03 
       4.609702807063e-04       1.896174099253e+03 
       4.663080649869e-04       1.917513156316e+03 
       4.717076578964e-04       1.939060794284e+03 
       4.771697751451e-04       1.960818209229e+03 
       4.826951407306e-04       1.982786426232e+03 
       4.882844870341e-04       2.004966531428e+03 
       4.939385549176e-04       2.027359804310e+03 
       4.996580938214e-04       2.049967094768e+03 
       5.054438618644e-04       2.072789754378e+03 
       5.112966259438e-04       2.095828854633e+03 
       5.172171618372e-04       2.119085533392e+03 
       5.232062543051e-04       2.142561045705e+03 
       5.292646971953e-04       2.166256495023e+03 
       5.353932935479e-04       2.190173107499e+03 
       5.415928557016e-04       2.214312106886e+03 
       5.478642054017e-04       2.238674806236e+03 
       5.542081739087e-04       2.263262277921e+03 
       5.606256021090e-04       2.288076023063e+03 
       5.671173406255e-04       2.313117268809e+03 
       5.736842499313e-04       2.338387452592e+03 
       5.803272004630e-04       2.363887690651e+03 
       5.870470727365e-04       2.389619644122e+03 
       5.938447574637e-04       2.415584664485e+03 
       6.007211556702e-04       2.441784304399e+03 
       6.076771788153e-04       2.468219964302e+03 
       6.147137489121e-04       2.494893187239e+03 
       6.218317986506e-04       2.521805656710e+03 
       6.290322715204e-04       2.548958944942e+03 
       6.363161219365e-04       2.576354790408e+03 
       6.436843153653e-04       2.603994764638e+03 
       6.511378284529e-04       2.631880788017e+03 
       6.586776491543e-04       2.660014598928e+03 
       6.663047768647e-04       2.688398017873e+03 
       6.740202225516e-04       2.717033036161e+03 
       6.818250088889e-04       2.745921535689e+03 
       6.897201703926e-04       2.775065638139e+03 
       6.977067535578e-04       2.804467310287e+03 
       7.057858169974e-04       2.834128778724e+03 
       7.139584315826e-04       2.864052008931e+03 
       7.222256805846e-04       2.894239415841e+03 
       7.305886598182e-04       2.924693302942e+03 
       7.390484777874e-04       2.955416023432e+03 
       7.476062558318e-04       2.986409760616e+03 
       7.562631282756e-04       3.017677212974e+03 
       7.650202425779e-04       3.049220853244e+03 
       7.738787594847e-04       3.081043257342e+03 
       7.828398531829e-04       3.113147035148e+03 
       7.919047114557e-04       3.145534999833e+03 
       8.010745358402e-04       3.178209789283e+03 
       8.103505417867e-04       3.211174261214e+03 
       8.197339588198e-04       3.244431381881e+03 
       8.292260307012e-04       3.277984000995e+03 
       8.388280155949e-04       3.311835177591e+03 
       8.485411862334e-04       3.345987896146e+03 
       8.583668300870e-04       3.380445539686e+03 
       8.683062495342e-04       3.415210817293e+03 
       8.783607620343e-04       3.450287394993e+03 
       8.885317003019e-04       3.485678348740e+03 
       8.988204124840e-04       3.521387140449e+03 
       9.092282623383e-04       3.557417153195e+03 
       9.197566294138e-04       3.593771790331e+03 
       9.304069092344e-04       3.630454560460e+03 
       9.411805134829e-04       3.667469127861e+03 
       9.520788701891e-04       3.704818968164e+03 
       9.631034239183e-04       3.742507666878e+03 
       9.742556359631e-04       3.780539136210e+03 
       9.855369845372e-04       3.818917055533e+03 
       9.969489649711e-04       3.857645132504e+03 
       1.008493089910e-03       3.896727414589e+03 
       1.020170889516e-03       3.936167646051e+03 
       1.031983911669e-03       3.975969470260e+03 
       1.043933722171e-03       4.016137284790e+03 
       1.056021904957e-03       4.056675019248e+03 
       1.068250062303e-03       4.097586200752e+03 
       1.080619815038e-03       4.138875373158e+03 
       1.093132802758e-03       4.180546517846e+03 
       1.105790684048e-03       4.222603645322e+03 
       1.118595136695e-03       4.265050928338e+03 
       1.131547857915e-03       4.307892535250e+03 
       1.144650564579e-03       4.351132642498e+03 
       1.157904993435e-03       4.394775368021e+03 
       1.171312901344e-03       4.438825148068e+03 
       1.184876065509e-03       4.483285693777e+03 
       1.198596283713e-03       4.528161720362e+03 
       1.212475374557e-03       4.573457274933e+03 
       1.226515177698e-03       4.619176799890e+03 
       1.240717554097e-03       4.665324155654e+03 
       1.255084386264e-03       4.711903959284e+03 
       1.269617578507e-03       4.758920480830e+03 
       1.284319057185e-03       4.806377620718e+03 
       1.299190770963e-03       4.854280052470e+03 
       1.314234691070e-03       4.902631946252e+03 
       1.329452811562e-03       4.951437121881e+03 
       1.344847149584e-03       5.000700321640e+03 
       1.360419745639e-03       5.050425564806e+03 
       1.376172663858e-03       5.100617125006e+03 
       1.392107992273e-03       5.151279238533e+03 
       1.408227843094e-03       5.202415828756e+03 
       1.424534352991e-03       5.254031428455e+03 
       1.441029683373e-03       5.306129784743e+03 
       1.457716020679e-03       5.358715221829e+03 
       1.474595576664e-03       5.411792025872e+03 
       1.491670588696e-03       5.465363599126e+03 
       1.508943320049e-03       5.519434847063e+03 
       1.526416060204e-03       5.574008872495e+03 
       1.544091125155e-03       5.629085922900e+03 
       1.561970857712e-03       5.684673024755e+03 
       1.580057627814e-03       5.740775145076e+03 
       1.598353832843e-03       5.797395792249e+03 
       1.616861897942e-03       5.854538981701e+03 
       1.635584276333e-03       5.912208370433e+03 
       1.654523449649e-03       5.970407566822e+03 
       1.673681928257e-03       6.029140474840e+03 
       1.693062251590e-03       6.088410604165e+03 
       1.712666988492e-03       6.148221658041e+03 
       1.732498737548e-03       6.208576524263e+03 
       1.752560127434e-03       6.269479209951e+03 
       1.772853817268e-03       6.330933079637e+03 
       1.793382496954e-03       6.392941400655e+03 
       1.814148887548e-03       6.455506824335e+03 
       1.835155741612e-03       6.518633356085e+03 
       1.856405843582e-03       6.582323720285e+03 
       1.877902010136e-03       6.646581281948e+03 
       1.899647090566e-03       6.711408458919e+03 
       1.921643967162e-03       6.776808606946e+03 
       1.943895555583e-03       6.842784393080e+03 
       1.966404805255e-03       6.909338755681e+03 
       1.989174699754e-03       6.976474124573e+03 
       2.012208257205e-03       7.044193333184e+03 
       2.035508530680e-03       7.112498596836e+03 
       2.059078608607e-03       7.181392651893e+03 
       2.082921615173e-03       7.250877722804e+03 
       2.107040710743e-03       7.320956127376e+03 
       2.131439092277e-03       7.391630193869e+03 
       2.156119993753e-03       7.462901496049e+03 
       2.181086686600e-03       7.534772585698e+03 
       2.206342480124e-03       7.607245131857e+03 
       2.231890721955e-03       7.680320781898e+03 
       2.257734798483e-03       7.754001386686e+03 
       2.283878135313e-03       7.828288656481e+03 
       2.310324197716e-03       7.903183930761e+03 
       2.337076491089e-03       7.978688665644e+03 
       2.364138561419e-03       8.054804160588e+03 
       2.391513995755e-03       8.131531436525e+03 
       2.419206422681e-03       8.208871861691e+03 
       2.447219512797e-03       8.286825823241e+03 
       2.475556979210e-03       8.365394871036e+03 
       2.504222578018e-03       8.444579213223e+03 
       2.533220108817e-03       8.524379410478e+03 
       2.562553415197e-03       8.604796220879e+03 
       2.592226385257e-03       8.685829622415e+03 
       2.622242952117e-03       8.767480022483e+03 
       2.652607094439e-03       8.849747461256e+03 
       2.683322836959e-03       8.932631930319e+03 
       2.714394251014e-03       9.016133091330e+03 
       2.745825455087e-03       9.100250604979e+03 
       2.777620615349e-03       9.184983971919e+03 
       2.809783946216e-03       9.270332551170e+03 
       2.842319710902e-03       9.356295593401e+03 
       2.875232221986e-03       9.442872280734e+03 
       2.908525841987e-03       9.530061456963e+03 
       2.942204983938e-03       9.617861112324e+03 
       2.976274111973e-03       9.706270704789e+03 
       3.010737741917e-03       9.795288581107e+03 
       3.045600441888e-03       9.884912289912e+03 
       3.080866832899e-03       9.975141295207e+03 
       3.116541589472e-03       1.006597172691e+04 
       3.152629440256e-03       1.015740248664e+04 
       3.189135168658e-03       1.024943062096e+04 
       3.226063613472e-03       1.034205344477e+04 
       3.263419669524e-03       1.043526815976e+04 
       3.301208288318e-03       1.052907189646e+04 
       3.339434478695e-03       1.062346147341e+04 
       3.378103307495e-03       1.071843311523e+04 
       3.417219900229e-03       1.081398315427e+04 
       3.456789441760e-03       1.091010809561e+04 
       3.496817176987e-03       1.100680340682e+04 
       3.537308411543e-03       1.110406458351e+04 
       3.578268512498e-03       1.120188818963e+04 
       3.619702909068e-03       1.130026903587e+04 
       3.661617093338e-03       1.139920194216e+04 
       3.704016620987e-03       1.149868186747e+04 
       3.746907112028e-03       1.159870289656e+04 
       3.790294251548e-03       1.169926002217e+04 
       3.834183790465e-03       1.180034676017e+04 
       3.878581546291e-03       1.190195902123e+04 
       3.923493403899e-03       1.200408652855e+04 
       3.968925316309e-03       1.210672585830e+04 
       4.014883305470e-03       1.220986957823e+04 
       4.061373463064e-03       1.231350900613e+04 
       4.108401951312e-03       1.241763857785e+04 
       4.155975003789e-03       1.252224995168e+04 
       4.204098926250e-03       1.262733527876e+04 
       4.252780097471e-03       1.273288609666e+04 
       4.302024970087e-03       1.283889386808e+04 
       4.351840071453e-03       1.294535021651e+04 
       4.402232004507e-03       1.305224599971e+04 
       4.453207448645e-03       1.315957104626e+04 
       4.504773160606e-03       1.326731767884e+04 
       4.556935975371e-03       1.337547442379e+04 
       4.609702807063e-03       1.348403121474e+04 
       4.663080649869e-03       1.359297626142e+04 
       4.717076578964e-03       1.370230139994e+04 
       4.771697751451e-03       1.381199161079e+04 
       4.826951407306e-03       1.392203527626e+04 
       4.882844870341e-03       1.403242164819e+04 
       4.939385549176e-03       1.414313463945e+04 
       4.996580938214e-03       1.425416949010e+04 
       5.054438618644e-03       1.436550848966e+04 
       5.112966259438e-03       1.447713883401e+04 
       5.172171618372e-03       1.458906543828e+04 
       5.232062543051e-03       1.470124996745e+04 
       5.292646971953e-03       1.481368664172e+04 
       5.353932935479e-03       1.492638049420e+04 
       5.415928557016e-03       1.503928996199e+04 
       5.478642054017e-03       1.515239333669e+04 
       5.542081739087e-03       1.526569294106e+04 
       5.606256021090e-03       1.537916771937e+04 
       5.671173406255e-03       1.549276914373e+04 
       5.736842499313e-03       1.560654599032e+04 
       5.803272004630e-03       1.572044707612e+04 
       5.870470727365e-03       1.583441901756e+04 
       5.938447574637e-03       1.594849490841e+04 
       6.007211556702e-03       1.606268472060e+04 
       6.076771788153e-03       1.617693387710e+04 
       6.147137489121e-03       1.629120026637e+04 
       6.218317986506e-03       1.640532125071e+04 
       6.290322715204e-03       1.651950539894e+04 
       6.363161219365e-03       1.663369074882e+04 
       6.436843153653e-03       1.674798802609e+04 
       6.511378284529e-03       1.686225313845e+04 
       6.586776491543e-03       1.697626541955e+04 
       6.663047768647e-03       1.709015553355e+04 
       6.740202225516e-03       1.720392320407e+04 
       6.818250088889e-03       1.731752681858e+04 
       6.897201703926e-03       1.743094466589e+04 
       6.977067535578e-03       1.754416387125e+04 
       7.057858169974e-03       1.765713133947e+04 
       7.139584315826e-03       1.776983533072e+04 
       7.222256805846e-03       1.788227171587e+04 
       7.305886598182e-03       1.799439469422e+04 
       7.390484777874e-03       1.810618837027e+04 
       7.476062558318e-03       1.821761426559e+04 
       7.562631282756e-03       1.832866021866e+04 
       7.650202425779e-03       1.843928235077e+04 
       7.738787594848e-03       1.854945771036e+04 
       7.828398531829e-03       1.865915775643e+04 
       7.919047114557e-03       1.876836222942e+04 
       8.010745358402e-03       1.887704061987e+04 
       8.103505417867e-03       1.898517661751e+04 
       8.197339588198e-03       1.909268727751e+04 
       8.292260307012e-03       1.919957396202e+04 
       8.388280155949e-03       1.930584031580e+04 
       8.485411862334e-03       1.941139744645e+04 
       8.583668300870e-03       1.951621584920e+04 
       8.683062495342e-03       1.962029859205e+04 
       8.783607620343e-03       1.972360149356e+04 
       8.885317003019e-03       1.982608156128e+04 
       8.988204124841e-03       1.992770000067e+04 
       9.092282623383e-03       2.002842456064e+04 
       9.197566294138e-03       2.012826309643e+04 
       9.304069092344e-03       2.022715506057e+04 
       9.411805134829e-03       2.032497064115e+04 
       9.520788701891e-03       2.042179411283e+04 
       9.631034239183e-03       2.051752328087e+04 
       9.742556359631e-03       2.061217508285e+04 
       9.855369845372e-03       2.070568256157e+04 
       9.969489649711e-03       2.079799933873e+04 
       1.008493089910e-02       2.088908185596e+04 
       1.020170889516e-02       2.097893054158e+04 
       1.031983911669e-02       2.106742735752e+04 
       1.043933722171e-02       2.115461394467e+04 
       1.056021904957e-02       2.124044649224e+04 
       1.068250062303e-02       2.132480324238e+04 
       1.080619815038e-02       2.140775487097e+04 
       1.093132802758e-02       2.148912901049e+04 
       1.105790684048e-02       2.156901563431e+04 
       1.118595136695e-02       2.164725835958e+04 
       1.131547857915e-02       2.172387848128e+04 
       1.144650564579e-02       2.179883629632e+04 
       1.157904993435e-02       2.187206975427e+04 
       1.171312901344e-02       2.194356892307e+04 
       1.184876065509e-02       2.201318818869e+04 
       1.198596283713e-02       2.208097997973e+04 
       1.212475374557e-02       2.214687939458e+04 
       1.226515177698e-02       2.221086807042e+04 
       1.240717554097e-02       2.227283883923e+04 
       1.255084386264e-02       2.233274271915e+04 
       1.269617578507e-02       2.239033879706e+04 
       1.284319057185e-02       2.244636485769e+04 
       1.299190770963e-02       2.249997031019e+04 
       1.314234691070e-02       2.255137972823e+04 
       1.329452811562e-02       2.260044337315e+04 
       1.344847149584e-02       2.264731765699e+04 
       1.360419745640e-02       2.269178187025e+04 
       1.376172663859e-02       2.273385302345e+04 
       1.392107992274e-02       2.277348814799e+04 
       1.408227843095e-02       2.281057696833e+04 
       1.424534352992e-02       2.284524644270e+04 
       1.441029683375e-02       2.287729442921e+04 
       1.457716020682e-02       2.290674020378e+04 
       1.474595576669e-02       2.293349605284e+04 
       1.491670588703e-02       2.295758291444e+04 
       1.508943320060e-02       2.297890915562e+04 
       1.526416060221e-02       2.299743400453e+04 
       1.544091125181e-02       2.301315250270e+04 
       1.561970857751e-02       2.302600201888e+04 
       1.580057627873e-02       2.303593598717e+04 
       1.598353832932e-02       2.304291378771e+04 
       1.616861898075e-02       2.304691250953e+04 
       1.635584276531e-02       2.304789074158e+04 
       1.654523449942e-02       2.304579223429e+04 
       1.673681928686e-02       2.304056127499e+04 
       1.693062252219e-02       2.303227586301e+04 
       1.712666989406e-02       2.302076122915e+04 
       1.732498738872e-02       2.300604845384e+04 
       1.752560129343e-02       2.298812278266e+04 
       1.772853820005e-02       2.296694686675e+04 
       1.793382500862e-02       2.294247669176e+04 
       1.814148893100e-02       2.291467467136e+04 
       1.835155749463e-02       2.288356494782e+04 
       1.856405854631e-02       2.284877652651e+04 
       1.877902025616e-02       2.281126072389e+04 
       1.899647112155e-02       2.277001192813e+04 
       1.921643997134e-02       2.272530275593e+04 
       1.943895597009e-02       2.267721497186e+04 
       1.966404862258e-02       2.262568827078e+04 
       1.989174777850e-02       2.257066123444e+04 
       2.012208363736e-02       2.251220124033e+04 
       2.035508675379e-02       2.245027623177e+04 
       2.059078804314e-02       2.238487881719e+04 
       2.082921878762e-02       2.231610547741e+04 
       2.107041064287e-02       2.224380143383e+04 
       2.131439564529e-02       2.216801282606e+04 
       2.156120622014e-02       2.208880757096e+04 
       2.181087519051e-02       2.200615785312e+04 
       2.206343578749e-02       2.192007834006e+04 
       2.231892166167e-02       2.183068848074e+04 
       2.257736689614e-02       2.173781232128e+04 
       2.283880602151e-02       2.164168853237e+04 
       2.310327403291e-02       2.154219952787e+04 
       2.337080640973e-02       2.143938070081e+04 
       2.364143913827e-02       2.133337791286e+04 
       2.391520873780e-02       2.122415633370e+04 
       2.419215229066e-02       2.111154157071e+04 
       2.447230747695e-02       2.099638623328e+04 
       2.475571261439e-02       2.087777640484e+04 
       2.504240670419e-02       2.075625505309e+04 
       2.533242948370e-02       2.063175690848e+04 
       2.562582148655e-02       2.050433890776e+04 
       2.592262411154e-02       2.037434992710e+04 
       2.622287970092e-02       2.024148160142e+04 
       2.652663162942e-02       2.010593767040e+04 
       2.683392440500e-02       1.996758920251e+04 
       2.714480378267e-02       1.982708713961e+04 
       2.745931689253e-02       1.968430969590e+04 
       2.777751238343e-02       1.953867789789e+04 
       2.809944058365e-02       1.939108239915e+04 
       2.842515367993e-02       1.924126544672e+04 
       2.875470591644e-02       1.908956998041e+04 
       2.908815381505e-02       1.893590394962e+04 
       2.942555641860e-02       1.878037885095e+04 
       2.976697555850e-02       1.862326477975e+04 
       3.011247614835e-02       1.846450823431e+04 
       3.046212650517e-02       1.830437370192e+04 
       3.081599869967e-02       1.814287202137e+04 
       3.117416893737e-02       1.798017942709e+04 
       3.153671797190e-02       1.781616628957e+04 
       3.190373155244e-02       1.765119803590e+04 
       3.227530090661e-02       1.748554780414e+04 
       3.265152326085e-02       1.731907554732e+04 
       3.303250239982e-02       1.715171592405e+04 
       3.341834926686e-02       1.698431829745e+04 
       3.380918260746e-02       1.681609108182e+04 
       3.420512965784e-02       1.664808164327e+04 
       3.460632688112e-02       1.647968746742e+04 
       3.501292075352e-02       1.631113444797e+04 
       3.542506860361e-02       1.614278239880e+04 
       3.584293950776e-02       1.597488230477e+04 
       3.626671524538e-02       1.580710206054e+04 
       3.669659131813e-02       1.564018608137e+04 
       3.713277803758e-02       1.547337265453e+04 
       3.757550168660e-02       1.530734612754e+04 
       3.802500576034e-02       1.514235193077e+04 
       3.848155229333e-02       1.497788745960e+04 
       3.894542328019e-02       1.481463708507e+04 
       3.941692219821e-02       1.465230713446e+04 
       3.989637564119e-02       1.449162702893e+04 
       4.038413507479e-02       1.433224915069e+04 
       4.088057872496e-02       1.417344434737e+04 
       4.138611361227e-02       1.401666560701e+04 
       4.190117774609e-02       1.386118863734e+04 
       4.242624249420e-02       1.370754331408e+04 
       4.296181514471e-02       1.355537246956e+04 
       4.350844167888e-02       1.340500578166e+04 
       4.406670977486e-02       1.325647098584e+04 
       4.463725206401e-02       1.310977489954e+04 
       4.522074966325e-02       1.296489390434e+04 
       4.581793600825e-02       1.282177859618e+04 
       4.642960101371e-02       1.268084640974e+04 
       4.705659558850e-02       1.254175739166e+04 
       4.769983653410e-02       1.240445085847e+04 
       4.836031185539e-02       1.226910556824e+04 
       4.903908651297e-02       1.213553535584e+04 
       4.973730864479e-02       1.200369688666e+04 
       5.045621628321e-02       1.187341184266e+04 
       5.119714458971e-02       1.174470397071e+04 
       5.196153362384e-02       1.161716515218e+04 
       5.275093665489e-02       1.149045626635e+04 
       5.356702901320e-02       1.136512772491e+04 
       5.441161746242e-02       1.123969938187e+04 
       5.528665005329e-02       1.111480934700e+04 
       5.619422639285e-02       1.098902756756e+04 
       5.713660822825e-02       1.086206107097e+04 
       5.811623020183e-02       1.073324326687e+04 
       5.913571058056e-02       1.060147936404e+04 
       6.019786169935e-02       1.046635886029e+04 
       6.130569978168e-02       1.032608484820e+04 
       6.246245371367e-02       1.018017627554e+04 
       6.367157225015e-02       1.002638339443e+04 
       6.493672902664e-02       9.863845775862e+03 
       6.626182464482e-02       9.690718461460e+03 
       6.765098500087e-02       9.505371081712e+03 
       6.910855494849e-02       9.306235599226e+03 
       7.063908634950e-02       9.091764302080e+03 
       7.224731958697e-02       8.860753090068e+03 
       7.393815772533e-02       8.612424718737e+03 
       7.571663272501e-02       8.346409929356e+03 
       7.758786348041e-02       8.063164354408e+03 
       7.955700596396e-02       7.764273991079e+03 
       8.162919642061e-02       7.452265257820e+03 
       8.380948933892e-02       7.130932968645e+03 
       8.610279276173e-02       6.805211959723e+03 
       8.851380429644e-02       6.480946598085e+03 
       9.104695181526e-02       6.164641281955e+03 
       9.370634316586e-02       5.862985479988e+03 
       9.649572912298e-02       5.582074374464e+03 
       9.941848323255e-02       5.327038705966e+03 
       1.024776011384e-01       5.100400515865e+03 
       1.056757205347e-01       4.902526198491e+03 
       1.090151612342e-01       4.730739987022e+03 
       1.124979832128e-01       4.578883786813e+03 
       1.161260591125e-01       4.438685744915e+03 
       1.199011567417e-01       4.299392240265e+03 
       1.238250266969e-01       4.150627315747e+03 
       1.278994903396e-01       3.983976511931e+03 
       1.321265239033e-01       3.795158479692e+03 
       1.365083353322e-01       3.585563495019e+03 
       1.410474314023e-01       3.362515208935e+03 
       1.457466735929e-01       3.137558592969e+03 
       1.506093219553e-01       2.924129879842e+03 
       1.556390668012e-01       2.733829054494e+03 
       1.608400483767e-01       2.573395124302e+03 
       1.662168648173e-01       2.443477695596e+03 
       1.717745686195e-01       2.337778553789e+03 
       1.775186516574e-01       2.245403763219e+03 
       1.834550184608e-01       2.153451715087e+03 
       1.895899471014e-01       2.051859192825e+03 
       1.959300366331e-01       1.935857084938e+03 
       2.024821396487e-01       1.809186064825e+03 
       2.092532781880e-01       1.682292435996e+03 
       2.162505409916e-01       1.566660542452e+03 
       2.234809600168e-01       1.468610163474e+03 
       2.309513642517e-01       1.388070459491e+03 
       2.386682092800e-01       1.319688388463e+03 
       2.466373818270e-01       1.254416536076e+03 
       2.548639797413e-01       1.184853002977e+03 
       2.633520696070e-01       1.109920436586e+03 
       2.721044264627e-01       1.034408426648e+03 
       2.811222628890e-01       9.648680353744e+02 
       2.904049578907e-01       9.054925586764e+02 
       2.999497992670e-01       8.546570567194e+02 
       3.097517561493e-01       8.073124269129e+02 
       3.198033005287e-01       7.597125308988e+02 
       3.300942973157e-01       7.115415011785e+02 
       3.406119811528e-01       6.656034670086e+02 
       3.513410344708e-01       6.245958972906e+02 
       3.622637750380e-01       5.883675742347e+02 
       3.733604529299e-01       5.550858638669e+02 
       3.846096473142e-01       5.228790537595e+02 
       3.959887440198e-01       4.919471144741e+02 
       4.074744669783e-01       4.631624675361e+02 
       4.190434315926e-01       4.371092207196e+02 
       4.306726867074e-01       4.133679613317e+02 
       4.423402142741e-01       3.913027579362e+02 
       4.540253614633e-01       3.705675150795e+02 
       4.657091877914e-01       3.511052328251e+02 
       4.773747184803e-01       3.331360691264e+02 
       4.890071034872e-01       3.166354977414e+02 
       5.005936884748e-01       3.014488707993e+02 
       5.121240088879e-01       2.872395180552e+02 
       5.235897211415e-01       2.739443391915e+02 
       5.349844858981e-01       2.615383207071e+02 
       5.463038179186e-01       2.500348548445e+02 
       5.575449154680e-01       2.393361931109e+02 
       5.687064801965e-01       2.293326209142e+02 
       5.797885361527e-01       2.199644624162e+02 
       5.907922543906e-01       2.111538650073e+02 
       6.017197876609e-01       2.028969148850e+02 
       6.125741180192e-01       1.951313796872e+02 
       6.233589188622e-01       1.878413113276e+02 
       6.340784318962e-01       1.809659415762e+02 
       6.447373588188e-01       1.744659493412e+02 
       6.553407670027e-01       1.683220111996e+02 
       6.658940081647e-01       1.624937580933e+02 
       6.764026488350e-01       1.569789141942e+02 
       6.868724113799e-01       1.517370438169e+02 
       6.973091243388e-01       1.467556895863e+02 
       7.077186808868e-01       1.420137223483e+02 
       7.181070043253e-01       1.374853880338e+02 
       7.284800195936e-01       1.331694891276e+02 
       7.388436299055e-01       1.290388621659e+02 
       7.492036977163e-01       1.250908115750e+02 
       7.595660293259e-01       1.213087741519e+02 
       7.699363625176e-01       1.176783200831e+02 
       7.803203567161e-01       1.141984631645e+02 
       7.907235852248e-01       1.108490141539e+02 
       8.011515291693e-01       1.076316899424e+02 
       8.116095728357e-01       1.045329770620e+02 
       8.221030001407e-01       1.015466373519e+02 
       8.326369920194e-01       9.867030781975e+01 
       8.432166245519e-01       9.589028902780e+01 
       8.538468676862e-01       9.320983032030e+01 
       8.645325844419e-01       9.061668480400e+01 
       8.752785305026e-01       8.811052977463e+01 
       8.860893541281e-01       8.568657574583e+01 
       8.969695963324e-01       8.333788797361e+01 
       9.079236912885e-01       8.106605504177e+01 
       9.189559669326e-01       7.886119725215e+01 
       9.300706457515e-01       7.672658969862e+01 
       9.412718457417e-01       7.465392568133e+01 
       9.525635815381e-01       7.264396784894e+01 
       9.639497657108e-01       7.069295503250e+01 
       9.754342102345e-01       6.879741942016e+01 
       9.870206281362e-01       6.695683277378e+01 
       9.987126353259e-01       6.516702776698e+01 
       1.010513752617e+00       6.342940966309e+01 
       1.022427407941e+00       6.173804957301e+01 
       1.034456938761e+00       6.009529692952e+01 
       1.046605594683e+00       5.849540202445e+01 
       1.058876540267e+00       5.694085322404e+01 
       1.071272858029e+00       5.542614054441e+01 
       1.083797551638e+00       5.395435585910e+01 
       1.096453549283e+00       5.251964762580e+01 
       1.109243707211e+00       5.112488394889e+01 
       1.122170813415e+00       4.976548015912e+01 
       1.135237591453e+00       4.844354268449e+01 
       1.148446704386e+00       4.715501123455e+01 
       1.161800758803e+00       4.590175395375e+01 
       1.175302308921e+00       4.467992389316e+01 
       1.188953860725e+00       4.349135700318e+01 
       1.202757876135e+00       4.233269993207e+01 
       1.216716777170e+00       4.120512067369e+01 
       1.230832950087e+00       4.010657479619e+01 
       1.245108749465e+00       3.903657431627e+01 
       1.259546502230e+00       3.799461288837e+01 
       1.274148511579e+00       3.697908001369e+01 
       1.288917060804e+00       3.599073859543e+01 
       1.303854416984e+00       3.502718464402e+01 
       1.318962834541e+00       3.408932341505e+01 
       1.334244558651e+00       3.317557305319e+01 
       1.349701828486e+00       3.228537937952e+01 
       1.365336880297e+00       3.141736770546e+01 
       1.381151950322e+00       3.057289290108e+01 
       1.397149277522e+00       2.975082231725e+01 
       1.413331106145e+00       2.895033180964e+01 
       1.429699688114e+00       2.817027724707e+01 
       1.446257285251e+00       2.741110346875e+01 
       1.463006171333e+00       2.667159757192e+01 
       1.479948633994e+00       2.595073631854e+01 
       1.497086976474e+00       2.524956974033e+01 
       1.514423519228e+00       2.456843685024e+01 
       1.531960601399e+00       2.390310031208e+01 
       1.549700582167e+00       2.325550424773e+01 
       1.567645841985e+00       2.262498696982e+01 
       1.585798783705e+00       2.201078672211e+01 
       1.604161833612e+00       2.141289778710e+01 
       1.622737442367e+00       2.083140258704e+01 
       1.641528085875e+00       2.026459864166e+01 
       1.660536266079e+00       1.971272499744e+01 
       1.679764511698e+00       1.917548145298e+01 
       1.699215378901e+00       1.865274887458e+01 
       1.718891451947e+00       1.814386205572e+01 
       1.738795343768e+00       1.764780628886e+01 
       1.758929696532e+00       1.716551344461e+01 
       1.779297182165e+00       1.669615035845e+01 
       1.799900502854e+00       1.623897035826e+01 
       1.820742391526e+00       1.579401653233e+01 
       1.841825612311e+00       1.536078292608e+01 
       1.863152960994e+00       1.493911858429e+01 
       1.884727265447e+00       1.452888089951e+01 
       1.906551386066e+00       1.412959228773e+01 
       1.928628216192e+00       1.374097759604e+01 
       1.950960682526e+00       1.336203524444e+01 
       1.973551745554e+00       1.299387368407e+01 
       1.996404399957e+00       1.263571065271e+01 
       2.019521675025e+00       1.228710454579e+01 
       2.042906635077e+00       1.194778989537e+01 
       2.066562379877e+00       1.161766446971e+01 
       2.090492045051e+00       1.129643765119e+01 
       2.114698802513e+00       1.098389417906e+01 
       2.139185860888e+00       1.067978083902e+01 
       2.163956465943e+00       1.038387690273e+01 
       2.189013901021e+00       1.009596030416e+01 
       2.214361487474e+00       9.815810803035e+00 
       2.240002585112e+00       9.543261258567e+00 
       2.265940592642e+00       9.278110465852e+00 
       2.292178948128e+00       9.020117500638e+00 
       2.318721129440e+00       8.769170901649e+00 
       2.345570654717e+00       8.524884448332e+00 
       2.372731082839e+00       8.287423233097e+00 
       2.400206013892e+00       8.056387142157e+00 
       2.427999089650e+00       7.831638226741e+00 
       2.456113994055e+00       7.613025467145e+00 
       2.484554453709e+00       7.400344800770e+00 
       2.513324238363e+00       7.193448358408e+00 
       2.542427161423e+00       6.992659481613e+00 
       2.571867080448e+00       6.797066888330e+00 
       2.601647897669e+00       6.606653411242e+00 
       2.631773560501e+00       6.421510355656e+00 
       2.662248062068e+00       6.241442974611e+00 
       2.693075441731e+00       6.066222959873e+00 
       2.724259785627e+00       5.895952272739e+00 
       2.755805227207e+00       5.730185778546e+00 
       2.787715947784e+00       5.568715436450e+00 
       2.819996177091e+00       5.412029347427e+00 
       2.852650193837e+00       5.259671702001e+00 
       2.885682326276e+00       5.111526056047e+00 
       2.919096952782e+00       4.967434224077e+00 
       2.952898502427e+00       4.827736467501e+00 
       2.987091455570e+00       4.691099979457e+00 
       3.021680344450e+00       4.558634618992e+00 
       3.056669753786e+00       4.429838205571e+00 
       3.092064321388e+00       4.304933070492e+00 
       3.127868738766e+00       4.182799510904e+00 
       3.164087751758e+00       4.064416794901e+00 
       3.200726161153e+00       3.949302589566e+00 
       3.237788823335e+00       3.837711623029e+00 
       3.275280650918e+00       3.728908434770e+00 
       3.313206613403e+00       3.623103303383e+00 
       3.351571737837e+00       3.520261079769e+00 
       3.390381109474e+00       3.420276399276e+00 
       3.429639872455e+00       3.322945979135e+00 
       3.469353230486e+00       3.228464155778e+00 
       3.509526447530e+00       3.136602045037e+00 
       3.550164848503e+00       3.047315186544e+00 
       3.591273819981e+00       2.960520460244e+00 
       3.632858810914e+00       2.876152834664e+00 
       3.674925333348e+00       2.794154251994e+00 
       3.717478963154e+00       2.714520125240e+00 
       3.760525340770e+00       2.636915327982e+00 
       3.804070171947e+00       2.561682551964e+00 
       3.848119228504e+00       2.488517492735e+00 
       3.892678349097e+00       2.417280323630e+00 
       3.937753439989e+00       2.348120017194e+00 
       3.983350475834e+00       2.280968723522e+00 
       4.029475500470e+00       2.215652521156e+00 
       4.076134627719e+00       2.152086577923e+00 
       4.123334042198e+00       2.090455593907e+00 
       4.171080000138e+00       2.030504227636e+00 
       4.219378830214e+00       1.972205821625e+00 
       4.268236934384e+00       1.915591425435e+00 
       4.317660788736e+00       1.860556964424e+00 
       4.367656944349e+00       1.807102575550e+00 
       4.418232028159e+00       1.755122549651e+00 
       4.469392743838e+00       1.704570669912e+00 
       4.521145872685e+00       1.655511447355e+00 
       4.573498274520e+00       1.607879352249e+00 
       4.626456888598e+00       1.561570081814e+00 
       4.680028734525e+00       1.516484703548e+00 
       4.734220913191e+00       1.472733322380e+00 
       4.789040607712e+00       1.430234459007e+00 
       4.844495084378e+00       1.388942515529e+00 
       4.900591693619e+00       1.348812959020e+00 
       4.957337870982e+00       1.309843048094e+00 
       5.014741138110e+00       1.271964135452e+00 
       5.072809103744e+00       1.235183874586e+00 
       5.131549464730e+00       1.199416391016e+00 
       5.190970007039e+00       1.164694835493e+00 
       5.251078606800e+00       1.130965317454e+00 
       5.311883231343e+00       1.098163336077e+00 
       5.373391940254e+00       1.066360719474e+00 
       5.435612886447e+00       1.035391173702e+00 
       5.498554317240e+00       1.005353323711e+00 
       5.562224575452e+00       9.761551269811e-01 
       5.626632100507e+00       9.478067180729e-01 
       5.691785429552e+00       9.202615890880e-01 
       5.757693198590e+00       8.935042397616e-01 
       5.824364143626e+00       8.675185209881e-01 
       5.891807101820e+00       8.422939749569e-01 
       5.960031012664e+00       8.177390884484e-01 
       6.029044919163e+00       7.939404164743e-01 
       6.098857969035e+00       7.707671805571e-01 
       6.169479415925e+00       7.483135478278e-01 
       6.240918620629e+00       7.264748119209e-01 
       6.313185052336e+00       7.052780497747e-01 
       6.386288289884e+00       6.846918197898e-01 
       6.460238023027e+00       6.646976501505e-01 
       6.535044053723e+00       6.452801141070e-01 
       6.610716297430e+00       6.264190158063e-01 
       6.687264784421e+00       6.081008045262e-01 
       6.764699661116e+00       5.903133430773e-01 
       6.843031191424e+00       5.730401070398e-01 
       6.922269758104e+00       5.562633766634e-01 
       7.002425864143e+00       5.399718022304e-01 
       7.083510134145e+00       5.241482858801e-01 
       7.165533315743e+00       5.087849444861e-01 
       7.248506281020e+00       4.938618461679e-01 
       7.332440027954e+00       4.793686448816e-01 
       7.417345681871e+00       4.652982932906e-01 
       7.503234496924e+00       4.516348774975e-01 
       7.590117857582e+00       4.383678938117e-01 
       7.678007280141e+00       4.254885784277e-01 
       7.766914414249e+00       4.129787957292e-01 
       7.856851044449e+00       4.008351411483e-01 
       7.947829091745e+00       3.890417564228e-01 
       8.039860615179e+00       3.776028321013e-01 
       8.132957813428e+00       3.664837065962e-01 
       8.227133026426e+00       3.556863082096e-01 
       8.322398736996e+00       3.452066308969e-01 
       8.418767572504e+00       3.350206938550e-01 
       8.516252306534e+00       3.251406372188e-01 
       8.614865860584e+00       3.155477621131e-01 
       8.714621305771e+00       3.062162057863e-01 
       8.815531864574e+00       2.971923042582e-01 
       8.917610912576e+00       2.884145332745e-01 
       9.020871980246e+00       2.798925003220e-01 
       9.125328754726e+00       2.716186518981e-01 
       9.230995081648e+00       2.635849440580e-01 
       9.337884966969e+00       2.557880399827e-01 
       9.446012578828e+00       2.482168794143e-01 
       9.555392249423e+00       2.408713543137e-01 
       9.666038476911e+00       2.337369357225e-01 
       9.777965927328e+00       2.268123175675e-01 
       9.891189436539e+00       2.200906594469e-01 
       1.000572401220e+01       2.135653294964e-01 
       1.012158483573e+01       2.072314825432e-01 
       1.023878726437e+01       2.010836413993e-01 
       1.035734683318e+01       1.951169993687e-01 
       1.047727925709e+01       1.893186729568e-01 
       1.059860043301e+01       1.836996886668e-01 
       1.072132644195e+01       1.782455649716e-01 
       1.084547355109e+01       1.729455471885e-01 
       1.097105821600e+01       1.677955370063e-01 
       1.109809708279e+01       1.628042673849e-01 
       1.122660699034e+01       1.579726093436e-01 
       1.135660497247e+01       1.532662700683e-01 
       1.148810826030e+01       1.487034417140e-01 
       1.162113428443e+01       1.442740455955e-01 
       1.175570067733e+01       1.399755006283e-01 
       1.189182527561e+01       1.358035408605e-01 
       1.202952612246e+01       1.317564633252e-01 
       1.216882146996e+01       1.278258861647e-01 
       1.230972978157e+01       1.240121828295e-01 
       1.245226973453e+01       1.203114152780e-01 
       1.259646022235e+01       1.167197641275e-01 
       1.274232035733e+01       1.132339832685e-01 
       1.288986947308e+01       1.098512992184e-01 
       1.303912712706e+01       1.065689171072e-01 
       1.319011310321e+01       1.033812598708e-01 
       1.334284741457e+01       1.002916255479e-01 
       1.349735030591e+01       9.729060203082e-02 
       1.365364225640e+01       9.437932934857e-02 
       1.381174398239e+01       9.155417918027e-02 
       1.397167644009e+01       8.881348014526e-02 
       1.413346082836e+01       8.615007504269e-02 
       1.429711859156e+01       8.357298799451e-02 
       1.446267142233e+01       8.106734870388e-02 
       1.463014126455e+01       7.863684400654e-02 
       1.479955031613e+01       7.627834147295e-02 
       1.497092103209e+01       7.399107959569e-02 
       1.514427612741e+01       7.176966417173e-02 
       1.531963858012e+01       6.961502579963e-02 
       1.549703163434e+01       6.752459497268e-02 
       1.567647880331e+01       6.549627180547e-02 
       1.585800387257e+01       6.352827529960e-02 
       1.604163090307e+01       6.161873532412e-02 
       1.622738423436e+01       5.976547668693e-02 
       1.641528848786e+01       5.796667482180e-02 
       1.660536857007e+01       5.622436741063e-02 
       1.679764967590e+01       5.453278859819e-02 
       1.699215729199e+01       5.289167428773e-02 
       1.718891720013e+01       5.129800674928e-02 
       1.738795548063e+01       4.975324151649e-02 
       1.758929851579e+01       4.825370590841e-02 
       1.779297299342e+01       4.679910275351e-02 
       1.799900591034e+01       4.538882112145e-02 
       1.820742457601e+01       4.401983407398e-02 
       1.841825661607e+01       4.269229213237e-02 
       1.863152997611e+01       4.140418073381e-02 
       1.884727292526e+01       4.015403342250e-02 
       1.906551406002e+01       3.894130082558e-02 
       1.928628230802e+01       3.776585827892e-02 
       1.950960693185e+01       3.662455410898e-02 
       1.973551753294e+01       3.551758930127e-02 
       1.996404405551e+01       3.444403079566e-02 
       2.019521679050e+01       3.340254459635e-02 
       2.042906637959e+01       3.239232157341e-02 
       2.066562381930e+01       3.141208932603e-02 
       2.090492046507e+01       3.046145070042e-02 
       2.114698803541e+01       2.953941970168e-02 
       2.139185861610e+01       2.864482493914e-02 
       2.163956466447e+01       2.777727567330e-02 
       2.189013901371e+01       2.693595304691e-02 
       2.214361487716e+01       2.611880824223e-02 
       2.240002585278e+01       2.532736548167e-02 
       2.265940592757e+01       2.455936901048e-02 
       2.292178948206e+01       2.381469877112e-02 
       2.318721129492e+01       2.309167429799e-02 
       2.345570654753e+01       2.239081425292e-02 
       2.372731082863e+01       2.171127725394e-02 
       2.400206013908e+01       2.105202251554e-02 
       2.427999089660e+01       2.041224327424e-02 
       2.456113994062e+01       1.979256806943e-02 
       2.484554453713e+01       1.919062881401e-02 
       2.513324238366e+01       1.860674053563e-02 
       2.542427161425e+01       1.804129081771e-02 
       2.571867080450e+01       1.749234957485e-02 
       2.601647897670e+01       1.696019811533e-02 
       2.631773560502e+01       1.644410005297e-02 
       2.662248062068e+01       1.594342934394e-02 
       2.693075441731e+01       1.545824450042e-02 
       2.724259785627e+01       1.498722474367e-02 
       2.755805227207e+01       1.453046916000e-02 
       2.787715947784e+01       1.408729087989e-02 
       2.819996177091e+01       1.365792259276e-02 
       2.852650193837e+01       1.324186951194e-02 
       2.885682326276e+01       1.283793604107e-02 
       2.919096952782e+01       1.244612982631e-02 
       2.952898502427e+01       1.206632613270e-02 
       2.987091455570e+01       1.169795294968e-02 
       3.021680344450e+01       1.134082933707e-02 
