# Matter power spectrum P(k) at redshift z=0.5
# for k=1.04393e-05 to 30.2168 h/Mpc,
# number of wavenumbers equal to 1161
#    1:k (h/Mpc)              2:P (Mpc/h)^3        
       1.043933722171e-05       2.726113667888e+01 
       1.056021904957e-05       2.756634466863e+01 
       1.068250062303e-05       2.787496969966e+01 
       1.080619815038e-05       2.818705074692e+01 
       1.093132802758e-05       2.850262610409e+01 
       1.105790684048e-05       2.882174709295e+01 
       1.118595136695e-05       2.914442908896e+01 
       1.131547857915e-05       2.947072416585e+01 
       1.144650564579e-05       2.980067278563e+01 
       1.157904993435e-05       3.013431586594e+01 
       1.171312901344e-05       3.047169479376e+01 
       1.184876065509e-05       3.081285136384e+01 
       1.198596283713e-05       3.115781262142e+01 
       1.212475374557e-05       3.150665237222e+01 
       1.226515177698e-05       3.185940742839e+01 
       1.240717554097e-05       3.221610253565e+01 
       1.255084386264e-05       3.257679165700e+01 
       1.269617578507e-05       3.294152947469e+01 
       1.284319057185e-05       3.331034078514e+01 
       1.299190770963e-05       3.368326378824e+01 
       1.314234691070e-05       3.406039098243e+01 
       1.329452811562e-05       3.444173901187e+01 
       1.344847149584e-05       3.482735465216e+01 
       1.360419745639e-05       3.521726234019e+01 
       1.376172663858e-05       3.561157461073e+01 
       1.392107992273e-05       3.601028528529e+01 
       1.408227843094e-05       3.641346730903e+01 
       1.424534352991e-05       3.682113552047e+01 
       1.441029683373e-05       3.723340423133e+01 
       1.457716020679e-05       3.765028358251e+01 
       1.474595576664e-05       3.807182409752e+01 
       1.491670588696e-05       3.849808490673e+01 
       1.508943320049e-05       3.892911621516e+01 
       1.526416060204e-05       3.936498199936e+01 
       1.544091125155e-05       3.980572422882e+01 
       1.561970857712e-05       4.025140100962e+01 
       1.580057627814e-05       4.070204818130e+01 
       1.598353832843e-05       4.115777947613e+01 
       1.616861897942e-05       4.161860079817e+01 
       1.635584276333e-05       4.208458848424e+01 
       1.654523449649e-05       4.255578435362e+01 
       1.673681928257e-05       4.303225773456e+01 
       1.693062251590e-05       4.351406894255e+01 
       1.712666988492e-05       4.400125729064e+01 
       1.732498737548e-05       4.449392135722e+01 
       1.752560127434e-05       4.499210303435e+01 
       1.772853817268e-05       4.549586416356e+01 
       1.793382496954e-05       4.600526684139e+01 
       1.814148887548e-05       4.652039089434e+01 
       1.835155741612e-05       4.704125164538e+01 
       1.856405843582e-05       4.756798080822e+01 
       1.877902010136e-05       4.810059154279e+01 
       1.899647090566e-05       4.863916727848e+01 
       1.921643967162e-05       4.918377482501e+01 
       1.943895555583e-05       4.973446611961e+01 
       1.966404805255e-05       5.029134032733e+01 
       1.989174699754e-05       5.085447395311e+01 
       2.012208257205e-05       5.142387733382e+01 
       2.035508530680e-05       5.199967356808e+01 
       2.059078608607e-05       5.258194364458e+01 
       2.082921615173e-05       5.317069505223e+01 
       2.107040710743e-05       5.376608064165e+01 
       2.131439092277e-05       5.436811457254e+01 
       2.156119993753e-05       5.497687528867e+01 
       2.181086686600e-05       5.559247078105e+01 
       2.206342480124e-05       5.621496797466e+01 
       2.231890721955e-05       5.684445409378e+01 
       2.257734798482e-05       5.748095412047e+01 
       2.283878135312e-05       5.812460173466e+01 
       2.310324197716e-05       5.877545950297e+01 
       2.337076491088e-05       5.943361323620e+01 
       2.364138561419e-05       6.009913864822e+01 
       2.391513995755e-05       6.077211744390e+01 
       2.419206422681e-05       6.145265955833e+01 
       2.447219512797e-05       6.214078142343e+01 
       2.475556979210e-05       6.283663464314e+01 
       2.504222578018e-05       6.354028756527e+01 
       2.533220108817e-05       6.425184514987e+01 
       2.562553415197e-05       6.497132892178e+01 
       2.592226385257e-05       6.569891748217e+01 
       2.622242952117e-05       6.643461550658e+01 
       2.652607094439e-05       6.717858309100e+01 
       2.683322836958e-05       6.793088373541e+01 
       2.714394251014e-05       6.869161115570e+01 
       2.745825455087e-05       6.946086869114e+01 
       2.777620615349e-05       7.023874067476e+01 
       2.809783946216e-05       7.102533223345e+01 
       2.842319710902e-05       7.182074161181e+01 
       2.875232221986e-05       7.262506256713e+01 
       2.908525841987e-05       7.343839752269e+01 
       2.942204983938e-05       7.426084768173e+01 
       2.976274111973e-05       7.509251542827e+01 
       3.010737741917e-05       7.593350648652e+01 
       3.045600441888e-05       7.678391697597e+01 
       3.080866832899e-05       7.764386631315e+01 
       3.116541589472e-05       7.851344859259e+01 
       3.152629440256e-05       7.939278036160e+01 
       3.189135168658e-05       8.028196938159e+01 
       3.226063613472e-05       8.118112579272e+01 
       3.263419669524e-05       8.209036173476e+01 
       3.301208288318e-05       8.300979034683e+01 
       3.339434478695e-05       8.393952621535e+01 
       3.378103307495e-05       8.487968523327e+01 
       3.417219900229e-05       8.583038479875e+01 
       3.456789441760e-05       8.679174327050e+01 
       3.496817176987e-05       8.776388049488e+01 
       3.537308411543e-05       8.874691767887e+01 
       3.578268512497e-05       8.974097749255e+01 
       3.619702909068e-05       9.074618418570e+01 
       3.661617093338e-05       9.176266276811e+01 
       3.704016620987e-05       9.279054011971e+01 
       3.746907112028e-05       9.382994481259e+01 
       3.790294251548e-05       9.488100609758e+01 
       3.834183790465e-05       9.594385523039e+01 
       3.878581546291e-05       9.701862498761e+01 
       3.923493403899e-05       9.810545006141e+01 
       3.968925316309e-05       9.920446466110e+01 
       4.014883305470e-05       1.003158083447e+02 
       4.061373463064e-05       1.014396168617e+02 
       4.108401951312e-05       1.025760344928e+02 
       4.155975003789e-05       1.037251996578e+02 
       4.204098926250e-05       1.048872634348e+02 
       4.252780097471e-05       1.060623564187e+02 
       4.302024970087e-05       1.072506375845e+02 
       4.351840071453e-05       1.084522540415e+02 
       4.402232004507e-05       1.096673527002e+02 
       4.453207448645e-05       1.108960909488e+02 
       4.504773160606e-05       1.121386153480e+02 
       4.556935975370e-05       1.133950868757e+02 
       4.609702807062e-05       1.146656560889e+02 
       4.663080649869e-05       1.159504909019e+02 
       4.717076578964e-05       1.172497468811e+02 
       4.771697751451e-05       1.185635900772e+02 
       4.826951407306e-05       1.198921794460e+02 
       4.882844870341e-05       1.212356882900e+02 
       4.939385549175e-05       1.225942810444e+02 
       4.996580938214e-05       1.239681302757e+02 
       5.054438618644e-05       1.253574050987e+02 
       5.112966259438e-05       1.267622848872e+02 
       5.172171618372e-05       1.281829379886e+02 
       5.232062543051e-05       1.296195498364e+02 
       5.292646971953e-05       1.310722984724e+02 
       5.353932935479e-05       1.325413659840e+02 
       5.415928557016e-05       1.340269378578e+02 
       5.478642054016e-05       1.355292010440e+02 
       5.542081739087e-05       1.370483403937e+02 
       5.606256021090e-05       1.385845529147e+02 
       5.671173406255e-05       1.401380253887e+02 
       5.736842499313e-05       1.417089605826e+02 
       5.803272004630e-05       1.432975513204e+02 
       5.870470727365e-05       1.449039975616e+02 
       5.938447574637e-05       1.465285030952e+02 
       6.007211556702e-05       1.481712742522e+02 
       6.076771788153e-05       1.498325136894e+02 
       6.147137489121e-05       1.515124295283e+02 
       6.218317986506e-05       1.532112435138e+02 
       6.290322715204e-05       1.549291575623e+02 
       6.363161219365e-05       1.566664000132e+02 
       6.436843153653e-05       1.584231819663e+02 
       6.511378284529e-05       1.601997252041e+02 
       6.586776491543e-05       1.619962574863e+02 
       6.663047768647e-05       1.638130065963e+02 
       6.740202225516e-05       1.656502036114e+02 
       6.818250088889e-05       1.675080716515e+02 
       6.897201703926e-05       1.693868576138e+02 
       6.977067535577e-05       1.712867912802e+02 
       7.057858169974e-05       1.732081144143e+02 
       7.139584315826e-05       1.751510711839e+02 
       7.222256805846e-05       1.771159092284e+02 
       7.305886598182e-05       1.791028776947e+02 
       7.390484777874e-05       1.811122253624e+02 
       7.476062558318e-05       1.831442086586e+02 
       7.562631282756e-05       1.851990902604e+02 
       7.650202425779e-05       1.872771261498e+02 
       7.738787594847e-05       1.893785748215e+02 
       7.828398531829e-05       1.915037142809e+02 
       7.919047114557e-05       1.936528152520e+02 
       8.010745358402e-05       1.958261407992e+02 
       8.103505417867e-05       1.980239735201e+02 
       8.197339588198e-05       2.002465931217e+02 
       8.292260307012e-05       2.024942835621e+02 
       8.388280155948e-05       2.047673277147e+02 
       8.485411862334e-05       2.070660212079e+02 
       8.583668300870e-05       2.093906499437e+02 
       8.683062495342e-05       2.117415170768e+02 
       8.783607620343e-05       2.141189209568e+02 
       8.885317003019e-05       2.165231657043e+02 
       8.988204124840e-05       2.189545601066e+02 
       9.092282623383e-05       2.214134105091e+02 
       9.197566294138e-05       2.239000351117e+02 
       9.304069092343e-05       2.264147513058e+02 
       9.411805134829e-05       2.289578817689e+02 
       9.520788701891e-05       2.315297534575e+02 
       9.631034239183e-05       2.341306954664e+02 
       9.742556359631e-05       2.367610407236e+02 
       9.855369845372e-05       2.394211288173e+02 
       9.969489649711e-05       2.421113009811e+02 
       1.008493089910e-04       2.448319009878e+02 
       1.020170889516e-04       2.475832821277e+02 
       1.031983911669e-04       2.503657957685e+02 
       1.043933722171e-04       2.531798023979e+02 
       1.056021904957e-04       2.560256628387e+02 
       1.068250062303e-04       2.589037446608e+02 
       1.080619815038e-04       2.618144201192e+02 
       1.093132802758e-04       2.647580639511e+02 
       1.105790684048e-04       2.677350554832e+02 
       1.118595136695e-04       2.707457801930e+02 
       1.131547857915e-04       2.737906264625e+02 
       1.144650564579e-04       2.768699901626e+02 
       1.157904993435e-04       2.799842684101e+02 
       1.171312901344e-04       2.831338646710e+02 
       1.184876065509e-04       2.863191858715e+02 
       1.198596283713e-04       2.895406471443e+02 
       1.212475374557e-04       2.927986636353e+02 
       1.226515177698e-04       2.960936602571e+02 
       1.240717554097e-04       2.994260638088e+02 
       1.255084386264e-04       3.027963058211e+02 
       1.269617578507e-04       3.062048279716e+02 
       1.284319057185e-04       3.096520679230e+02 
       1.299190770963e-04       3.131384794468e+02 
       1.314234691070e-04       3.166645119391e+02 
       1.329452811562e-04       3.202306260613e+02 
       1.344847149584e-04       3.238372872568e+02 
       1.360419745639e-04       3.274849649950e+02 
       1.376172663858e-04       3.311741319716e+02 
       1.392107992273e-04       3.349052722942e+02 
       1.408227843094e-04       3.386788702566e+02 
       1.424534352991e-04       3.424954197907e+02 
       1.441029683373e-04       3.463554192053e+02 
       1.457716020679e-04       3.502593702126e+02 
       1.474595576664e-04       3.542077840621e+02 
       1.491670588696e-04       3.582011755173e+02 
       1.508943320049e-04       3.622400663672e+02 
       1.526416060204e-04       3.663249842102e+02 
       1.544091125155e-04       3.704564630475e+02 
       1.561970857712e-04       3.746350419872e+02 
       1.580057627814e-04       3.788612669240e+02 
       1.598353832843e-04       3.831356895340e+02 
       1.616861897942e-04       3.874588699731e+02 
       1.635584276333e-04       3.918313708144e+02 
       1.654523449649e-04       3.962537650259e+02 
       1.673681928257e-04       4.007266289512e+02 
       1.693062251590e-04       4.052505476562e+02 
       1.712666988492e-04       4.098261103388e+02 
       1.732498737548e-04       4.144539159115e+02 
       1.752560127434e-04       4.191345655227e+02 
       1.772853817268e-04       4.238686716904e+02 
       1.793382496954e-04       4.286568512176e+02 
       1.814148887548e-04       4.334997266271e+02 
       1.835155741612e-04       4.383979297098e+02 
       1.856405843582e-04       4.433520966945e+02 
       1.877902010136e-04       4.483628724976e+02 
       1.899647090566e-04       4.534309062693e+02 
       1.921643967162e-04       4.585568592074e+02 
       1.943895555583e-04       4.637413929270e+02 
       1.966404805255e-04       4.689851803951e+02 
       1.989174699754e-04       4.742888994828e+02 
       2.012208257205e-04       4.796532369591e+02 
       2.035508530680e-04       4.850788823696e+02 
       2.059078608607e-04       4.905665387073e+02 
       2.082921615173e-04       4.961169104930e+02 
       2.107040710743e-04       5.017307114311e+02 
       2.131439092277e-04       5.074086622417e+02 
       2.156119993753e-04       5.131514903502e+02 
       2.181086686600e-04       5.189599293201e+02 
       2.206342480124e-04       5.248347218787e+02 
       2.231890721955e-04       5.307766159547e+02 
       2.257734798482e-04       5.367863669546e+02 
       2.283878135313e-04       5.428647365295e+02 
       2.310324197716e-04       5.490124948621e+02 
       2.337076491089e-04       5.552304168366e+02 
       2.364138561419e-04       5.615192859010e+02 
       2.391513995755e-04       5.678798928412e+02 
       2.419206422681e-04       5.743130318023e+02 
       2.447219512797e-04       5.808195085377e+02 
       2.475556979210e-04       5.874001324173e+02 
       2.504222578018e-04       5.940557192270e+02 
       2.533220108817e-04       6.007870928821e+02 
       2.562553415197e-04       6.075950833365e+02 
       2.592226385257e-04       6.144805266996e+02 
       2.622242952117e-04       6.214442659815e+02 
       2.652607094439e-04       6.284871494324e+02 
       2.683322836959e-04       6.356100333212e+02 
       2.714394251014e-04       6.428137790934e+02 
       2.745825455087e-04       6.500992540982e+02 
       2.777620615349e-04       6.574673322527e+02 
       2.809783946216e-04       6.649188930384e+02 
       2.842319710902e-04       6.724548224219e+02 
       2.875232221986e-04       6.800760117628e+02 
       2.908525841987e-04       6.877833578000e+02 
       2.942204983938e-04       6.955777637187e+02 
       2.976274111973e-04       7.034601371445e+02 
       3.010737741917e-04       7.114313922944e+02 
       3.045600441888e-04       7.194924476803e+02 
       3.080866832899e-04       7.276442274790e+02 
       3.116541589472e-04       7.358876609442e+02 
       3.152629440256e-04       7.442236821097e+02 
       3.189135168658e-04       7.526532305637e+02 
       3.226063613472e-04       7.611772494980e+02 
       3.263419669524e-04       7.697966881248e+02 
       3.301208288318e-04       7.785124991224e+02 
       3.339434478695e-04       7.873256403797e+02 
       3.378103307495e-04       7.962370740048e+02 
       3.417219900229e-04       8.052477663731e+02 
       3.456789441760e-04       8.143586879185e+02 
       3.496817176987e-04       8.235708130054e+02 
       3.537308411543e-04       8.328851209255e+02 
       3.578268512497e-04       8.423025939843e+02 
       3.619702909068e-04       8.518242184489e+02 
       3.661617093338e-04       8.614509851563e+02 
       3.704016620987e-04       8.711838879689e+02 
       3.746907112028e-04       8.810239244595e+02 
       3.790294251548e-04       8.909720955862e+02 
       3.834183790465e-04       9.010294069903e+02 
       3.878581546291e-04       9.111968668943e+02 
       3.923493403899e-04       9.214754863488e+02 
       3.968925316309e-04       9.318662833520e+02 
       4.014883305470e-04       9.423702737764e+02 
       4.061373463064e-04       9.529884825811e+02 
       4.108401951312e-04       9.637219342633e+02 
       4.155975003789e-04       9.745716590419e+02 
       4.204098926250e-04       9.855386897995e+02 
       4.252780097471e-04       9.966240637441e+02 
       4.302024970087e-04       1.007828820240e+03 
       4.351840071453e-04       1.019154004956e+03 
       4.402232004507e-04       1.030600664673e+03 
       4.453207448645e-04       1.042169852076e+03 
       4.504773160606e-04       1.053862621576e+03 
       4.556935975370e-04       1.065680036383e+03 
       4.609702807063e-04       1.077623160471e+03 
       4.663080649869e-04       1.089693061652e+03 
       4.717076578964e-04       1.101890814214e+03 
       4.771697751451e-04       1.114217495910e+03 
       4.826951407306e-04       1.126674192958e+03 
       4.882844870341e-04       1.139261992370e+03 
       4.939385549176e-04       1.151981989662e+03 
       4.996580938214e-04       1.164835285269e+03 
       5.054438618644e-04       1.177822985028e+03 
       5.112966259438e-04       1.190946202192e+03 
       5.172171618372e-04       1.204206055442e+03 
       5.232062543051e-04       1.217603671601e+03 
       5.292646971953e-04       1.231140184712e+03 
       5.353932935479e-04       1.244816734934e+03 
       5.415928557016e-04       1.258634470728e+03 
       5.478642054017e-04       1.272594550471e+03 
       5.542081739087e-04       1.286698139536e+03 
       5.606256021090e-04       1.300946412176e+03 
       5.671173406255e-04       1.315340553627e+03 
       5.736842499313e-04       1.329881757037e+03 
       5.803272004630e-04       1.344571225511e+03 
       5.870470727365e-04       1.359410174787e+03 
       5.938447574637e-04       1.374399830502e+03 
       6.007211556702e-04       1.389541429003e+03 
       6.076771788153e-04       1.404836219626e+03 
       6.147137489121e-04       1.420285461495e+03 
       6.218317986506e-04       1.435890430131e+03 
       6.290322715204e-04       1.451652410446e+03 
       6.363161219365e-04       1.467572703064e+03 
       6.436843153653e-04       1.483652621985e+03 
       6.511378284529e-04       1.499893492087e+03 
       6.586776491543e-04       1.516296664254e+03 
       6.663047768647e-04       1.532863487041e+03 
       6.740202225516e-04       1.549595337975e+03 
       6.818250088889e-04       1.566493604479e+03 
       6.897201703926e-04       1.583559693575e+03 
       6.977067535578e-04       1.600795024210e+03 
       7.057858169974e-04       1.618201037440e+03 
       7.139584315826e-04       1.635779188025e+03 
       7.222256805846e-04       1.653530948803e+03 
       7.305886598182e-04       1.671457811002e+03 
       7.390484777874e-04       1.689561284889e+03 
       7.476062558318e-04       1.707842893677e+03 
       7.562631282756e-04       1.726304183207e+03 
       7.650202425779e-04       1.744946728856e+03 
       7.738787594847e-04       1.763772107219e+03 
       7.828398531829e-04       1.782781917576e+03 
       7.919047114557e-04       1.801977785049e+03 
       8.010745358402e-04       1.821361355400e+03 
       8.103505417867e-04       1.840934284436e+03 
       8.197339588198e-04       1.860698256004e+03 
       8.292260307012e-04       1.880654966265e+03 
       8.388280155949e-04       1.900806142810e+03 
       8.485411862334e-04       1.921153519557e+03 
       8.583668300870e-04       1.941698854335e+03 
       8.683062495342e-04       1.962443935591e+03 
       8.783607620343e-04       1.983390551776e+03 
       8.885317003019e-04       2.004540521248e+03 
       8.988204124840e-04       2.025895688167e+03 
       9.092282623383e-04       2.047457898277e+03 
       9.197566294138e-04       2.069229031657e+03 
       9.304069092344e-04       2.091210984450e+03 
       9.411805134829e-04       2.113405656796e+03 
       9.520788701891e-04       2.135814988066e+03 
       9.631034239183e-04       2.158440917942e+03 
       9.742556359631e-04       2.181285414349e+03 
       9.855369845372e-04       2.204350454147e+03 
       9.969489649711e-04       2.227638033916e+03 
       1.008493089910e-03       2.251150167161e+03 
       1.020170889516e-03       2.274888878668e+03 
       1.031983911669e-03       2.298856216267e+03 
       1.043933722171e-03       2.323054233156e+03 
       1.056021904957e-03       2.347484999732e+03 
       1.068250062303e-03       2.372150601378e+03 
       1.080619815038e-03       2.397053124458e+03 
       1.093132802758e-03       2.422194690300e+03 
       1.105790684048e-03       2.447577411723e+03 
       1.118595136695e-03       2.473203412534e+03 
       1.131547857915e-03       2.499074839550e+03 
       1.144650564579e-03       2.525193835867e+03 
       1.157904993435e-03       2.551562561659e+03 
       1.171312901344e-03       2.578183172171e+03 
       1.184876065509e-03       2.605057840353e+03 
       1.198596283713e-03       2.632188749599e+03 
       1.212475374557e-03       2.659578067124e+03 
       1.226515177698e-03       2.687227996405e+03 
       1.240717554097e-03       2.715140709578e+03 
       1.255084386264e-03       2.743318394218e+03 
       1.269617578507e-03       2.771763246825e+03 
       1.284319057185e-03       2.800477477359e+03 
       1.299190770963e-03       2.829463251237e+03 
       1.314234691070e-03       2.858722780638e+03 
       1.329452811562e-03       2.888258257779e+03 
       1.344847149584e-03       2.918071827162e+03 
       1.360419745639e-03       2.948165722941e+03 
       1.376172663858e-03       2.978542098918e+03 
       1.392107992273e-03       3.009203132963e+03 
       1.408227843094e-03       3.040150968206e+03 
       1.424534352991e-03       3.071387785069e+03 
       1.441029683373e-03       3.102915743238e+03 
       1.457716020679e-03       3.134736937802e+03 
       1.474595576664e-03       3.166853524912e+03 
       1.491670588696e-03       3.199267617997e+03 
       1.508943320049e-03       3.231981333420e+03 
       1.526416060204e-03       3.264996727627e+03 
       1.544091125155e-03       3.298313380830e+03 
       1.561970857712e-03       3.331935271527e+03 
       1.580057627814e-03       3.365864984908e+03 
       1.598353832843e-03       3.400104541759e+03 
       1.616861897942e-03       3.434655977392e+03 
       1.635584276333e-03       3.469521226757e+03 
       1.654523449649e-03       3.504702284078e+03 
       1.673681928257e-03       3.540201096754e+03 
       1.693062251590e-03       3.576019558530e+03 
       1.712666988492e-03       3.612159605985e+03 
       1.732498737548e-03       3.648623065407e+03 
       1.752560127434e-03       3.685411815728e+03 
       1.772853817268e-03       3.722527655271e+03 
       1.793382496954e-03       3.759972397704e+03 
       1.814148887548e-03       3.797747730171e+03 
       1.835155741612e-03       3.835855472196e+03 
       1.856405843582e-03       3.874297230724e+03 
       1.877902010136e-03       3.913074748483e+03 
       1.899647090566e-03       3.952189616888e+03 
       1.921643967162e-03       3.991643392731e+03 
       1.943895555583e-03       4.031437692488e+03 
       1.966404805255e-03       4.071574012445e+03 
       1.989174699754e-03       4.112053793952e+03 
       2.012208257205e-03       4.152878488284e+03 
       2.035508530680e-03       4.194049491153e+03 
       2.059078608607e-03       4.235568164589e+03 
       2.082921615173e-03       4.277435748541e+03 
       2.107040710743e-03       4.319653571951e+03 
       2.131439092277e-03       4.362222772767e+03 
       2.156119993753e-03       4.405144593780e+03 
       2.181086686600e-03       4.448420063081e+03 
       2.206342480124e-03       4.492050255415e+03 
       2.231890721955e-03       4.536036165250e+03 
       2.257734798483e-03       4.580378710878e+03 
       2.283878135313e-03       4.625078897572e+03 
       2.310324197716e-03       4.670137472858e+03 
       2.337076491089e-03       4.715555246833e+03 
       2.364138561419e-03       4.761332888550e+03 
       2.391513995755e-03       4.807471040909e+03 
       2.419206422681e-03       4.853970389611e+03 
       2.447219512797e-03       4.900831318542e+03 
       2.475556979210e-03       4.948054400776e+03 
       2.504222578018e-03       4.995640105800e+03 
       2.533220108817e-03       5.043588359761e+03 
       2.562553415197e-03       5.091899896128e+03 
       2.592226385257e-03       5.140574615822e+03 
       2.622242952117e-03       5.189612730529e+03 
       2.652607094439e-03       5.239014262288e+03 
       2.683322836959e-03       5.288779135579e+03 
       2.714394251014e-03       5.338907232228e+03 
       2.745825455087e-03       5.389398322270e+03 
       2.777620615349e-03       5.440252102376e+03 
       2.809783946216e-03       5.491468163058e+03 
       2.842319710902e-03       5.543046068433e+03 
       2.875232221986e-03       5.594985324684e+03 
       2.908525841987e-03       5.647285456071e+03 
       2.942204983938e-03       5.699944970633e+03 
       2.976274111973e-03       5.752963786144e+03 
       3.010737741917e-03       5.806340721540e+03 
       3.045600441888e-03       5.860074484412e+03 
       3.080866832899e-03       5.914164759261e+03 
       3.116541589472e-03       5.968609169804e+03 
       3.152629440256e-03       6.023407178683e+03 
       3.189135168658e-03       6.078557023637e+03 
       3.226063613472e-03       6.134057112425e+03 
       3.263419669524e-03       6.189905804004e+03 
       3.301208288318e-03       6.246101386672e+03 
       3.339434478695e-03       6.302641982879e+03 
       3.378103307495e-03       6.359525458086e+03 
       3.417219900229e-03       6.416749670399e+03 
       3.456789441760e-03       6.474312321600e+03 
       3.496817176987e-03       6.532211034657e+03 
       3.537308411543e-03       6.590442994867e+03 
       3.578268512498e-03       6.649006265116e+03 
       3.619702909068e-03       6.707897749457e+03 
       3.661617093338e-03       6.767114270450e+03 
       3.704016620987e-03       6.826653099405e+03 
       3.746907112028e-03       6.886510578147e+03 
       3.790294251548e-03       6.946683881775e+03 
       3.834183790465e-03       7.007168983627e+03 
       3.878581546291e-03       7.067963620482e+03 
       3.923493403899e-03       7.129061643952e+03 
       3.968925316309e-03       7.190461046167e+03 
       4.014883305470e-03       7.252157472015e+03 
       4.061373463064e-03       7.314145803836e+03 
       4.108401951312e-03       7.376422708664e+03 
       4.155975003789e-03       7.438983317288e+03 
       4.204098926250e-03       7.501822872528e+03 
       4.252780097471e-03       7.564936449355e+03 
       4.302024970087e-03       7.628319004809e+03 
       4.351840071453e-03       7.691965536311e+03 
       4.402232004507e-03       7.755870692432e+03 
       4.453207448645e-03       7.820028362194e+03 
       4.504773160606e-03       7.884434067858e+03 
       4.556935975371e-03       7.949080967462e+03 
       4.609702807063e-03       8.013963160667e+03 
       4.663080649869e-03       8.079073590997e+03 
       4.717076578964e-03       8.144407583000e+03 
       4.771697751451e-03       8.209957273943e+03 
       4.826951407306e-03       8.275715752608e+03 
       4.882844870341e-03       8.341677044814e+03 
       4.939385549176e-03       8.407832933984e+03 
       4.996580938214e-03       8.474176355359e+03 
       5.054438618644e-03       8.540701005935e+03 
       5.112966259438e-03       8.607395776993e+03 
       5.172171618372e-03       8.674254760296e+03 
       5.232062543051e-03       8.741269802388e+03 
       5.292646971953e-03       8.808431781795e+03 
       5.353932935479e-03       8.875732571231e+03 
       5.415928557016e-03       8.943163376287e+03 
       5.478642054017e-03       9.010738694128e+03 
       5.542081739087e-03       9.078429764316e+03 
       5.606256021090e-03       9.146188249070e+03 
       5.671173406255e-03       9.214049138296e+03 
       5.736842499313e-03       9.281955097129e+03 
       5.803272004630e-03       9.349943572866e+03 
       5.870470727365e-03       9.417988703812e+03 
       5.938447574637e-03       9.486087235007e+03 
       6.007211556702e-03       9.554257385040e+03 
       6.076771788153e-03       9.622466606776e+03 
       6.147137489121e-03       9.690681124855e+03 
       6.218317986506e-03       9.758812611784e+03 
       6.290322715204e-03       9.826972292196e+03 
       6.363161219365e-03       9.895134287966e+03 
       6.436843153653e-03       9.963364652753e+03 
       6.511378284529e-03       1.003155788427e+04 
       6.586776491543e-03       1.009962327543e+04 
       6.663047768647e-03       1.016760580280e+04 
       6.740202225516e-03       1.023550428519e+04 
       6.818250088889e-03       1.030330781012e+04 
       6.897201703926e-03       1.037099689316e+04 
       6.977067535578e-03       1.043856584993e+04 
       7.057858169974e-03       1.050598152051e+04 
       7.139584315826e-03       1.057324713430e+04 
       7.222256805846e-03       1.064034503576e+04 
       7.305886598182e-03       1.070725849346e+04 
       7.390484777874e-03       1.077396959156e+04 
       7.476062558318e-03       1.084045407338e+04 
       7.562631282756e-03       1.090671810442e+04 
       7.650202425779e-03       1.097271970970e+04 
       7.738787594848e-03       1.103845625397e+04 
       7.828398531829e-03       1.110391198317e+04 
       7.919047114557e-03       1.116908364700e+04 
       8.010745358402e-03       1.123392019659e+04 
       8.103505417867e-03       1.129842684485e+04 
       8.197339588198e-03       1.136258031615e+04 
       8.292260307012e-03       1.142635494576e+04 
       8.388280155949e-03       1.148975837724e+04 
       8.485411862334e-03       1.155273648747e+04 
       8.583668300870e-03       1.161528271166e+04 
       8.683062495342e-03       1.167737847751e+04 
       8.783607620343e-03       1.173900455834e+04 
       8.885317003019e-03       1.180014389859e+04 
       8.988204124841e-03       1.186076332368e+04 
       9.092282623383e-03       1.192085147356e+04 
       9.197566294138e-03       1.198039394662e+04 
       9.304069092344e-03       1.203937361181e+04 
       9.411805134829e-03       1.209774274878e+04 
       9.520788701891e-03       1.215550325778e+04 
       9.631034239183e-03       1.221262416021e+04 
       9.742556359631e-03       1.226908649466e+04 
       9.855369845372e-03       1.232486716061e+04 
       9.969489649711e-03       1.237993302746e+04 
       1.008493089910e-02       1.243427206733e+04 
       1.020170889516e-02       1.248786029247e+04 
       1.031983911669e-02       1.254065782730e+04 
       1.043933722171e-02       1.259267737130e+04 
       1.056021904957e-02       1.264385806770e+04 
       1.068250062303e-02       1.269420254509e+04 
       1.080619815038e-02       1.274366609416e+04 
       1.093132802758e-02       1.279222579946e+04 
       1.105790684048e-02       1.283986902269e+04 
       1.118595136695e-02       1.288654122577e+04 
       1.131547857915e-02       1.293227426729e+04 
       1.144650564579e-02       1.297697116494e+04 
       1.157904993435e-02       1.302068244276e+04 
       1.171312901344e-02       1.306331989413e+04 
       1.184876065509e-02       1.310487516271e+04 
       1.198596283713e-02       1.314531787437e+04 
       1.212475374557e-02       1.318462533054e+04 
       1.226515177698e-02       1.322281652903e+04 
       1.240717554097e-02       1.325979394072e+04 
       1.255084386264e-02       1.329552620362e+04 
       1.269617578507e-02       1.332989720415e+04 
       1.284319057185e-02       1.336332711211e+04 
       1.299190770963e-02       1.339531712740e+04 
       1.314234691070e-02       1.342599997738e+04 
       1.329452811562e-02       1.345528319850e+04 
       1.344847149584e-02       1.348327387967e+04 
       1.360419745640e-02       1.350980965641e+04 
       1.376172663859e-02       1.353492599216e+04 
       1.392107992274e-02       1.355859935340e+04 
       1.408227843095e-02       1.358073233065e+04 
       1.424534352992e-02       1.360144352072e+04 
       1.441029683375e-02       1.362057753443e+04 
       1.457716020682e-02       1.363817984705e+04 
       1.474595576669e-02       1.365418193099e+04 
       1.491670588703e-02       1.366857838981e+04 
       1.508943320060e-02       1.368133415658e+04 
       1.526416060221e-02       1.369240604356e+04 
       1.544091125181e-02       1.370183703487e+04 
       1.561970857751e-02       1.370952933345e+04 
       1.580057627873e-02       1.371549535457e+04 
       1.598353832932e-02       1.371970038079e+04 
       1.616861898075e-02       1.372213128592e+04 
       1.635584276531e-02       1.372276107779e+04 
       1.654523449942e-02       1.372157275145e+04 
       1.673681928686e-02       1.371850881749e+04 
       1.693062252219e-02       1.371360165882e+04 
       1.712666989406e-02       1.370679736691e+04 
       1.732498738872e-02       1.369807808857e+04 
       1.752560129343e-02       1.368746289530e+04 
       1.772853820005e-02       1.367488138473e+04 
       1.793382500862e-02       1.366036640812e+04 
       1.814148893100e-02       1.364384356830e+04 
       1.835155749463e-02       1.362537256272e+04 
       1.856405854631e-02       1.360467899643e+04 
       1.877902025616e-02       1.358237288216e+04 
       1.899647112155e-02       1.355785554899e+04 
       1.921643997134e-02       1.353128531484e+04 
       1.943895597009e-02       1.350268450798e+04 
       1.966404862258e-02       1.347203563254e+04 
       1.989174777850e-02       1.343930674660e+04 
       2.012208363736e-02       1.340451594248e+04 
       2.035508675379e-02       1.336766650199e+04 
       2.059078804314e-02       1.332876308027e+04 
       2.082921878762e-02       1.328785714444e+04 
       2.107041064287e-02       1.324483317697e+04 
       2.131439564529e-02       1.319971912575e+04 
       2.156120622014e-02       1.315259798034e+04 
       2.181087519051e-02       1.310338811310e+04 
       2.206343578749e-02       1.305216868042e+04 
       2.231892166167e-02       1.299898016568e+04 
       2.257736689614e-02       1.294369058751e+04 
       2.283880602151e-02       1.288647895959e+04 
       2.310327403291e-02       1.282725949825e+04 
       2.337080640973e-02       1.276607245590e+04 
       2.364143913827e-02       1.270297223707e+04 
       2.391520873780e-02       1.263794005874e+04 
       2.419215229066e-02       1.257095953798e+04 
       2.447230747695e-02       1.250241558191e+04 
       2.475571261439e-02       1.243172582273e+04 
       2.504240670419e-02       1.235936785841e+04 
       2.533242948370e-02       1.228523081911e+04 
       2.562582148655e-02       1.220938071457e+04 
       2.592262411154e-02       1.213198278755e+04 
       2.622287970092e-02       1.205294746255e+04 
       2.652663162942e-02       1.197223687698e+04 
       2.683392440500e-02       1.188984209567e+04 
       2.714480378267e-02       1.180605605148e+04 
       2.745931689253e-02       1.172099477649e+04 
       2.777751238343e-02       1.163436239052e+04 
       2.809944058365e-02       1.154653523621e+04 
       2.842515367993e-02       1.145731235512e+04 
       2.875470591644e-02       1.136702032262e+04 
       2.908815381505e-02       1.127554782996e+04 
       2.942555641860e-02       1.118295760013e+04 
       2.976697555850e-02       1.108941380544e+04 
       3.011247614835e-02       1.099490235864e+04 
       3.046212650517e-02       1.089956961714e+04 
       3.081599869967e-02       1.080345895533e+04 
       3.117416893737e-02       1.070655003561e+04 
       3.153671797190e-02       1.060889436695e+04 
       3.190373155244e-02       1.051068480305e+04 
       3.227530090661e-02       1.041204721566e+04 
       3.265152326085e-02       1.031299813998e+04 
       3.303250239982e-02       1.021326189273e+04 
       3.341834926686e-02       1.011358273690e+04 
       3.380918260746e-02       1.001342130786e+04 
       3.420512965784e-02       9.913374692890e+03 
       3.460632688112e-02       9.813177053587e+03 
       3.501292075352e-02       9.712848989902e+03 
       3.542506860361e-02       9.612510789947e+03 
       3.584293950776e-02       9.512551672151e+03 
       3.626671524538e-02       9.412640236775e+03 
       3.669659131813e-02       9.313283216901e+03 
       3.713277803758e-02       9.213935063936e+03 
       3.757550168660e-02       9.115076228716e+03 
       3.802500576034e-02       9.016819037588e+03 
       3.848155229333e-02       8.918898402978e+03 
       3.894542328019e-02       8.821692912741e+03 
       3.941692219821e-02       8.725043320604e+03 
       3.989637564119e-02       8.629441390113e+03 
       4.038413507479e-02       8.534413948900e+03 
       4.088057872496e-02       8.439899909649e+03 
       4.138611361227e-02       8.346559489004e+03 
       4.190117774609e-02       8.253978210809e+03 
       4.242624249420e-02       8.162494020781e+03 
       4.296181514471e-02       8.071877489227e+03 
       4.350844167888e-02       7.982340853461e+03 
       4.406670977486e-02       7.893899385028e+03 
       4.463725206401e-02       7.806554002738e+03 
       4.522074966325e-02       7.720309583406e+03 
       4.581793600825e-02       7.635058519982e+03 
       4.642960101371e-02       7.551138327660e+03 
       4.705659558850e-02       7.468359128646e+03 
       4.769983653410e-02       7.386553384753e+03 
       4.836031185539e-02       7.305953295222e+03 
       4.903908651297e-02       7.226411435464e+03 
       4.973730864479e-02       7.147907936102e+03 
       5.045621628321e-02       7.070319178274e+03 
       5.119714458971e-02       6.993670864784e+03 
       5.196153362384e-02       6.917779678227e+03 
       5.275093665489e-02       6.842233975631e+03 
       5.356702901320e-02       6.767640710603e+03 
       5.441161746242e-02       6.692994065001e+03 
       5.528665005329e-02       6.618546913475e+03 
       5.619422639285e-02       6.543613374837e+03 
       5.713660822825e-02       6.468025344513e+03 
       5.811623020183e-02       6.391265077865e+03 
       5.913571058056e-02       6.313008644078e+03 
       6.019786169935e-02       6.232408936948e+03 
       6.130569978168e-02       6.149055841905e+03 
       6.246245371367e-02       6.062038203518e+03 
       6.367157225015e-02       5.970573051356e+03 
       6.493672902664e-02       5.873782160434e+03 
       6.626182464482e-02       5.770700889844e+03 
       6.765098500087e-02       5.660344077582e+03 
       6.910855494849e-02       5.541754096642e+03 
       7.063908634950e-02       5.414034136322e+03 
       7.224731958697e-02       5.276470687258e+03 
       7.393815772533e-02       5.128517321604e+03 
       7.571663272501e-02       4.970090237481e+03 
       7.758786348041e-02       4.801439087991e+03 
       7.955700596396e-02       4.623511192138e+03 
       8.162919642061e-02       4.437720127924e+03 
       8.380948933892e-02       4.246306695705e+03 
       8.610279276173e-02       4.052382419214e+03 
       8.851380429644e-02       3.859302610621e+03 
       9.104695181526e-02       3.670955635018e+03 
       9.370634316586e-02       3.491325134831e+03 
       9.649572912298e-02       3.324061323152e+03 
       9.941848323255e-02       3.172190950140e+03 
       1.024776011384e-01       3.037225635468e+03 
       1.056757205347e-01       2.919376888201e+03 
       1.090151612342e-01       2.817065334339e+03 
       1.124979832128e-01       2.726637912764e+03 
       1.161260591125e-01       2.643128901438e+03 
       1.199011567417e-01       2.560208929382e+03 
       1.238250266969e-01       2.471656742971e+03 
       1.278994903396e-01       2.372418677417e+03 
       1.321265239033e-01       2.259944671909e+03 
       1.365083353322e-01       2.135167687009e+03 
       1.410474314023e-01       2.002314806821e+03 
       1.457466735929e-01       1.868358605056e+03 
       1.506093219553e-01       1.741299365681e+03 
       1.556390668012e-01       1.627986486110e+03 
       1.608400483767e-01       1.532454557937e+03 
       1.662168648173e-01       1.455059529611e+03 
       1.717745686195e-01       1.392096308205e+03 
       1.775186516574e-01       1.337086783499e+03 
       1.834550184608e-01       1.282336618923e+03 
       1.895899471014e-01       1.221869929877e+03 
       1.959300366331e-01       1.152752612255e+03 
       2.024821396487e-01       1.077322879874e+03 
       2.092532781880e-01       1.001784300481e+03 
       2.162505409916e-01       9.329145517919e+02 
       2.234809600168e-01       8.745413895630e+02 
       2.309513642517e-01       8.265639960600e+02 
       2.386682092800e-01       7.858470454502e+02 
       2.466373818270e-01       7.469697474673e+02 
       2.548639797413e-01       7.055521125059e+02 
       2.633520696070e-01       6.609300524425e+02 
       2.721044264627e-01       6.159760751284e+02 
       2.811222628890e-01       5.745581284499e+02 
       2.904049578907e-01       5.392153954462e+02 
       2.999497992670e-01       5.089370416976e+02 
       3.097517561493e-01       4.807366509545e+02 
       3.198033005287e-01       4.523972132965e+02 
       3.300942973157e-01       4.237129820379e+02 
       3.406119811528e-01       3.963599366235e+02 
       3.513410344708e-01       3.719376819089e+02 
       3.622637750380e-01       3.503639248812e+02 
       3.733604529299e-01       3.305396140518e+02 
       3.846096473142e-01       3.113714052120e+02 
       3.959887440198e-01       2.929439507626e+02 
       4.074744669783e-01       2.758042310532e+02 
       4.190434315926e-01       2.602881944389e+02 
       4.306726867074e-01       2.461517616340e+02 
       4.423402142741e-01       2.330157616707e+02 
       4.540253614633e-01       2.206643676628e+02 
       4.657091877914e-01       2.090755771430e+02 
       4.773747184803e-01       1.983761064361e+02 
       4.890071034872e-01       1.885503656276e+02 
       5.005936884748e-01       1.795069218365e+02 
       5.121240088879e-01       1.710455285734e+02 
       5.235897211415e-01       1.631285558687e+02 
       5.349844858981e-01       1.557410586713e+02 
       5.463038179186e-01       1.488909548405e+02 
       5.575449154680e-01       1.425201150233e+02 
       5.687064801965e-01       1.365631745319e+02 
       5.797885361527e-01       1.309846162139e+02 
       5.907922543906e-01       1.257380752224e+02 
       6.017197876609e-01       1.208211981979e+02 
       6.125741180192e-01       1.161969567182e+02 
       6.233589188622e-01       1.118558371304e+02 
       6.340784318962e-01       1.077616879480e+02 
       6.447373588188e-01       1.038910671965e+02 
       6.553407670027e-01       1.002324679970e+02 
       6.658940081647e-01       9.676185289642e+01 
       6.764026488350e-01       9.347786762490e+01 
       6.868724113799e-01       9.035643384746e+01 
       6.973091243388e-01       8.739013264314e+01 
       7.077186808868e-01       8.456638136939e+01 
       7.181070043253e-01       8.186990362821e+01 
       7.284800195936e-01       7.929986600015e+01 
       7.388436299055e-01       7.684015449774e+01 
       7.492036977163e-01       7.448916390973e+01 
       7.595660293259e-01       7.223703129196e+01 
       7.699363625176e-01       7.007516354716e+01 
       7.803203567161e-01       6.800297368023e+01 
       7.907235852248e-01       6.600843884579e+01 
       8.011515291693e-01       6.409258213377e+01 
       8.116095728357e-01       6.224735617933e+01 
       8.221030001407e-01       6.046904624000e+01 
       8.326369920194e-01       5.875624548437e+01 
       8.432166245519e-01       5.710079552292e+01 
       8.538468676862e-01       5.550463199272e+01 
       8.645325844419e-01       5.396046152556e+01 
       8.752785305026e-01       5.246809233461e+01 
       8.860893541281e-01       5.102467231061e+01 
       8.969695963324e-01       4.962607160460e+01 
       9.079236912885e-01       4.827323676844e+01 
       9.189559669326e-01       4.696028393500e+01 
       9.300706457515e-01       4.568916413933e+01 
       9.412718457417e-01       4.445493028447e+01 
       9.525635815381e-01       4.325803696212e+01 
       9.639497657108e-01       4.209624427416e+01 
       9.754342102345e-01       4.096748716924e+01 
       9.870206281362e-01       3.987145131680e+01 
       9.987126353259e-01       3.880565464242e+01 
       1.010513752617e+00       3.777093444107e+01 
       1.022427407941e+00       3.676375938691e+01 
       1.034456938761e+00       3.578552928211e+01 
       1.046605594683e+00       3.483283044809e+01 
       1.058876540267e+00       3.390713204824e+01 
       1.071272858029e+00       3.300515465272e+01 
       1.083797551638e+00       3.212873892588e+01 
       1.096453549283e+00       3.127440120926e+01 
       1.109243707211e+00       3.044384894370e+01 
       1.122170813415e+00       2.963435251109e+01 
       1.135237591453e+00       2.884716593887e+01 
       1.148446704386e+00       2.807987171751e+01 
       1.161800758803e+00       2.733340304753e+01 
       1.175302308921e+00       2.660583246750e+01 
       1.188953860725e+00       2.589806917931e+01 
       1.202757876135e+00       2.520825139570e+01 
       1.216716777170e+00       2.453679968940e+01 
       1.230832950087e+00       2.388263631687e+01 
       1.245108749465e+00       2.324547104898e+01 
       1.259546502230e+00       2.262500257916e+01 
       1.274148511579e+00       2.202027190102e+01 
       1.288917060804e+00       2.143173350114e+01 
       1.303854416984e+00       2.085795756252e+01 
       1.318962834541e+00       2.029947944372e+01 
       1.334244558651e+00       1.975535902281e+01 
       1.349701828486e+00       1.922526554727e+01 
       1.365336880297e+00       1.870843359712e+01 
       1.381151950322e+00       1.820556629517e+01 
       1.397149277522e+00       1.771604030381e+01 
       1.413331106145e+00       1.723936488875e+01 
       1.429699688114e+00       1.677485881010e+01 
       1.446257285251e+00       1.632278690567e+01 
       1.463006171333e+00       1.588242702458e+01 
       1.479948633994e+00       1.545301393788e+01 
       1.497086976474e+00       1.503548627246e+01 
       1.514423519228e+00       1.462998273852e+01 
       1.531960601399e+00       1.423378907643e+01 
       1.549700582167e+00       1.384815946376e+01 
       1.567645841985e+00       1.347269990736e+01 
       1.585798783705e+00       1.310695680592e+01 
       1.604161833612e+00       1.275092674699e+01 
       1.622737442367e+00       1.240467519725e+01 
       1.641528085875e+00       1.206716054186e+01 
       1.660536266079e+00       1.173853342318e+01 
       1.679764511698e+00       1.141863028616e+01 
       1.699215378901e+00       1.110733347771e+01 
       1.718891451947e+00       1.080429807872e+01 
       1.738795343768e+00       1.050918704307e+01 
       1.758929696532e+00       1.022171112975e+01 
       1.779297182165e+00       9.942139669074e+00 
       1.799900502854e+00       9.669952606414e+00 
       1.820742391526e+00       9.404996814879e+00 
       1.841825612311e+00       9.147037889413e+00 
       1.863152960994e+00       8.896061387188e+00 
       1.884727265447e+00       8.651673219002e+00 
       1.906551386066e+00       8.413908287044e+00 
       1.928628216192e+00       8.182492784828e+00 
       1.950960682526e+00       7.956811857717e+00 
       1.973551745554e+00       7.737580228207e+00 
       1.996404399957e+00       7.524302480544e+00 
       2.019521675025e+00       7.316715182258e+00 
       2.042906635077e+00       7.114660742300e+00 
       2.066562379877e+00       6.918078294403e+00 
       2.090492045051e+00       6.726794782575e+00 
       2.114698802513e+00       6.540682025195e+00 
       2.139185860888e+00       6.359589239002e+00 
       2.163956465943e+00       6.183384984250e+00 
       2.189013901021e+00       6.011937025795e+00 
       2.214361487474e+00       5.845114215269e+00 
       2.240002585112e+00       5.682817024303e+00 
       2.265940592642e+00       5.524925641198e+00 
       2.292178948128e+00       5.371296603795e+00 
       2.318721129440e+00       5.221863564722e+00 
       2.345570654717e+00       5.076404617629e+00 
       2.372731082839e+00       4.934999482378e+00 
       2.400206013892e+00       4.797421753496e+00 
       2.427999089650e+00       4.663588512462e+00 
       2.456113994055e+00       4.533409238662e+00 
       2.484554453709e+00       4.406762426657e+00 
       2.513324238363e+00       4.283560040609e+00 
       2.542427161423e+00       4.164098523951e+00 
       2.571867080448e+00       4.047501729931e+00 
       2.601647897669e+00       3.934130771687e+00 
       2.631773560501e+00       3.823882575141e+00 
       2.662248062068e+00       3.716661070097e+00 
       2.693075441731e+00       3.612313344102e+00 
       2.724259785627e+00       3.510908675433e+00 
       2.755805227207e+00       3.412301839869e+00 
       2.787715947784e+00       3.316062147925e+00 
       2.819996177091e+00       3.222758468741e+00 
       2.852650193837e+00       3.132032315465e+00 
       2.885682326276e+00       3.043814340126e+00 
       2.919096952782e+00       2.958010343585e+00 
       2.952898502427e+00       2.874815995826e+00 
       2.987091455570e+00       2.793456084215e+00 
       3.021680344450e+00       2.714576290997e+00 
       3.056669753786e+00       2.637880205541e+00 
       3.092064321388e+00       2.563492782727e+00 
       3.127868738766e+00       2.490773321005e+00 
       3.164087751758e+00       2.420279027795e+00 
       3.200726161153e+00       2.351731040920e+00 
       3.237788823335e+00       2.285282394455e+00 
       3.275280650918e+00       2.220489416676e+00 
       3.313206613403e+00       2.157512386454e+00 
       3.351571737837e+00       2.096271413688e+00 
       3.390381109474e+00       2.036731767705e+00 
       3.429639872455e+00       1.978732825214e+00 
       3.469353230486e+00       1.922469858800e+00 
       3.509526447530e+00       1.867764860509e+00 
       3.550164848503e+00       1.814597098459e+00 
       3.591273819981e+00       1.762913177737e+00 
       3.632858810914e+00       1.712673249725e+00 
       3.674925333348e+00       1.663860596506e+00 
       3.717478963154e+00       1.616431961314e+00 
       3.760525340770e+00       1.570220087536e+00 
       3.804070171947e+00       1.525461039637e+00 
       3.848119228504e+00       1.481851892238e+00 
       3.892678349097e+00       1.439438347642e+00 
       3.937753439989e+00       1.398255891931e+00 
       3.983350475834e+00       1.358272627559e+00 
       4.029475500470e+00       1.319372266653e+00 
       4.076134627719e+00       1.281517393353e+00 
       4.123334042198e+00       1.244825904874e+00 
       4.171080000138e+00       1.209113365857e+00 
       4.219378830214e+00       1.174409494276e+00 
       4.268236934384e+00       1.140695947379e+00 
       4.317660788736e+00       1.107924950867e+00 
       4.367656944349e+00       1.076086858517e+00 
       4.418232028159e+00       1.045136525110e+00 
       4.469392743838e+00       1.015030416104e+00 
       4.521145872685e+00       9.858187624608e-01 
       4.573498274520e+00       9.574591537486e-01 
       4.626456888598e+00       9.298794333482e-01 
       4.680028734525e+00       9.030317785005e-01 
       4.734220913191e+00       8.769705742050e-01 
       4.789040607712e+00       8.516679199979e-01 
       4.844495084378e+00       8.270788029096e-01 
       4.900591693619e+00       8.031829079430e-01 
       4.957337870982e+00       7.799798587758e-01 
       5.014741138110e+00       7.574207292885e-01 
       5.072809103744e+00       7.355243990886e-01 
       5.131549464730e+00       7.142217271758e-01 
       5.190970007039e+00       6.935471106393e-01 
       5.251078606800e+00       6.734630310573e-01 
       5.311883231343e+00       6.539272079763e-01 
       5.373391940254e+00       6.349918900527e-01 
       5.435612886447e+00       6.165471327135e-01 
       5.498554317240e+00       5.986616649679e-01 
       5.562224575452e+00       5.812738943302e-01 
       5.626632100507e+00       5.643945981976e-01 
       5.691785429552e+00       5.479951285926e-01 
       5.757693198590e+00       5.320587391420e-01 
       5.824364143626e+00       5.165881935703e-01 
       5.891807101820e+00       5.015688194940e-01 
       5.960031012664e+00       4.869437647627e-01 
       6.029044919163e+00       4.727739433884e-01 
       6.098857969035e+00       4.589724053671e-01 
       6.169479415925e+00       4.456018990438e-01 
       6.240918620629e+00       4.325975340717e-01 
       6.313185052336e+00       4.199754791947e-01 
       6.386288289884e+00       4.077171656032e-01 
       6.460238023027e+00       3.958115221843e-01 
       6.535044053723e+00       3.842490579893e-01 
       6.610716297430e+00       3.730178178754e-01 
       6.687264784421e+00       3.621099542099e-01 
       6.764699661116e+00       3.515179382539e-01 
       6.843031191424e+00       3.412314498846e-01 
       6.922269758104e+00       3.312427134356e-01 
       7.002425864143e+00       3.215405600554e-01 
       7.083510134145e+00       3.121187875775e-01 
       7.165533315743e+00       3.029695557634e-01 
       7.248506281020e+00       2.940838782368e-01 
       7.332440027954e+00       2.854525729384e-01 
       7.417345681871e+00       2.770745778111e-01 
       7.503234496924e+00       2.689388837719e-01 
       7.590117857582e+00       2.610386134631e-01 
       7.678007280141e+00       2.533687251805e-01 
       7.766914414249e+00       2.459194730913e-01 
       7.856851044449e+00       2.386881349208e-01 
       7.947829091745e+00       2.316662006539e-01 
       8.039860615179e+00       2.248571507441e-01 
       8.132957813428e+00       2.182358322198e-01 
       8.227133026426e+00       2.118068496097e-01 
       8.322398736996e+00       2.055656492523e-01 
       8.418767572504e+00       1.994983784191e-01 
       8.516252306534e+00       1.936150513109e-01 
       8.614865860584e+00       1.879026929168e-01 
       8.714621305771e+00       1.823461158007e-01 
       8.815531864574e+00       1.769727171210e-01 
       8.917610912576e+00       1.717458770587e-01 
       9.020871980246e+00       1.666712519417e-01 
       9.125328754726e+00       1.617443615479e-01 
       9.230995081648e+00       1.569599257804e-01 
       9.337884966969e+00       1.523170445068e-01 
       9.446012578828e+00       1.478089469936e-01 
       9.555392249423e+00       1.434345440410e-01 
       9.666038476911e+00       1.391861447802e-01 
       9.777965927328e+00       1.350626529062e-01 
       9.891189436539e+00       1.310599974852e-01 
       1.000572401220e+01       1.271744481801e-01 
       1.012158483573e+01       1.234028150718e-01 
       1.023878726437e+01       1.197421759131e-01 
       1.035734683318e+01       1.161888340003e-01 
       1.047727925709e+01       1.127357709109e-01 
       1.059860043301e+01       1.093903042932e-01 
       1.072132644195e+01       1.061442571193e-01 
       1.084547355109e+01       1.029859397534e-01 
       1.097105821600e+01       9.991978357052e-02 
       1.109809708279e+01       9.694787645272e-02 
       1.122660699034e+01       9.407147049971e-02 
       1.135660497247e+01       9.126803765968e-02 
       1.148810826030e+01       8.855069757140e-02 
       1.162113428443e+01       8.591340024598e-02 
       1.175570067733e+01       8.335369653437e-02 
       1.189182527561e+01       8.086940934339e-02 
       1.202952612246e+01       7.845910511723e-02 
       1.216882146996e+01       7.611865831967e-02 
       1.230972978157e+01       7.384782073249e-02 
       1.245226973453e+01       7.164409784450e-02 
       1.259646022235e+01       6.950524342072e-02 
       1.274232035733e+01       6.742963334348e-02 
       1.288986947308e+01       6.541515895469e-02 
       1.303912712706e+01       6.346178604893e-02 
       1.319011310321e+01       6.156440921699e-02 
       1.334284741457e+01       5.972250437125e-02 
       1.349735030591e+01       5.793552978888e-02 
       1.365364225640e+01       5.620191292317e-02 
       1.381174398239e+01       5.451981124351e-02 
       1.397167644009e+01       5.288763373693e-02 
       1.413346082836e+01       5.130164060532e-02 
       1.429711859156e+01       4.976784018105e-02 
       1.446267142233e+01       4.827491885763e-02 
       1.463014126455e+01       4.682864000904e-02 
       1.479955031613e+01       4.542337202607e-02 
       1.497092103209e+01       4.406181623597e-02 
       1.514427612741e+01       4.273913926397e-02 
       1.531963858012e+01       4.145527024218e-02 
       1.549703163434e+01       4.021046963247e-02 
       1.567647880331e+01       3.900265153727e-02 
       1.585800387257e+01       3.783155911370e-02 
       1.604163090307e+01       3.669454489732e-02 
       1.622738423436e+01       3.559116012573e-02 
       1.641528848786e+01       3.451891485578e-02 
       1.660536857007e+01       3.348223656185e-02 
       1.679764967590e+01       3.247413130424e-02 
       1.699215729199e+01       3.149737425256e-02 
       1.718891720013e+01       3.054865076265e-02 
       1.738795548063e+01       2.962795283572e-02 
       1.758929851579e+01       2.873597611232e-02 
       1.779297299342e+01       2.786968017309e-02 
       1.799900591034e+01       2.702924093574e-02 
       1.820742457601e+01       2.621447006770e-02 
       1.841825661607e+01       2.542373321789e-02 
       1.863152997611e+01       2.465664307725e-02 
       1.884727292526e+01       2.391185710192e-02 
       1.906551406002e+01       2.318965721802e-02 
       1.928628230802e+01       2.249012546347e-02 
       1.950960693185e+01       2.181057120602e-02 
       1.973551753294e+01       2.115100713247e-02 
       1.996404405551e+01       2.051206836623e-02 
       2.019521679050e+01       1.989181743948e-02 
       2.042906637959e+01       1.928991704046e-02 
       2.066562381930e+01       1.870620787110e-02 
       2.090492046507e+01       1.814012057752e-02 
       2.114698803541e+01       1.759133832960e-02 
       2.139185861610e+01       1.705837036692e-02 
       2.163956466447e+01       1.654175263232e-02 
       2.189013901371e+01       1.604087005895e-02 
       2.214361487716e+01       1.555410682647e-02 
       2.240002585278e+01       1.508281969414e-02 
       2.265940592757e+01       1.462577230062e-02 
       2.292178948206e+01       1.418223791990e-02 
       2.318721129492e+01       1.375181497563e-02 
       2.345570654753e+01       1.333420396185e-02 
       2.372731082863e+01       1.292973066727e-02 
       2.400206013908e+01       1.253711873381e-02 
       2.427999089660e+01       1.215598769442e-02 
       2.456113994062e+01       1.178707281421e-02 
       2.484554453713e+01       1.142868335079e-02 
       2.513324238366e+01       1.108074783061e-02 
       2.542427161425e+01       1.074410235248e-02 
       2.571867080450e+01       1.041725541911e-02 
       2.601647897670e+01       1.010032131873e-02 
       2.631773560502e+01       9.793220617866e-03 
       2.662248062068e+01       9.494831456338e-03 
       2.693075441731e+01       9.205985710329e-03 
       2.724259785627e+01       8.925544614953e-03 
       2.755805227207e+01       8.653581388216e-03 
       2.787715947784e+01       8.389477023233e-03 
       2.819996177091e+01       8.134068660270e-03 
       2.852650193837e+01       7.886185929184e-03 
       2.885682326276e+01       7.645644417036e-03 
       2.919096952782e+01       7.412345722598e-03 
       2.952898502427e+01       7.186192701296e-03 
       2.987091455570e+01       6.966806096060e-03 
       3.021680344450e+01       6.754064364702e-03 
