# Matter power spectrum P(k) at redshift z=0.5
# for k=1.06493e-05 to 30.1228 h/Mpc,
# number of wavenumbers equal to 1159
#    1:k (h/Mpc)              2:P (Mpc/h)^3        
       1.064925112593e-05       2.503629172810e+01 
       1.077256364225e-05       2.531658204140e+01 
       1.089730405020e-05       2.559999537783e+01 
       1.102348888401e-05       2.588658850068e+01 
       1.115113486933e-05       2.617639154734e+01 
       1.128025892549e-05       2.646945269749e+01 
       1.141087816776e-05       2.676577168335e+01 
       1.154300990957e-05       2.706542830773e+01 
       1.167667166484e-05       2.736841862265e+01 
       1.181188115029e-05       2.767482062770e+01 
       1.194865628779e-05       2.798464013260e+01 
       1.208701520674e-05       2.829793157868e+01 
       1.222697624647e-05       2.861473526402e+01 
       1.236855795865e-05       2.893507982018e+01 
       1.251177910979e-05       2.925900184323e+01 
       1.265665868371e-05       2.958655504950e+01 
       1.280321588402e-05       2.991778940143e+01 
       1.295147013672e-05       3.025272199229e+01 
       1.310144109277e-05       3.059139435828e+01 
       1.325314863064e-05       3.093386587034e+01 
       1.340661285901e-05       3.128017561820e+01 
       1.356185411939e-05       3.163036127952e+01 
       1.371889298885e-05       3.198447659932e+01 
       1.387775028271e-05       3.234253863703e+01 
       1.403844705734e-05       3.270461835973e+01 
       1.420100461292e-05       3.307074963139e+01 
       1.436544449628e-05       3.344097812926e+01 
       1.453178850375e-05       3.381535328053e+01 
       1.470005868404e-05       3.419391628738e+01 
       1.487027734119e-05       3.457671322330e+01 
       1.504246703749e-05       3.496381348892e+01 
       1.521665059651e-05       3.535522395035e+01 
       1.539285110608e-05       3.575103533726e+01 
       1.557109192139e-05       3.615126678863e+01 
       1.575139666807e-05       3.655597427684e+01 
       1.593378924532e-05       3.696522519634e+01 
       1.611829382907e-05       3.737906387367e+01 
       1.630493487522e-05       3.779752562802e+01 
       1.649373712281e-05       3.822067411480e+01 
       1.668472559740e-05       3.864855882117e+01 
       1.687792561430e-05       3.908122931634e+01 
       1.707336278195e-05       3.951874678828e+01 
       1.727106300535e-05       3.996116511939e+01 
       1.747105248944e-05       4.040853009905e+01 
       1.767335774261e-05       4.086089536665e+01 
       1.787800558021e-05       4.131833852771e+01 
       1.808502312808e-05       4.178089763498e+01 
       1.829443782618e-05       4.224866413540e+01 
       1.850627743220e-05       4.272161792256e+01 
       1.872057002525e-05       4.319991836108e+01 
       1.893734400958e-05       4.368349797842e+01 
       1.915662811834e-05       4.417254216800e+01 
       1.937845141741e-05       4.466705747273e+01 
       1.960284330923e-05       4.516713829932e+01 
       1.982983353669e-05       4.567273502506e+01 
       2.005945218711e-05       4.618407900014e+01 
       2.029172969619e-05       4.670111248799e+01 
       2.052669685206e-05       4.722391079025e+01 
       2.076438479936e-05       4.775259255436e+01 
       2.100482504338e-05       4.828716655678e+01 
       2.124804945421e-05       4.882775327258e+01 
       2.149409027098e-05       4.937434938993e+01 
       2.174298010613e-05       4.992711851867e+01 
       2.199475194974e-05       5.048605342955e+01 
       2.224943917390e-05       5.105123128142e+01 
       2.250707553712e-05       5.162275719944e+01 
       2.276769518883e-05       5.220061824327e+01 
       2.303133267387e-05       5.278502874511e+01 
       2.329802293711e-05       5.337597311800e+01 
       2.356780132806e-05       5.397348716224e+01 
       2.384070360554e-05       5.457767909610e+01 
       2.411676594247e-05       5.518871115892e+01 
       2.439602493060e-05       5.580649997491e+01 
       2.467851758540e-05       5.643124699226e+01 
       2.496428135099e-05       5.706304079048e+01 
       2.525335410502e-05       5.770185097719e+01 
       2.554577416379e-05       5.834779115978e+01 
       2.584158028725e-05       5.900098002748e+01 
       2.614081168419e-05       5.966146732640e+01 
       2.644350801741e-05       6.032936465596e+01 
       2.674970940896e-05       6.100479526854e+01 
       2.705945644553e-05       6.168769429826e+01 
       2.737279018374e-05       6.237827791403e+01 
       2.768975215564e-05       6.307660506885e+01 
       2.801038437419e-05       6.378271858251e+01 
       2.833472933886e-05       6.449672258160e+01 
       2.866283004120e-05       6.521874505069e+01 
       2.899472997062e-05       6.594884952320e+01 
       2.933047312010e-05       6.668712651390e+01 
       2.967010399201e-05       6.743366857969e+01 
       3.001366760407e-05       6.818856713856e+01 
       3.036120949527e-05       6.895191463393e+01 
       3.071277573189e-05       6.972380668232e+01 
       3.106841291367e-05       7.050433890851e+01 
       3.142816817993e-05       7.129361093493e+01 
       3.179208921585e-05       7.209173181492e+01 
       3.216022425875e-05       7.289876632801e+01 
       3.253262210454e-05       7.371483759537e+01 
       3.290933211415e-05       7.454004561361e+01 
       3.329040422009e-05       7.537448764343e+01 
       3.367588893305e-05       7.621830323943e+01 
       3.406583734862e-05       7.707150731328e+01 
       3.446030115402e-05       7.793429481755e+01 
       3.485933263501e-05       7.880671802723e+01 
       3.526298468279e-05       7.968891822602e+01 
       3.567131080099e-05       8.058098913453e+01 
       3.608436511281e-05       8.148305098581e+01 
       3.650220236813e-05       8.239520843912e+01 
       3.692487795083e-05       8.331753538800e+01 
       3.735244788612e-05       8.425022353320e+01 
       3.778496884791e-05       8.519340426478e+01 
       3.822249816640e-05       8.614706251656e+01 
       3.866509383561e-05       8.711141669014e+01 
       3.911281452114e-05       8.808657911084e+01 
       3.956571956786e-05       8.907264604746e+01 
       4.002386900786e-05       9.006975622244e+01 
       4.048732356834e-05       9.107801868663e+01 
       4.095614467970e-05       9.209755070203e+01 
       4.143039448368e-05       9.312850661605e+01 
       4.191013584158e-05       9.417097648870e+01 
       4.239543234258e-05       9.522511954840e+01 
       4.288634831222e-05       9.629111809403e+01 
       4.338294882088e-05       9.736900530501e+01 
       4.388529969241e-05       9.845897772924e+01 
       4.439346751288e-05       9.956108996610e+01 
       4.490751963938e-05       1.006755847690e+02 
       4.542752420897e-05       1.018025797341e+02 
       4.595355014769e-05       1.029421501175e+02 
       4.648566717970e-05       1.040944747935e+02 
       4.702394583655e-05       1.052597002478e+02 
       4.756845746649e-05       1.064379603567e+02 
       4.811927424393e-05       1.076293970807e+02 
       4.867646917906e-05       1.088341940331e+02 
       4.924011612745e-05       1.100524567788e+02 
       4.981028979990e-05       1.112843521247e+02 
       5.038706577231e-05       1.125300379009e+02 
       5.097052049571e-05       1.137896497446e+02 
       5.156073130640e-05       1.150633794751e+02 
       5.215777643617e-05       1.163513519750e+02 
       5.276173502271e-05       1.176537369532e+02 
       5.337268712007e-05       1.189706755772e+02 
       5.399071370931e-05       1.203023921603e+02 
       5.461589670917e-05       1.216489917984e+02 
       5.524831898697e-05       1.230106528624e+02 
       5.588806436962e-05       1.243875596234e+02 
       5.653521765466e-05       1.257798643488e+02 
       5.718986462157e-05       1.271877630304e+02 
       5.785209204308e-05       1.286113715145e+02 
       5.852198769673e-05       1.300509451286e+02 
       5.919964037647e-05       1.315066402364e+02 
       5.988513990441e-05       1.329785973306e+02 
       6.057857714278e-05       1.344670276026e+02 
       6.128004400593e-05       1.359721335743e+02 
       6.198963347254e-05       1.374940579174e+02 
       6.270743959793e-05       1.390329965792e+02 
       6.343355752651e-05       1.405891630509e+02 
       6.416808350443e-05       1.421627365073e+02 
       6.491111489231e-05       1.437539204777e+02 
       6.566275017817e-05       1.453629202591e+02 
       6.642308899044e-05       1.469899248753e+02 
       6.719223211120e-05       1.486351146471e+02 
       6.797028148955e-05       1.502987080239e+02 
       6.875734025509e-05       1.519809007982e+02 
       6.955351273161e-05       1.536819336227e+02 
       7.035890445090e-05       1.554019630172e+02 
       7.117362216677e-05       1.571412738351e+02 
       7.199777386916e-05       1.589000212141e+02 
       7.283146879849e-05       1.606784392315e+02 
       7.367481746012e-05       1.624767305955e+02 
       7.452793163901e-05       1.642951755006e+02 
       7.539092441451e-05       1.661339176909e+02 
       7.626391017538e-05       1.679932748986e+02 
       7.714700463493e-05       1.698734137056e+02 
       7.804032484639e-05       1.717745310062e+02 
       7.894398921838e-05       1.736969871014e+02 
       7.985811753063e-05       1.756409015897e+02 
       8.078283094986e-05       1.776065667306e+02 
       8.171825204582e-05       1.795941785180e+02 
       8.266450480759e-05       1.816040591965e+02 
       8.362171465992e-05       1.836363888624e+02 
       8.459000847996e-05       1.856914580271e+02 
       8.556951461400e-05       1.877695073582e+02 
       8.656036289452e-05       1.898707985233e+02 
       8.756268465737e-05       1.919955729436e+02 
       8.857661275924e-05       1.941441189533e+02 
       8.960228159518e-05       1.963166791530e+02 
       9.063982711649e-05       1.985135281138e+02 
       9.168938684871e-05       2.007349329627e+02 
       9.275109990985e-05       2.029811841965e+02 
       9.382510702881e-05       2.052525449646e+02 
       9.491155056408e-05       2.075492977609e+02 
       9.601057452257e-05       2.098717248856e+02 
       9.712232457872e-05       2.122201129268e+02 
       9.824694809380e-05       2.145947523174e+02 
       9.938459413542e-05       2.169959327066e+02 
       1.005354134974e-04       2.194239517481e+02 
       1.016995587194e-04       2.218791103893e+02 
       1.028771841079e-04       2.243617069813e+02 
       1.040684457557e-04       2.268720446305e+02 
       1.052735015632e-04       2.294104525371e+02 
       1.064925112593e-04       2.319772070865e+02 
       1.077256364225e-04       2.345726597530e+02 
       1.089730405020e-04       2.371971031290e+02 
       1.102348888401e-04       2.398508719111e+02 
       1.115113486933e-04       2.425342936140e+02 
       1.128025892549e-04       2.452476951607e+02 
       1.141087816776e-04       2.479914106908e+02 
       1.154300990957e-04       2.507657762494e+02 
       1.167667166484e-04       2.535711353135e+02 
       1.181188115029e-04       2.564078336607e+02 
       1.194865628779e-04       2.592762130291e+02 
       1.208701520674e-04       2.621766317929e+02 
       1.222697624647e-04       2.651094445227e+02 
       1.236855795865e-04       2.680750107394e+02 
       1.251177910979e-04       2.710736954929e+02 
       1.265665868371e-04       2.741058628003e+02 
       1.280321588402e-04       2.771718961401e+02 
       1.295147013672e-04       2.802721588425e+02 
       1.310144109277e-04       2.834070322391e+02 
       1.325314863064e-04       2.865769029391e+02 
       1.340661285901e-04       2.897821621648e+02 
       1.356185411939e-04       2.930231984138e+02 
       1.371889298885e-04       2.963004161622e+02 
       1.387775028271e-04       2.996142017565e+02 
       1.403844705734e-04       3.029649760071e+02 
       1.420100461292e-04       3.063531433354e+02 
       1.436544449628e-04       3.097791204802e+02 
       1.453178850375e-04       3.132433199346e+02 
       1.470005868404e-04       3.167461693922e+02 
       1.487027734119e-04       3.202880951659e+02 
       1.504246703749e-04       3.238695355253e+02 
       1.521665059651e-04       3.274909208130e+02 
       1.539285110608e-04       3.311526988803e+02 
       1.557109192139e-04       3.348553137060e+02 
       1.575139666807e-04       3.385992193261e+02 
       1.593378924532e-04       3.423848682880e+02 
       1.611829382907e-04       3.462127266901e+02 
       1.630493487522e-04       3.500832606962e+02 
       1.649373712281e-04       3.539969371406e+02 
       1.668472559740e-04       3.579542369682e+02 
       1.687792561430e-04       3.619556373584e+02 
       1.707336278195e-04       3.660016481498e+02 
       1.727106300535e-04       3.700927312766e+02 
       1.747105248944e-04       3.742293829808e+02 
       1.767335774261e-04       3.784121385362e+02 
       1.787800558021e-04       3.826414750013e+02 
       1.808502312808e-04       3.869179168899e+02 
       1.829443782618e-04       3.912419849539e+02 
       1.850627743220e-04       3.956141949411e+02 
       1.872057002525e-04       4.000350912869e+02 
       1.893734400958e-04       4.045051959391e+02 
       1.915662811834e-04       4.090250691348e+02 
       1.937845141741e-04       4.135952383639e+02 
       1.960284330923e-04       4.182162579477e+02 
       1.982983353669e-04       4.228887056546e+02 
       2.005945218711e-04       4.276131334263e+02 
       2.029172969619e-04       4.323901076078e+02 
       2.052669685206e-04       4.372202207293e+02 
       2.076438479936e-04       4.421040338501e+02 
       2.100482504338e-04       4.470421567961e+02 
       2.124804945421e-04       4.520351697229e+02 
       2.149409027098e-04       4.570836761547e+02 
       2.174298010613e-04       4.621882941975e+02 
       2.199475194974e-04       4.673496345145e+02 
       2.224943917390e-04       4.725683066627e+02 
       2.250707553712e-04       4.778449422335e+02 
       2.276769518883e-04       4.831801852236e+02 
       2.303133267387e-04       4.885746581845e+02 
       2.329802293711e-04       4.940290248672e+02 
       2.356780132806e-04       4.995439279379e+02 
       2.384070360554e-04       5.051200334957e+02 
       2.411676594247e-04       5.107580040861e+02 
       2.439602493060e-04       5.164585155837e+02 
       2.467851758540e-04       5.222222580472e+02 
       2.496428135099e-04       5.280498971127e+02 
       2.525335410502e-04       5.339421496565e+02 
       2.554577416379e-04       5.398997042760e+02 
       2.584158028725e-04       5.459232745974e+02 
       2.614081168419e-04       5.520135732861e+02 
       2.644350801741e-04       5.581713306693e+02 
       2.674970940896e-04       5.643972711545e+02 
       2.705945644553e-04       5.706921361724e+02 
       2.737279018374e-04       5.770566666333e+02 
       2.768975215564e-04       5.834916274153e+02 
       2.801038437419e-04       5.899977678922e+02 
       2.833472933886e-04       5.965758567933e+02 
       2.866283004120e-04       6.032266811926e+02 
       2.899472997062e-04       6.099510115860e+02 
       2.933047312010e-04       6.167496488009e+02 
       2.967010399201e-04       6.236233889245e+02 
       3.001366760407e-04       6.305730403701e+02 
       3.036120949527e-04       6.375994168751e+02 
       3.071277573189e-04       6.447033434813e+02 
       3.106841291367e-04       6.518856508435e+02 
       3.142816817994e-04       6.591471784517e+02 
       3.179208921585e-04       6.664887750780e+02 
       3.216022425875e-04       6.739112965799e+02 
       3.253262210454e-04       6.814156059925e+02 
       3.290933211416e-04       6.890025767468e+02 
       3.329040422009e-04       6.966730898532e+02 
       3.367588893305e-04       7.044280361217e+02 
       3.406583734862e-04       7.122683122757e+02 
       3.446030115402e-04       7.201948264675e+02 
       3.485933263502e-04       7.282084935393e+02 
       3.526298468279e-04       7.363102371215e+02 
       3.567131080099e-04       7.445009905914e+02 
       3.608436511281e-04       7.527816957660e+02 
       3.650220236813e-04       7.611533027615e+02 
       3.692487795083e-04       7.696167700348e+02 
       3.735244788612e-04       7.781730689361e+02 
       3.778496884791e-04       7.868231736034e+02 
       3.822249816640e-04       7.955680718078e+02 
       3.866509383561e-04       8.044087591193e+02 
       3.911281452114e-04       8.133462397125e+02 
       3.956571956786e-04       8.223815280046e+02 
       4.002386900786e-04       8.315156463937e+02 
       4.048732356834e-04       8.407496275149e+02 
       4.095614467970e-04       8.500845140487e+02 
       4.143039448368e-04       8.595213554141e+02 
       4.191013584158e-04       8.690612130615e+02 
       4.239543234258e-04       8.787051565504e+02 
       4.288634831222e-04       8.884542654747e+02 
       4.338294882088e-04       8.983096290028e+02 
       4.388529969241e-04       9.082723458016e+02 
       4.439346751288e-04       9.183435236324e+02 
       4.490751963938e-04       9.285242805356e+02 
       4.542752420897e-04       9.388157442008e+02 
       4.595355014769e-04       9.492190519075e+02 
       4.648566717970e-04       9.597353504392e+02 
       4.702394583655e-04       9.703657975937e+02 
       4.756845746649e-04       9.811115588655e+02 
       4.811927424393e-04       9.919738115071e+02 
       4.867646917906e-04       1.002953742187e+03 
       4.924011612745e-04       1.014052547023e+03 
       4.981028979990e-04       1.025271431748e+03 
       5.038706577231e-04       1.036611614773e+03 
       5.097052049571e-04       1.048074321282e+03 
       5.156073130640e-04       1.059660786366e+03 
       5.215777643617e-04       1.071372259053e+03 
       5.276173502271e-04       1.083209994865e+03 
       5.337268712008e-04       1.095175259727e+03 
       5.399071370931e-04       1.107269331740e+03 
       5.461589670917e-04       1.119493496793e+03 
       5.524831898697e-04       1.131849052899e+03 
       5.588806436962e-04       1.144337307564e+03 
       5.653521765466e-04       1.156959577009e+03 
       5.718986462157e-04       1.169717190316e+03 
       5.785209204308e-04       1.182611484915e+03 
       5.852198769673e-04       1.195643808665e+03 
       5.919964037647e-04       1.208815520359e+03 
       5.988513990441e-04       1.222127987927e+03 
       6.057857714278e-04       1.235582591322e+03 
       6.128004400593e-04       1.249180718984e+03 
       6.198963347255e-04       1.262923770854e+03 
       6.270743959793e-04       1.276813156247e+03 
       6.343355752651e-04       1.290850294054e+03 
       6.416808350443e-04       1.305036614807e+03 
       6.491111489231e-04       1.319373559583e+03 
       6.566275017817e-04       1.333862577969e+03 
       6.642308899044e-04       1.348505131542e+03 
       6.719223211120e-04       1.363302689185e+03 
       6.797028148955e-04       1.378256733219e+03 
       6.875734025509e-04       1.393368755166e+03 
       6.955351273161e-04       1.408640255268e+03 
       7.035890445090e-04       1.424072744077e+03 
       7.117362216677e-04       1.439667744346e+03 
       7.199777386916e-04       1.455426786280e+03 
       7.283146879849e-04       1.471351411476e+03 
       7.367481746013e-04       1.487443170062e+03 
       7.452793163901e-04       1.503703623011e+03 
       7.539092441451e-04       1.520134339073e+03 
       7.626391017538e-04       1.536736902974e+03 
       7.714700463494e-04       1.553512904991e+03 
       7.804032484639e-04       1.570463941007e+03 
       7.894398921838e-04       1.587591619598e+03 
       7.985811753063e-04       1.604897560609e+03 
       8.078283094986e-04       1.622383390895e+03 
       8.171825204583e-04       1.640050751765e+03 
       8.266450480759e-04       1.657901285352e+03 
       8.362171465993e-04       1.675936643658e+03 
       8.459000847996e-04       1.694158498718e+03 
       8.556951461400e-04       1.712568516249e+03 
       8.656036289452e-04       1.731168381205e+03 
       8.756268465737e-04       1.749959784583e+03 
       8.857661275924e-04       1.768944418008e+03 
       8.960228159518e-04       1.788123993798e+03 
       9.063982711649e-04       1.807500224823e+03 
       9.168938684872e-04       1.827074830933e+03 
       9.275109990985e-04       1.846849540888e+03 
       9.382510702881e-04       1.866826097449e+03 
       9.491155056408e-04       1.887006240045e+03 
       9.601057452257e-04       1.907391723254e+03 
       9.712232457872e-04       1.927984298436e+03 
       9.824694809380e-04       1.948785736913e+03 
       9.938459413542e-04       1.969797803292e+03 
       1.005354134974e-03       1.991022276831e+03 
       1.016995587194e-03       2.012460935470e+03 
       1.028771841079e-03       2.034115574238e+03 
       1.040684457557e-03       2.055987976446e+03 
       1.052735015632e-03       2.078079950847e+03 
       1.064925112593e-03       2.100393285459e+03 
       1.077256364225e-03       2.122929780116e+03 
       1.089730405020e-03       2.145691269521e+03 
       1.102348888401e-03       2.168679539833e+03 
       1.115113486933e-03       2.191896417512e+03 
       1.128025892549e-03       2.215343713056e+03 
       1.141087816776e-03       2.239023260242e+03 
       1.154300990957e-03       2.262936860696e+03 
       1.167667166484e-03       2.287086345607e+03 
       1.181188115029e-03       2.311473530708e+03 
       1.194865628779e-03       2.336100246514e+03 
       1.208701520674e-03       2.360968280545e+03 
       1.222697624647e-03       2.386079540220e+03 
       1.236855795865e-03       2.411435750023e+03 
       1.251177910979e-03       2.437038782011e+03 
       1.265665868371e-03       2.462890467509e+03 
       1.280321588402e-03       2.488992570783e+03 
       1.295147013673e-03       2.515346923246e+03 
       1.310144109277e-03       2.541955289253e+03 
       1.325314863064e-03       2.568819549950e+03 
       1.340661285901e-03       2.595941451831e+03 
       1.356185411939e-03       2.623322852227e+03 
       1.371889298885e-03       2.650965457740e+03 
       1.387775028271e-03       2.678871071461e+03 
       1.403844705734e-03       2.707041490528e+03 
       1.420100461292e-03       2.735478323070e+03 
       1.436544449628e-03       2.764183606741e+03 
       1.453178850375e-03       2.793158990443e+03 
       1.470005868404e-03       2.822405969159e+03 
       1.487027734119e-03       2.851926539783e+03 
       1.504246703749e-03       2.881722419015e+03 
       1.521665059651e-03       2.911795078736e+03 
       1.539285110608e-03       2.942144906645e+03 
       1.557109192139e-03       2.972773816070e+03 
       1.575139666807e-03       3.003684663243e+03 
       1.593378924532e-03       3.034878999334e+03 
       1.611829382908e-03       3.066358600170e+03 
       1.630493487522e-03       3.098125074347e+03 
       1.649373712281e-03       3.130179862971e+03 
       1.668472559740e-03       3.162524773541e+03 
       1.687792561430e-03       3.195161206540e+03 
       1.707336278195e-03       3.228090722768e+03 
       1.727106300535e-03       3.261314934928e+03 
       1.747105248944e-03       3.294835395304e+03 
       1.767335774261e-03       3.328653419308e+03 
       1.787800558021e-03       3.362770625040e+03 
       1.808502312808e-03       3.397188327938e+03 
       1.829443782618e-03       3.431908058440e+03 
       1.850627743220e-03       3.466931139514e+03 
       1.872057002525e-03       3.502258968920e+03 
       1.893734400958e-03       3.537892844177e+03 
       1.915662811834e-03       3.573834133485e+03 
       1.937845141741e-03       3.610084114036e+03 
       1.960284330923e-03       3.646643955663e+03 
       1.982983353669e-03       3.683514943787e+03 
       2.005945218711e-03       3.720698238780e+03 
       2.029172969619e-03       3.758194991368e+03 
       2.052669685206e-03       3.796006318936e+03 
       2.076438479936e-03       3.834133256350e+03 
       2.100482504338e-03       3.872576892269e+03 
       2.124804945421e-03       3.911338183701e+03 
       2.149409027098e-03       3.950418119473e+03 
       2.174298010613e-03       3.989817593508e+03 
       2.199475194974e-03       4.029537460872e+03 
       2.224943917390e-03       4.069578581546e+03 
       2.250707553712e-03       4.109941639222e+03 
       2.276769518883e-03       4.150627482983e+03 
       2.303133267387e-03       4.191636823764e+03 
       2.329802293711e-03       4.232970140548e+03 
       2.356780132806e-03       4.274628116361e+03 
       2.384070360554e-03       4.316611291227e+03 
       2.411676594247e-03       4.358920128470e+03 
       2.439602493060e-03       4.401554947066e+03 
       2.467851758540e-03       4.444516312419e+03 
       2.496428135099e-03       4.487804408681e+03 
       2.525335410502e-03       4.531419372084e+03 
       2.554577416379e-03       4.575361631694e+03 
       2.584158028725e-03       4.619631229469e+03 
       2.614081168419e-03       4.664228110045e+03 
       2.644350801741e-03       4.709152422561e+03 
       2.674970940896e-03       4.754404031452e+03 
       2.705945644553e-03       4.799982827233e+03 
       2.737279018374e-03       4.845888577073e+03 
       2.768975215564e-03       4.892120945439e+03 
       2.801038437419e-03       4.938679651959e+03 
       2.833472933886e-03       4.985564212303e+03 
       2.866283004120e-03       5.032774176499e+03 
       2.899472997062e-03       5.080309055387e+03 
       2.933047312010e-03       5.128167646694e+03 
       2.967010399201e-03       5.176349789056e+03 
       3.001366760407e-03       5.224854405172e+03 
       3.036120949527e-03       5.273680346814e+03 
       3.071277573189e-03       5.322827101915e+03 
       3.106841291367e-03       5.372293228201e+03 
       3.142816817994e-03       5.422077552153e+03 
       3.179208921585e-03       5.472178723351e+03 
       3.216022425875e-03       5.522595389154e+03 
       3.253262210454e-03       5.573325912053e+03 
       3.290933211416e-03       5.624368936415e+03 
       3.329040422010e-03       5.675722633426e+03 
       3.367588893306e-03       5.727385596270e+03 
       3.406583734862e-03       5.779354564397e+03 
       3.446030115402e-03       5.831629077155e+03 
       3.485933263502e-03       5.884206239203e+03 
       3.526298468279e-03       5.937083643123e+03 
       3.567131080100e-03       5.990259546758e+03 
       3.608436511281e-03       6.043731135836e+03 
       3.650220236813e-03       6.097495776526e+03 
       3.692487795083e-03       6.151550754194e+03 
       3.735244788612e-03       6.205892953476e+03 
       3.778496884791e-03       6.260519925499e+03 
       3.822249816640e-03       6.315427913132e+03 
       3.866509383561e-03       6.370615035929e+03 
       3.911281452114e-03       6.426075460636e+03 
       3.956571956786e-03       6.481808013636e+03 
       4.002386900786e-03       6.537808188721e+03 
       4.048732356834e-03       6.594071711392e+03 
       4.095614467970e-03       6.650595630504e+03 
       4.143039448368e-03       6.707375404602e+03 
       4.191013584158e-03       6.764406765731e+03 
       4.239543234258e-03       6.821685587109e+03 
       4.288634831222e-03       6.879206891242e+03 
       4.338294882088e-03       6.936966842236e+03 
       4.388529969241e-03       6.994959992992e+03 
       4.439346751288e-03       7.053181690613e+03 
       4.490751963938e-03       7.111626765493e+03 
       4.542752420897e-03       7.170289770198e+03 
       4.595355014769e-03       7.229165233581e+03 
       4.648566717970e-03       7.288247419584e+03 
       4.702394583655e-03       7.347531586405e+03 
       4.756845746649e-03       7.407010742468e+03 
       4.811927424393e-03       7.466679119068e+03 
       4.867646917906e-03       7.526530048279e+03 
       4.924011612745e-03       7.586557816363e+03 
       4.981028979990e-03       7.646755007744e+03 
       5.038706577231e-03       7.707115491380e+03 
       5.097052049571e-03       7.767632303073e+03 
       5.156073130640e-03       7.828296664924e+03 
       5.215777643617e-03       7.889102499599e+03 
       5.276173502271e-03       7.950042268640e+03 
       5.337268712008e-03       8.011108068093e+03 
       5.399071370931e-03       8.072291928057e+03 
       5.461589670917e-03       8.133585438304e+03 
       5.524831898697e-03       8.194977646599e+03 
       5.588806436962e-03       8.256470478866e+03 
       5.653521765466e-03       8.318073739263e+03 
       5.718986462157e-03       8.379719020783e+03 
       5.785209204308e-03       8.441415019602e+03 
       5.852198769674e-03       8.503173804293e+03 
       5.919964037647e-03       8.564985838167e+03 
       5.988513990441e-03       8.626874109474e+03 
       6.057857714278e-03       8.688756514983e+03 
       6.128004400594e-03       8.750655647038e+03 
       6.198963347255e-03       8.812560788618e+03 
       6.270743959793e-03       8.874464580860e+03 
       6.343355752651e-03       8.936352618653e+03 
       6.416808350443e-03       8.998218557471e+03 
       6.491111489232e-03       9.060050163947e+03 
       6.566275017817e-03       9.121820061907e+03 
       6.642308899044e-03       9.183552933672e+03 
       6.719223211120e-03       9.245201050823e+03 
       6.797028148956e-03       9.306737073235e+03 
       6.875734025510e-03       9.368177824934e+03 
       6.955351273161e-03       9.429514915318e+03 
       7.035890445090e-03       9.490723737422e+03 
       7.117362216677e-03       9.551801349329e+03 
       7.199777386916e-03       9.612721432182e+03 
       7.283146879849e-03       9.673477630541e+03 
       7.367481746013e-03       9.734073774537e+03 
       7.452793163901e-03       9.794449386014e+03 
       7.539092441451e-03       9.854618648109e+03 
       7.626391017538e-03       9.914569456114e+03 
       7.714700463494e-03       9.974281793834e+03 
       7.804032484640e-03       1.003371836456e+04 
       7.894398921838e-03       1.009290745843e+04 
       7.985811753063e-03       1.015180994017e+04 
       8.078283094986e-03       1.021044198943e+04 
       8.171825204583e-03       1.026872923524e+04 
       8.266450480759e-03       1.032666363489e+04 
       8.362171465993e-03       1.038426106602e+04 
       8.459000847997e-03       1.044149403434e+04 
       8.556951461400e-03       1.049834864995e+04 
       8.656036289452e-03       1.055480502871e+04 
       8.756268465738e-03       1.061086246632e+04 
       8.857661275924e-03       1.066643155594e+04 
       8.960228159518e-03       1.072159454547e+04 
       9.063982711650e-03       1.077625595694e+04 
       9.168938684872e-03       1.083039002579e+04 
       9.275109990985e-03       1.088404184675e+04 
       9.382510702881e-03       1.093719856163e+04 
       9.491155056408e-03       1.098976174703e+04 
       9.601057452257e-03       1.104175551330e+04 
       9.712232457872e-03       1.109311455053e+04 
       9.824694809380e-03       1.114390447974e+04 
       9.938459413543e-03       1.119405603746e+04 
       1.005354134974e-02       1.124358296352e+04 
       1.016995587194e-02       1.129239770101e+04 
       1.028771841079e-02       1.134051936324e+04 
       1.040684457557e-02       1.138790285043e+04 
       1.052735015632e-02       1.143456162311e+04 
       1.064925112593e-02       1.148047422050e+04 
       1.077256364225e-02       1.152553927638e+04 
       1.089730405020e-02       1.156987552482e+04 
       1.102348888401e-02       1.161334179714e+04 
       1.115113486933e-02       1.165595979476e+04 
       1.128025892549e-02       1.169770708903e+04 
       1.141087816776e-02       1.173850946051e+04 
       1.154300990957e-02       1.177847029983e+04 
       1.167667166484e-02       1.181743899887e+04 
       1.181188115029e-02       1.185542729764e+04 
       1.194865628779e-02       1.189243705757e+04 
       1.208701520674e-02       1.192840439162e+04 
       1.222697624647e-02       1.196337225487e+04 
       1.236855795865e-02       1.199722892994e+04 
       1.251177910979e-02       1.203004243890e+04 
       1.265665868371e-02       1.206172142119e+04 
       1.280321588402e-02       1.209225614141e+04 
       1.295147013673e-02       1.212159373130e+04 
       1.310144109277e-02       1.214979976984e+04 
       1.325314863064e-02       1.217677157831e+04 
       1.340661285901e-02       1.220251188814e+04 
       1.356185411940e-02       1.222699422341e+04 
       1.371889298885e-02       1.225014669525e+04 
       1.387775028271e-02       1.227199656422e+04 
       1.403844705735e-02       1.229259821467e+04 
       1.420100461293e-02       1.231176060974e+04 
       1.436544449630e-02       1.232953966150e+04 
       1.453178850377e-02       1.234598347299e+04 
       1.470005868408e-02       1.236095400650e+04 
       1.487027734125e-02       1.237446607496e+04 
       1.504246703759e-02       1.238650268033e+04 
       1.521665059666e-02       1.239702410574e+04 
       1.539285110631e-02       1.240602750957e+04 
       1.557109192175e-02       1.241351761790e+04 
       1.575139666861e-02       1.241944520759e+04 
       1.593378924612e-02       1.242378156686e+04 
       1.611829383027e-02       1.242645387954e+04 
       1.630493487699e-02       1.242758874601e+04 
       1.649373712544e-02       1.242697307507e+04 
       1.668472560127e-02       1.242476323529e+04 
       1.687792561996e-02       1.242085009598e+04 
       1.707336279021e-02       1.241526086365e+04 
       1.727106301732e-02       1.240792029282e+04 
       1.747105250672e-02       1.239882656593e+04 
       1.767335776743e-02       1.238798205079e+04 
       1.787800561568e-02       1.237540028957e+04 
       1.808502317855e-02       1.236102833243e+04 
       1.829443789763e-02       1.234479031688e+04 
       1.850627753289e-02       1.232685869467e+04 
       1.872057016649e-02       1.230702490619e+04 
       1.893734420680e-02       1.228533311734e+04 
       1.915662839248e-02       1.226191419229e+04 
       1.937845179677e-02       1.223655274102e+04 
       1.960284383187e-02       1.220937229455e+04 
       1.982983425359e-02       1.218028172132e+04 
       2.005945316618e-02       1.214932714153e+04 
       2.029173102759e-02       1.211656294219e+04 
       2.052669865489e-02       1.208189008444e+04 
       2.076438723029e-02       1.204532841109e+04 
       2.100482830760e-02       1.200698128538e+04 
       2.124805381933e-02       1.196668633789e+04 
       2.149409608454e-02       1.192456934408e+04 
       2.174298781759e-02       1.188059262052e+04 
       2.199476213795e-02       1.183477819823e+04 
       2.224945258130e-02       1.178710315607e+04 
       2.250709311214e-02       1.173755936339e+04 
       2.276771813815e-02       1.168624944633e+04 
       2.303136252668e-02       1.163318465181e+04 
       2.329806162370e-02       1.157830575604e+04 
       2.356785127556e-02       1.152167468208e+04 
       2.384076785412e-02       1.146331034184e+04 
       2.411684828565e-02       1.140322277872e+04 
       2.439613008426e-02       1.134144536129e+04 
       2.467865139021e-02       1.127799984294e+04 
       2.496445101411e-02       1.121296095945e+04 
       2.525356848760e-02       1.114630339507e+04 
       2.554604412142e-02       1.107811297723e+04 
       2.584191907173e-02       1.100837074754e+04 
       2.614123541577e-02       1.093712358315e+04 
       2.644403623784e-02       1.086448421842e+04 
       2.675036572671e-02       1.079040413027e+04 
       2.706026928578e-02       1.071495116421e+04 
       2.737379365708e-02       1.063821045194e+04 
       2.769098706053e-02       1.056020281559e+04 
       2.801189934985e-02       1.048099589652e+04 
       2.833658218641e-02       1.040059116441e+04 
       2.866508923265e-02       1.031908129999e+04 
       2.899747636634e-02       1.023653015200e+04 
       2.933380191744e-02       1.015299439127e+04 
       2.967412692890e-02       1.006852756286e+04 
       3.001851544300e-02       9.983180884890e+03 
       3.036703481494e-02       9.897071006410e+03 
       3.071975605497e-02       9.810172919458e+03 
       3.107675420095e-02       9.722570782647e+03 
       3.143810872272e-02       9.634391624002e+03 
       3.180390396001e-02       9.545622320429e+03 
       3.217422959557e-02       9.456365473079e+03 
       3.254918116504e-02       9.366693915754e+03 
       3.292886060560e-02       9.276675287318e+03 
       3.331337684501e-02       9.186373124737e+03 
       3.370284643311e-02       9.095838200596e+03 
       3.409739421789e-02       9.005101028187e+03 
       3.449715406841e-02       8.914317522738e+03 
       3.490226964709e-02       8.823550757626e+03 
       3.531289523418e-02       8.732784769181e+03 
       3.572919660751e-02       8.642138862117e+03 
       3.615135198105e-02       8.551606955866e+03 
       3.657955300625e-02       8.461382070808e+03 
       3.701400584046e-02       8.371434521591e+03 
       3.745493228774e-02       8.281818300904e+03 
       3.790257101744e-02       8.192580641480e+03 
       3.835717886709e-02       8.103915012379e+03 
       3.881903223682e-02       8.015677594910e+03 
       3.928842858323e-02       7.928067560860e+03 
       3.976568802188e-02       7.841063705116e+03 
       4.025115504842e-02       7.754728050424e+03 
       4.074520038942e-02       7.669149889563e+03 
       4.124822299561e-02       7.584318439259e+03 
       4.176065219089e-02       7.500295556117e+03 
       4.228294999248e-02       7.417161702076e+03 
       4.281561361856e-02       7.334910340213e+03 
       4.335917820161e-02       7.253565361183e+03 
       4.391421972698e-02       7.173184211441e+03 
       4.448135821808e-02       7.093769048834e+03 
       4.506126119095e-02       7.015359290655e+03 
       4.565464740276e-02       6.937969663105e+03 
       4.626229092012e-02       6.861613581328e+03 
       4.688502553455e-02       6.786311339208e+03 
       4.752374955343e-02       6.711981862674e+03 
       4.817943099530e-02       6.638698531651e+03 
       4.885311321885e-02       6.566411395880e+03 
       4.954592101374e-02       6.495046401504e+03 
       5.025906718005e-02       6.424563522556e+03 
       5.099385961975e-02       6.354936836224e+03 
       5.175170895862e-02       6.286009078092e+03 
       5.253413670959e-02       6.217648004363e+03 
       5.334278397789e-02       6.149808919663e+03 
       5.417942069410e-02       6.082256427555e+03 
       5.504595534199e-02       6.014717305416e+03 
       5.594444512280e-02       5.947009122972e+03 
       5.687710646567e-02       5.878718600852e+03 
       5.784632575335e-02       5.809554002311e+03 
       5.885467008189e-02       5.739074528557e+03 
       5.990489781253e-02       5.666718247876e+03 
       6.099996860103e-02       5.591935493003e+03 
       6.214305250555e-02       5.514092276948e+03 
       6.333753767928e-02       5.432416006304e+03 
       6.458703605061e-02       5.346142025175e+03 
       6.589538628722e-02       5.254411453163e+03 
       6.726665323885e-02       5.156335130102e+03 
       6.870512296875e-02       5.051052547792e+03 
       7.021529243220e-02       4.937699926259e+03 
       7.180185286359e-02       4.815563050485e+03 
       7.346966601632e-02       4.684167875789e+03 
       7.522373258915e-02       4.543236988357e+03 
       7.706915249449e-02       4.392936579329e+03 
       7.901107709537e-02       4.233880948903e+03 
       8.105465416113e-02       4.067333782678e+03 
       8.320496704534e-02       3.895141306151e+03 
       8.546697041986e-02       3.719760495954e+03 
       8.784542571783e-02       3.544253788124e+03 
       9.034484012821e-02       3.372107935988e+03 
       9.296941340947e-02       3.206838460543e+03 
       9.572299682443e-02       3.051953527689e+03 
       9.860906805612e-02       2.910287511600e+03 
       1.016307250289e-01       2.783720452256e+03 
       1.047907002026e-01       2.672834782429e+03 
       1.080913952906e-01       2.576544002761e+03 
       1.115349346893e-01       2.492120509099e+03 
       1.151232344443e-01       2.415277236827e+03 
       1.188580824965e-01       2.340578870896e+03 
       1.227412253938e-01       2.262250983088e+03 
       1.267744566225e-01       2.175337226670e+03 
       1.309597021501e-01       2.076782804974e+03 
       1.352990995372e-01       1.966494020802e+03 
       1.397950679059e-01       1.847577785763e+03 
       1.444503669922e-01       1.725823551422e+03 
       1.492681443351e-01       1.608314387460e+03 
       1.542519702887e-01       1.501708792869e+03 
       1.594058609537e-01       1.410570425301e+03 
       1.647342893067e-01       1.336129750047e+03 
       1.702421847978e-01       1.276042998171e+03 
       1.759349215100e-01       1.224899072725e+03 
       1.818182946952e-01       1.175787030229e+03 
       1.878984851336e-01       1.122891698965e+03 
       1.941820103751e-01       1.062400148773e+03 
       2.006756615254e-01       9.951528327770e+02 
       2.073864238937e-01       9.260971072045e+02 
       2.143213795500e-01       8.615665691769e+02 
       2.214875897100e-01       8.059322676750e+02 
       2.288919549279e-01       7.600745189595e+02 
       2.365410514016e-01       7.217804557515e+02 
       2.444409423670e-01       6.865879788689e+02 
       2.525969646529e-01       6.499123780675e+02 
       2.610134920621e-01       6.101092866944e+02 
       2.696936793787e-01       5.690978330861e+02 
       2.786391934560e-01       5.303869716515e+02 
       2.878499409231e-01       4.967898675617e+02 
       2.973238053201e-01       4.683585029373e+02 
       3.070564095821e-01       4.425500855102e+02 
       3.170409222281e-01       4.170005351734e+02 
       3.272679267763e-01       3.909972526996e+02 
       3.377253731999e-01       3.656990965171e+02 
       3.483986271845e-01       3.427904798080e+02 
       3.592706273794e-01       3.226026599102e+02 
       3.703221530072e-01       3.043342493172e+02 
       3.815321948852e-01       2.868389975651e+02 
       3.928784133096e-01       2.699065846233e+02 
       4.043376578090e-01       2.540232746856e+02 
       4.158865178581e-01       2.395533319762e+02 
       4.275018712168e-01       2.264443465886e+02 
       4.391613979705e-01       2.143117394381e+02 
       4.508440332078e-01       2.029451270578e+02 
       4.625303386265e-01       1.922415791585e+02 
       4.742027819158e-01       1.823242485630e+02 
       4.858459212085e-01       1.732072389284e+02 
       4.974464991845e-01       1.648365796464e+02 
       5.089934568575e-01       1.570364241818e+02 
       5.204778804749e-01       1.497267066746e+02 
       5.318928964067e-01       1.429029876386e+02 
       5.432335287626e-01       1.365630030364e+02 
       5.544965332037e-01       1.306809793765e+02 
       5.656802184657e-01       1.251822929620e+02 
       5.767842648734e-01       1.200398065109e+02 
       5.878095468893e-01       1.152035523120e+02 
       5.987579646982e-01       1.106691060453e+02 
       6.096322880806e-01       1.064089182440e+02 
       6.204360144137e-01       1.024062276877e+02 
       6.311732415506e-01       9.863979877259e+01 
       6.418485555305e-01       9.507685386118e+01 
       6.524669325232e-01       9.171223129885e+01 
       6.630336540590e-01       8.852109107259e+01 
       6.735542343930e-01       8.550045431797e+01 
       6.840343587661e-01       8.263373593418e+01 
       6.944798313146e-01       7.990737991130e+01 
       7.048965314244e-01       7.731580629786e+01 
       7.152903774031e-01       7.484057360905e+01 
       7.256672964387e-01       7.248169249937e+01 
       7.360331999175e-01       7.022642399056e+01 
       7.463939632805e-01       6.806914751965e+01 
       7.567554096947e-01       6.600562381824e+01 
       7.671232969175e-01       6.402395599204e+01 
       7.775033068114e-01       6.212504730782e+01 
       7.879010370531e-01       6.029885003582e+01 
       7.983219946439e-01       5.854343461840e+01 
       8.087715908940e-01       5.685502171811e+01 
       8.192551376070e-01       5.522666407514e+01 
       8.297778442356e-01       5.365939368763e+01 
       8.403448158217e-01       5.214510561661e+01 
       8.509610515690e-01       5.068437202222e+01 
       8.616314439252e-01       4.927288512409e+01 
       8.723607780757e-01       4.790742392014e+01 
       8.831537317750e-01       4.658827250191e+01 
       8.940148754559e-01       4.530949338994e+01 
       9.049486725751e-01       4.407292668211e+01 
       9.159594801661e-01       4.287336282646e+01 
       9.270515495769e-01       4.171129188388e+01 
       9.382290273834e-01       4.058420471380e+01 
       9.494959564713e-01       3.949015878737e+01 
       9.608562772871e-01       3.842922201775e+01 
       9.723138292600e-01       3.739802657360e+01 
       9.838723524003e-01       3.639758688524e+01 
       9.955354890791e-01       3.542383205193e+01 
       1.007306785997e+00       3.447906964062e+01 
       1.019189696344e+00       3.355943863106e+01 
       1.031187582162e+00       3.266616251785e+01 
       1.043303716897e+00       3.179656521704e+01 
       1.055541288160e+00       3.095115421116e+01 
       1.067903400675e+00       3.012804792230e+01 
       1.080393079425e+00       2.932767028952e+01 
       1.093013272975e+00       2.854809211538e+01 
       1.105766856960e+00       2.778965940526e+01 
       1.118656637739e+00       2.705095238013e+01 
       1.131685356177e+00       2.633219647870e+01 
       1.144855691556e+00       2.563206232213e+01 
       1.158170265572e+00       2.495073256514e+01 
       1.171631646425e+00       2.428676061907e+01 
       1.185242352943e+00       2.364073468866e+01 
       1.199004858752e+00       2.301097944930e+01 
       1.212921596437e+00       2.239827045678e+01 
       1.226994961692e+00       2.180102495795e+01 
       1.241227317422e+00       2.121976717621e+01 
       1.255620997787e+00       2.065321237495e+01 
       1.270178312154e+00       2.010154663997e+01 
       1.284901548952e+00       1.956426844152e+01 
       1.299792979397e+00       1.904063715445e+01 
       1.314854861095e+00       1.853101648288e+01 
       1.330089441485e+00       1.803422040847e+01 
       1.345498961135e+00       1.755063242058e+01 
       1.361085656863e+00       1.707959056690e+01 
       1.376851764698e+00       1.662064510474e+01 
       1.392799522662e+00       1.617397643156e+01 
       1.408931173379e+00       1.573870415898e+01 
       1.425248966512e+00       1.531482560592e+01 
       1.441755161034e+00       1.490226226080e+01 
       1.458452027325e+00       1.450016451500e+01 
       1.475341849121e+00       1.410871931413e+01 
       1.492426925296e+00       1.372764639680e+01 
       1.509709571519e+00       1.335633000305e+01 
       1.527192121752e+00       1.299479195054e+01 
       1.544876929643e+00       1.264287109186e+01 
       1.562766369782e+00       1.230006447428e+01 
       1.580862838863e+00       1.196622285117e+01 
       1.599168756741e+00       1.164135956009e+01 
       1.617686567398e+00       1.132501202730e+01 
       1.636418739827e+00       1.101685605141e+01 
       1.655367768856e+00       1.071693087981e+01 
       1.674536175886e+00       1.042501431954e+01 
       1.693926509597e+00       1.014081726841e+01 
       1.713541346583e+00       9.864054423617e+00 
       1.733383291961e+00       9.594636197044e+00 
       1.753454979931e+00       9.332431209334e+00 
       1.773759074312e+00       9.077204662810e+00 
       1.794298269053e+00       8.828745292950e+00 
       1.815075288711e+00       8.586804310529e+00 
       1.836092888924e+00       8.351375063638e+00 
       1.857353856861e+00       8.122230097393e+00 
       1.878861011666e+00       7.899223142251e+00 
       1.900617204887e+00       7.682210839064e+00 
       1.922625320901e+00       7.470959652406e+00 
       1.944888277336e+00       7.265382757064e+00 
       1.967409025491e+00       7.065238631516e+00 
       1.990190550745e+00       6.870514463642e+00 
       2.013235872978e+00       6.681014677217e+00 
       2.036548046982e+00       6.496563636763e+00 
       2.060130162881e+00       6.317107713108e+00 
       2.083985346551e+00       6.142515395641e+00 
       2.108116760038e+00       5.972610801929e+00 
       2.132527601984e+00       5.807290691727e+00 
       2.157221108057e+00       5.646414847793e+00 
       2.182200551382e+00       5.489895587845e+00 
       2.207469242976e+00       5.337592319445e+00 
       2.233030532192e+00       5.189413407521e+00 
       2.258887807161e+00       5.045247187198e+00 
       2.285044495244e+00       4.904996029112e+00 
       2.311504063487e+00       4.768537859948e+00 
       2.338270019081e+00       4.635781102596e+00 
       2.365345909828e+00       4.506623826532e+00 
       2.392735324609e+00       4.380985959565e+00 
       2.420441893862e+00       4.258808532788e+00 
       2.448469290065e+00       4.139955506266e+00 
       2.476821228219e+00       4.024349207175e+00 
       2.505501466343e+00       3.911884500958e+00 
       2.534513805972e+00       3.802470033824e+00 
       2.563862092660e+00       3.696042139929e+00 
       2.593550216491e+00       3.592530664384e+00 
       2.623582112594e+00       3.491858577266e+00 
       2.653961761664e+00       3.393947716127e+00 
       2.684693190491e+00       3.298724133185e+00 
       2.715780472492e+00       3.206123500273e+00 
       2.747227728254e+00       3.116041289120e+00 
       2.779039126074e+00       3.028449931094e+00 
       2.811218882521e+00       2.943269771620e+00 
       2.843771262986e+00       2.860408961560e+00 
       2.876700582251e+00       2.779838522660e+00 
       2.910011205063e+00       2.701517645899e+00 
       2.943707546708e+00       2.625341857459e+00 
       2.977794073599e+00       2.551244239267e+00 
       3.012275303870e+00       2.479222726862e+00 
       3.047155807969e+00       2.409189341267e+00 
       3.082440209271e+00       2.341096426745e+00 
       3.118133184683e+00       2.274891013038e+00 
       3.154239465271e+00       2.210501071617e+00 
       3.190763836884e+00       2.147906380385e+00 
       3.227711140787e+00       2.087045734282e+00 
       3.265086274306e+00       2.027873441126e+00 
       3.302894191474e+00       1.970351345791e+00 
       3.341139903690e+00       1.914427431756e+00 
       3.379828480380e+00       1.860065248381e+00 
       3.418965049675e+00       1.807214179992e+00 
       3.458554799084e+00       1.755824254776e+00 
       3.498602976185e+00       1.705880415752e+00 
       3.539114889322e+00       1.657312016318e+00 
       3.580095908303e+00       1.610114895487e+00 
       3.621551465119e+00       1.564237221369e+00 
       3.663487054660e+00       1.519634360121e+00 
       3.705908235441e+00       1.476287444590e+00 
       3.748820630344e+00       1.434159041463e+00 
       3.792229927362e+00       1.393199560994e+00 
       3.836141880349e+00       1.353393624951e+00 
       3.880562309787e+00       1.314705327969e+00 
       3.925497103556e+00       1.277097098948e+00 
       3.970952217714e+00       1.240547557906e+00 
       4.016933677287e+00       1.205021128812e+00 
       4.063447577068e+00       1.170498463049e+00 
       4.110500082424e+00       1.136948418768e+00 
       4.158097430114e+00       1.104342942729e+00 
       4.206245929114e+00       1.072657195268e+00 
       4.254951961456e+00       1.041856478464e+00 
       4.304221983072e+00       1.011929902516e+00 
       4.354062524650e+00       9.828532279524e-01 
       4.404480192499e+00       9.545914503373e-01 
       4.455481669426e+00       9.271351988435e-01 
       4.507073715623e+00       9.004438810479e-01 
       4.559263169559e+00       8.745220730383e-01 
       4.612056948890e+00       8.493318334646e-01 
       4.665462051374e+00       8.248445283503e-01 
       4.719485555799e+00       8.010540487787e-01 
       4.774134622922e+00       7.779370513379e-01 
       4.829416496419e+00       7.554776895188e-01 
       4.885338503841e+00       7.336599667709e-01 
       4.941908057591e+00       7.124554561458e-01 
       4.999132655900e+00       6.918642397448e-01 
       5.057019883828e+00       6.718462956321e-01 
       5.115577414265e+00       6.524047768895e-01 
       5.174813008946e+00       6.335203920532e-01 
       5.234734519487e+00       6.151694927013e-01 
       5.295349888418e+00       5.973446168994e-01 
       5.356667150241e+00       5.800239656823e-01 
       5.418694432493e+00       5.632003163206e-01 
       5.481439956822e+00       5.468574596184e-01 
       5.544912040080e+00       5.309801126139e-01 
       5.609119095424e+00       5.155583949984e-01 
       5.674069633428e+00       5.005763729943e-01 
       5.739772263215e+00       4.860232614966e-01 
       5.806235693599e+00       4.718883196058e-01 
       5.873468734236e+00       4.581544522866e-01 
       5.941480296791e+00       4.448181718018e-01 
       6.010279396123e+00       4.318651279960e-01 
       6.079875151480e+00       4.192794552682e-01 
       6.150276787703e+00       4.070572521199e-01 
       6.221493636451e+00       3.951872495293e-01 
       6.293535137443e+00       3.836585225791e-01 
       6.366410839700e+00       3.724599595096e-01 
       6.440130402818e+00       3.615830602476e-01 
       6.514703598245e+00       3.510198777995e-01 
       6.590140310578e+00       3.407611366944e-01 
       6.666450538871e+00       3.307971521081e-01 
       6.743644397961e+00       3.211210597031e-01 
       6.821732119813e+00       3.117227964421e-01 
       6.900724054867e+00       3.025971841955e-01 
       6.980630673421e+00       2.937342503809e-01 
       7.061462567009e+00       2.851272923660e-01 
       7.143230449812e+00       2.767696334416e-01 
       7.225945160073e+00       2.686551484960e-01 
       7.309617661539e+00       2.607716505551e-01 
       7.394259044908e+00       2.531187496038e-01 
       7.479880529304e+00       2.456877881919e-01 
       7.566493463763e+00       2.384708599722e-01 
       7.654109328734e+00       2.314646479543e-01 
       7.742739737606e+00       2.246592789135e-01 
       7.832396438244e+00       2.180530928621e-01 
       7.923091314546e+00       2.116394873782e-01 
       8.014836388020e+00       2.054108583139e-01 
       8.107643819376e+00       1.993625813531e-01 
       8.201525910138e+00       1.934897230976e-01 
       8.296495104276e+00       1.877883692816e-01 
       8.392563989853e+00       1.822539042932e-01 
       8.489745300697e+00       1.768782770826e-01 
       8.588051918085e+00       1.716607853781e-01 
       8.687496872452e+00       1.665948587132e-01 
       8.788093345119e+00       1.616770004359e-01 
       8.889854670041e+00       1.569022138792e-01 
       8.992794335570e+00       1.522660063499e-01 
       9.096925986247e+00       1.477655770555e-01 
       9.202263424610e+00       1.433965404961e-01 
       9.308820613023e+00       1.391550572920e-01 
       9.416611675525e+00       1.350376471627e-01 
       9.525650899705e+00       1.310409779910e-01 
       9.635952738594e+00       1.271608873055e-01 
       9.747531812581e+00       1.233946193275e-01 
       9.860402911352e+00       1.197372765570e-01 
       9.974580995848e+00       1.161879319414e-01 
       1.009008120025e+01       1.127423011276e-01 
       1.020691883399e+01       1.093977951870e-01 
       1.032510938376e+01       1.061514104420e-01 
       1.044466851560e+01       1.030005446579e-01 
       1.056561207693e+01       9.994142699161e-02 
       1.068795609871e+01       9.697333139843e-02 
       1.081171679748e+01       9.409163919799e-02 
       1.093691057761e+01       9.129426151996e-02 
       1.106355403339e+01       8.857908901325e-02 
       1.119166395127e+01       8.594317074553e-02 
       1.132125731209e+01       8.338589830905e-02 
       1.145235129330e+01       8.090312101095e-02 
       1.158496327127e+01       7.849401717772e-02 
       1.171911082357e+01       7.615561507752e-02 
       1.185481173132e+01       7.388597863597e-02 
       1.199208398152e+01       7.168298314537e-02 
       1.213094576946e+01       6.954576882967e-02 
       1.227141550113e+01       6.747025753848e-02 
       1.241351179563e+01       6.545678874026e-02 
       1.255725348767e+01       6.350294798210e-02 
       1.270265963006e+01       6.160742852757e-02 
       1.284974949623e+01       5.976693771720e-02 
       1.299854258277e+01       5.798117435752e-02 
       1.314905861205e+01       5.624823782422e-02 
       1.330131753481e+01       5.456508139758e-02 
       1.345533953280e+01       5.293425972240e-02 
       1.361114502147e+01       5.135034687967e-02 
       1.376875465268e+01       4.981354871978e-02 
       1.392818931739e+01       4.832201089863e-02 
       1.408947014852e+01       4.687492056797e-02 
       1.425261852365e+01       4.547066502949e-02 
       1.441765606793e+01       4.410812007685e-02 
       1.458460465690e+01       4.278559258076e-02 
       1.475348641942e+01       4.150281907396e-02 
       1.492432374059e+01       4.025777117039e-02 
       1.509713926470e+01       3.904980521160e-02 
       1.527195589828e+01       3.787754458568e-02 
       1.544879681306e+01       3.674020702068e-02 
       1.562768544913e+01       3.563688877972e-02 
       1.580864551797e+01       3.456625733196e-02 
       1.599170100566e+01       3.352740015011e-02 
       1.617687617599e+01       3.251946808436e-02 
       1.636419557374e+01       3.154136337731e-02 
       1.655368402789e+01       3.059287283734e-02 
       1.674536665492e+01       2.967226245886e-02 
       1.693926886216e+01       2.877893324072e-02 
       1.713541635115e+01       2.791254736742e-02 
       1.733383512101e+01       2.707189607070e-02 
       1.753455147195e+01       2.625625910357e-02 
       1.773759200868e+01       2.546497788701e-02 
       1.794298364403e+01       2.469741446728e-02 
       1.815075360242e+01       2.395277309223e-02 
       1.836092942354e+01       2.323014620459e-02 
       1.857353896597e+01       2.252940324876e-02 
       1.878861041087e+01       2.184943922821e-02 
       1.900617226573e+01       2.118975594982e-02 
       1.922625336814e+01       2.054987150487e-02 
       1.944888288960e+01       1.992905841293e-02 
       1.967409033943e+01       1.932691984214e-02 
       1.990190556862e+01       1.874279014917e-02 
       2.013235877384e+01       1.817610972968e-02 
       2.036548050140e+01       1.762650661353e-02 
       2.060130165135e+01       1.709322551513e-02 
       2.083985348152e+01       1.657587963608e-02 
       2.108116761169e+01       1.607418596380e-02 
       2.132527602779e+01       1.558750203525e-02 
       2.157221108614e+01       1.511537243749e-02 
       2.182200551769e+01       1.465746876419e-02 
       2.207469243244e+01       1.421337553564e-02 
       2.233030532377e+01       1.378254239721e-02 
       2.258887807287e+01       1.336467209798e-02 
       2.285044495330e+01       1.295930178208e-02 
       2.311504063546e+01       1.256618118279e-02 
       2.338270019121e+01       1.218486354756e-02 
       2.365345909855e+01       1.181494109157e-02 
       2.392735324627e+01       1.145621758633e-02 
       2.420441893874e+01       1.110827456964e-02 
       2.448469290073e+01       1.077079782988e-02 
       2.476821228224e+01       1.044349426029e-02 
       2.505501466346e+01       1.012598075750e-02 
       2.534513805974e+01       9.818170837696e-03 
       2.563862092661e+01       9.519617242703e-03 
       2.593550216492e+01       9.229975958719e-03 
       2.623582112595e+01       8.949106329969e-03 
       2.653961761665e+01       8.676714395363e-03 
       2.684693190491e+01       8.412548391116e-03 
       2.715780472493e+01       8.156357528614e-03 
       2.747227728254e+01       7.907860867568e-03 
       2.779039126075e+01       7.666854295858e-03 
       2.811218882521e+01       7.433176151490e-03 
       2.843771262986e+01       7.206553104157e-03 
       2.876700582251e+01       6.986787212874e-03 
       2.910011205063e+01       6.773684712544e-03 
       2.943707546708e+01       6.566980139243e-03 
       2.977794073599e+01       6.366565722598e-03 
       3.012275303870e+01       6.172223155425e-03 
