# Matter power spectrum P(k) at redshift z=0.5
# for k=1.05802e-05 to 30.274 h/Mpc,
# number of wavenumbers equal to 1160
#    1:k (h/Mpc)              2:P (Mpc/h)^3        
       1.058020395664e-05       2.577935328078e+01 
       1.070271694441e-05       2.606795003845e+01 
       1.082664856573e-05       2.635978552419e+01 
       1.095201524758e-05       2.665489340866e+01 
       1.107883360720e-05       2.695329694577e+01 
       1.120712045420e-05       2.725504442062e+01 
       1.133689279289e-05       2.756016867293e+01 
       1.146816782443e-05       2.786870574168e+01 
       1.160096294920e-05       2.818069980745e+01 
       1.173529576904e-05       2.849618267789e+01 
       1.187118408963e-05       2.881520624972e+01 
       1.200864592280e-05       2.913779581433e+01 
       1.214769948899e-05       2.946398701670e+01 
       1.228836321959e-05       2.979384334506e+01 
       1.243065575942e-05       3.012738938732e+01 
       1.257459596920e-05       3.046466481655e+01 
       1.272020292806e-05       3.080571978548e+01 
       1.286749593605e-05       3.115059860922e+01 
       1.301649451668e-05       3.149933163119e+01 
       1.316721841956e-05       3.185197215602e+01 
       1.331968762298e-05       3.220854962771e+01 
       1.347392233656e-05       3.256913225668e+01 
       1.362994300396e-05       3.293374210604e+01 
       1.378777030554e-05       3.330244654117e+01 
       1.394742516114e-05       3.367526821064e+01 
       1.410892873284e-05       3.405225926031e+01 
       1.427230242775e-05       3.443347695853e+01 
       1.443756790090e-05       3.481896811953e+01 
       1.460474705803e-05       3.520876952911e+01 
       1.477386205857e-05       3.560294379758e+01 
       1.494493531852e-05       3.600151548995e+01 
       1.511798951346e-05       3.640455167071e+01 
       1.529304758153e-05       3.681211219317e+01 
       1.547013272649e-05       3.722421724730e+01 
       1.564926842079e-05       3.764094625664e+01 
       1.583047840867e-05       3.806233840468e+01 
       1.601378670932e-05       3.848845596598e+01 
       1.619921762005e-05       3.891932773797e+01 
       1.638679571953e-05       3.935503413656e+01 
       1.657654587103e-05       3.979561314806e+01 
       1.676849322573e-05       4.024112687025e+01 
       1.696266322604e-05       4.069162871775e+01 
       1.715908160899e-05       4.114717325642e+01 
       1.735777440963e-05       4.160781473557e+01 
       1.755876796446e-05       4.207361680180e+01 
       1.776208891496e-05       4.254463222328e+01 
       1.796776421111e-05       4.302092347357e+01 
       1.817582111495e-05       4.350253803257e+01 
       1.838628720418e-05       4.398955503974e+01 
       1.859919037587e-05       4.448201675398e+01 
       1.881455885010e-05       4.497999339982e+01 
       1.903242117373e-05       4.548354026849e+01 
       1.925280622416e-05       4.599272633269e+01 
       1.947574321321e-05       4.650761872053e+01 
       1.970126169093e-05       4.702826887762e+01 
       1.992939154954e-05       4.755474631420e+01 
       2.016016302741e-05       4.808712220750e+01 
       2.039360671306e-05       4.862545340348e+01 
       2.062975354919e-05       4.916981549954e+01 
       2.086863483681e-05       4.972027027214e+01 
       2.111028223937e-05       5.027688432331e+01 
       2.135472778697e-05       5.083972970508e+01 
       2.160200388061e-05       5.140887872948e+01 
       2.185214329647e-05       5.198439573115e+01 
       2.210517919025e-05       5.256635664026e+01 
       2.236114510159e-05       5.315483065313e+01 
       2.262007495849e-05       5.374989360834e+01 
       2.288200308183e-05       5.435161987913e+01 
       2.314696418989e-05       5.496007835459e+01 
       2.341499340298e-05       5.557535201075e+01 
       2.368612624809e-05       5.619750920546e+01 
       2.396039866357e-05       5.682663241791e+01 
       2.423784700395e-05       5.746279835478e+01 
       2.451850804469e-05       5.810608590667e+01 
       2.480241898711e-05       5.875657374755e+01 
       2.508961746331e-05       5.941433936103e+01 
       2.538014154112e-05       6.007947664982e+01 
       2.567402972921e-05       6.075205462668e+01 
       2.597132098213e-05       6.143216085299e+01 
       2.627205470551e-05       6.211988177265e+01 
       2.657627076128e-05       6.281530104903e+01 
       2.688400947296e-05       6.351850401845e+01 
       2.719531163098e-05       6.422957739104e+01 
       2.751021849809e-05       6.494861080563e+01 
       2.782877181487e-05       6.567569127916e+01 
       2.815101380521e-05       6.641091456062e+01 
       2.847698718194e-05       6.715436633044e+01 
       2.880673515247e-05       6.790614009676e+01 
       2.914030142455e-05       6.866632894681e+01 
       2.947773021201e-05       6.943502705535e+01 
       2.981906624069e-05       7.021232963203e+01 
       3.016435475429e-05       7.099833297985e+01 
       3.051364152045e-05       7.179313455984e+01 
       3.086697283674e-05       7.259683284198e+01 
       3.122439553684e-05       7.340952710492e+01 
       3.158595699676e-05       7.423131818839e+01 
       3.195170514105e-05       7.506231104938e+01 
       3.232168844926e-05       7.590260081332e+01 
       3.269595596226e-05       7.675229601222e+01 
       3.307455728881e-05       7.761150744659e+01 
       3.345754261210e-05       7.848033312640e+01 
       3.384496269643e-05       7.935888001327e+01 
       3.423686889390e-05       8.024726617386e+01 
       3.463331315126e-05       8.114559315024e+01 
       3.503434801676e-05       8.205397551497e+01 
       3.544002664715e-05       8.297252197884e+01 
       3.585040281468e-05       8.390135497851e+01 
       3.626553091427e-05       8.484058324069e+01 
       3.668546597070e-05       8.579032309171e+01 
       3.711026364591e-05       8.675069303466e+01 
       3.753998024637e-05       8.772181206548e+01 
       3.797467273055e-05       8.870380023174e+01 
       3.841439871647e-05       8.969677861744e+01 
       3.885921648933e-05       9.070087196730e+01 
       3.930918500924e-05       9.171620484446e+01 
       3.976436391905e-05       9.274290040242e+01 
       4.022481355223e-05       9.378108703378e+01 
       4.069059494087e-05       9.483089456445e+01 
       4.116176982379e-05       9.589244922254e+01 
       4.163840065473e-05       9.696588404071e+01 
       4.212055061056e-05       9.805133687587e+01 
       4.260828359976e-05       9.914893445140e+01 
       4.310166427080e-05       1.002588189177e+02 
       4.360075802074e-05       1.013811241524e+02 
       4.410563100394e-05       1.025159880949e+02 
       4.461635014076e-05       1.036635542340e+02 
       4.513298312646e-05       1.048239639796e+02 
       4.565559844018e-05       1.059973611841e+02 
       4.618426535403e-05       1.071838877125e+02 
       4.671905394222e-05       1.083836961029e+02 
       4.726003509041e-05       1.095969301241e+02 
       4.780728050506e-05       1.108237404502e+02 
       4.836086272296e-05       1.120642828558e+02 
       4.892085512083e-05       1.133187064107e+02 
       4.948733192506e-05       1.145871680018e+02 
       5.006036822153e-05       1.158698242984e+02 
       5.064003996558e-05       1.171668340171e+02 
       5.122642399208e-05       1.184783596639e+02 
       5.181959802560e-05       1.198045579256e+02 
       5.241964069070e-05       1.211456018336e+02 
       5.302663152240e-05       1.225016501848e+02 
       5.364065097667e-05       1.238728716137e+02 
       5.426178044112e-05       1.252594377400e+02 
       5.489010224580e-05       1.266615194056e+02 
       5.552569967408e-05       1.280792880207e+02 
       5.616865697370e-05       1.295129237538e+02 
       5.681905936797e-05       1.309626007479e+02 
       5.747699306701e-05       1.324284960367e+02 
       5.814254527923e-05       1.339107957513e+02 
       5.881580422284e-05       1.354096805803e+02 
       5.949685913760e-05       1.369253324902e+02 
       6.018580029659e-05       1.384579493147e+02 
       6.088271901822e-05       1.400077087518e+02 
       6.158770767831e-05       1.415748109787e+02 
       6.230085972235e-05       1.431594433856e+02 
       6.302226967785e-05       1.447618066292e+02 
       6.375203316694e-05       1.463820957120e+02 
       6.449024691898e-05       1.480205147177e+02 
       6.523700878338e-05       1.496772610127e+02 
       6.599241774264e-05       1.513525424316e+02 
       6.675657392539e-05       1.530465662148e+02 
       6.752957861971e-05       1.547595425195e+02 
       6.831153428653e-05       1.564916780763e+02 
       6.910254457322e-05       1.582431926551e+02 
       6.990271432735e-05       1.600143015664e+02 
       7.071214961055e-05       1.618052199729e+02 
       7.153095771258e-05       1.636161722257e+02 
       7.235924716558e-05       1.654473826020e+02 
       7.319712775842e-05       1.672990777752e+02 
       7.404471055125e-05       1.691714828549e+02 
       7.490210789027e-05       1.710648289827e+02 
       7.576943342255e-05       1.729793561712e+02 
       7.664680211117e-05       1.749152940350e+02 
       7.753433025038e-05       1.768728852590e+02 
       7.843213548109e-05       1.788523705782e+02 
       7.934033680640e-05       1.808539928015e+02 
       8.025905460741e-05       1.828780029228e+02 
       8.118841065918e-05       1.849246459214e+02 
       8.212852814684e-05       1.869941799788e+02 
       8.307953168195e-05       1.890868552544e+02 
       8.404154731899e-05       1.912029324528e+02 
       8.501470257211e-05       1.933426706805e+02 
       8.599912643196e-05       1.955063382430e+02 
       8.699494938287e-05       1.976941991522e+02 
       8.800230342009e-05       1.999065217256e+02 
       8.902132206731e-05       2.021435815703e+02 
       9.005214039434e-05       2.044056514248e+02 
       9.109489503504e-05       2.066930129159e+02 
       9.214972420541e-05       2.090059485644e+02 
       9.321676772191e-05       2.113447395094e+02 
       9.429616702000e-05       2.137096802224e+02 
       9.538806517290e-05       2.161010563149e+02 
       9.649260691051e-05       2.185191653717e+02 
       9.760993863864e-05       2.209643027743e+02 
       9.874020845842e-05       2.234367733602e+02 
       9.988356618588e-05       2.259368791418e+02 
       1.010401633718e-04       2.284649290418e+02 
       1.022101533220e-04       2.310212333613e+02 
       1.033936911173e-04       2.336061069873e+02 
       1.045909336344e-04       2.362198687490e+02 
       1.058020395664e-04       2.388628398041e+02 
       1.070271694441e-04       2.415353455530e+02 
       1.082664856573e-04       2.442377147778e+02 
       1.095201524758e-04       2.469702798341e+02 
       1.107883360720e-04       2.497333777928e+02 
       1.120712045420e-04       2.525273466377e+02 
       1.133689279289e-04       2.553525307216e+02 
       1.146816782443e-04       2.582092771556e+02 
       1.160096294920e-04       2.610979371570e+02 
       1.173529576904e-04       2.640188652532e+02 
       1.187118408963e-04       2.669724210746e+02 
       1.200864592280e-04       2.699589667651e+02 
       1.214769948899e-04       2.729788688826e+02 
       1.228836321959e-04       2.760324985846e+02 
       1.243065575942e-04       2.791202303097e+02 
       1.257459596920e-04       2.822424426070e+02 
       1.272020292806e-04       2.853995205692e+02 
       1.286749593605e-04       2.885918488069e+02 
       1.301649451668e-04       2.918198201007e+02 
       1.316721841956e-04       2.950838302750e+02 
       1.331968762298e-04       2.983842787176e+02 
       1.347392233656e-04       3.017215700001e+02 
       1.362994300396e-04       3.050961134162e+02 
       1.378777030554e-04       3.085083220476e+02 
       1.394742516114e-04       3.119586131297e+02 
       1.410892873284e-04       3.154474095599e+02 
       1.427230242775e-04       3.189751378093e+02 
       1.443756790090e-04       3.225422302011e+02 
       1.460474705803e-04       3.261491220898e+02 
       1.477386205857e-04       3.297962551727e+02 
       1.494493531852e-04       3.334648124216e+02 
       1.511798951346e-04       3.371933288421e+02 
       1.529304758153e-04       3.409634279175e+02 
       1.547013272649e-04       3.447755689796e+02 
       1.564926842079e-04       3.486302182034e+02 
       1.583047840867e-04       3.525278448449e+02 
       1.601378670932e-04       3.564689245267e+02 
       1.619921762005e-04       3.604539373623e+02 
       1.638679571953e-04       3.644833690331e+02 
       1.657654587103e-04       3.685577106040e+02 
       1.676849322573e-04       3.726774568468e+02 
       1.696266322604e-04       3.768431105069e+02 
       1.715908160899e-04       3.810551773405e+02 
       1.735777440963e-04       3.853141693254e+02 
       1.755876796446e-04       3.896206043974e+02 
       1.776208891496e-04       3.939750063552e+02 
       1.796776421111e-04       3.983779029404e+02 
       1.817582111495e-04       4.028298276304e+02 
       1.838628720418e-04       4.073313227598e+02 
       1.859919037587e-04       4.118829323833e+02 
       1.881455885010e-04       4.164852090337e+02 
       1.903242117373e-04       4.211387095911e+02 
       1.925280622416e-04       4.258439974166e+02 
       1.947574321321e-04       4.306016417761e+02 
       1.970126169093e-04       4.354122195237e+02 
       1.992939154954e-04       4.402763098141e+02 
       2.016016302741e-04       4.451945012402e+02 
       2.039360671306e-04       4.501673880594e+02 
       2.062975354919e-04       4.551955691945e+02 
       2.086863483681e-04       4.602796515515e+02 
       2.111028223937e-04       4.654202488196e+02 
       2.135472778697e-04       4.706179789147e+02 
       2.160200388061e-04       4.758734677661e+02 
       2.185214329647e-04       4.811873468495e+02 
       2.210517919025e-04       4.865602558815e+02 
       2.236114510159e-04       4.919928402571e+02 
       2.262007495849e-04       4.974857518391e+02 
       2.288200308183e-04       5.030396493423e+02 
       2.314696418989e-04       5.086551978997e+02 
       2.341499340299e-04       5.143330714418e+02 
       2.368612624809e-04       5.200739490773e+02 
       2.396039866357e-04       5.258785169596e+02 
       2.423784700395e-04       5.317474695201e+02 
       2.451850804469e-04       5.376815069592e+02 
       2.480241898711e-04       5.436813374334e+02 
       2.508961746331e-04       5.497476766558e+02 
       2.538014154112e-04       5.558812462383e+02 
       2.567402972921e-04       5.620827764557e+02 
       2.597132098213e-04       5.683530049339e+02 
       2.627205470551e-04       5.746926761854e+02 
       2.657627076128e-04       5.811025428481e+02 
       2.688400947296e-04       5.875833649524e+02 
       2.719531163098e-04       5.941359098605e+02 
       2.751021849809e-04       6.007609534014e+02 
       2.782877181487e-04       6.074592785491e+02 
       2.815101380521e-04       6.142316762419e+02 
       2.847698718194e-04       6.210789456736e+02 
       2.880673515247e-04       6.280018936654e+02 
       2.914030142455e-04       6.350013352638e+02 
       2.947773021201e-04       6.420780934471e+02 
       2.981906624069e-04       6.492329999264e+02 
       3.016435475429e-04       6.564668929648e+02 
       3.051364152045e-04       6.637806213183e+02 
       3.086697283674e-04       6.711750408435e+02 
       3.122439553684e-04       6.786510155935e+02 
       3.158595699676e-04       6.862094184073e+02 
       3.195170514105e-04       6.938511311143e+02 
       3.232168844926e-04       7.015770433238e+02 
       3.269595596226e-04       7.093880534801e+02 
       3.307455728881e-04       7.172850690139e+02 
       3.345754261210e-04       7.252690057175e+02 
       3.384496269643e-04       7.333407877009e+02 
       3.423686889390e-04       7.415013500225e+02 
       3.463331315126e-04       7.497516343037e+02 
       3.503434801676e-04       7.580925919090e+02 
       3.544002664715e-04       7.665251832354e+02 
       3.585040281468e-04       7.750503779489e+02 
       3.626553091427e-04       7.836691544072e+02 
       3.668546597070e-04       7.923825005366e+02 
       3.711026364591e-04       8.011914133723e+02 
       3.753998024637e-04       8.100968991319e+02 
       3.797467273055e-04       8.190999734533e+02 
       3.841439871647e-04       8.282016610572e+02 
       3.885921648933e-04       8.374029968910e+02 
       3.930918500925e-04       8.467050231758e+02 
       3.976436391905e-04       8.561087961248e+02 
       4.022481355223e-04       8.656153767342e+02 
       4.069059494087e-04       8.752258378158e+02 
       4.116176982379e-04       8.849412614375e+02 
       4.163840065473e-04       8.947627400188e+02 
       4.212055061056e-04       9.046913744445e+02 
       4.260828359976e-04       9.147282768957e+02 
       4.310166427080e-04       9.248745685113e+02 
       4.360075802074e-04       9.351313806013e+02 
       4.410563100394e-04       9.454998538065e+02 
       4.461635014076e-04       9.559811390904e+02 
       4.513298312646e-04       9.665763981823e+02 
       4.565559844018e-04       9.772868018190e+02 
       4.618426535403e-04       9.881135307403e+02 
       4.671905394222e-04       9.990577768290e+02 
       4.726003509041e-04       1.010120740707e+03 
       4.780728050506e-04       1.021303634770e+03 
       4.836086272296e-04       1.032607679952e+03 
       4.892085512083e-04       1.044034108869e+03 
       4.948733192506e-04       1.055584162771e+03 
       5.006036822153e-04       1.067259096034e+03 
       5.064003996558e-04       1.079060170846e+03 
       5.122642399208e-04       1.090988659313e+03 
       5.181959802560e-04       1.103045845124e+03 
       5.241964069070e-04       1.115233023507e+03 
       5.302663152240e-04       1.127551498586e+03 
       5.364065097667e-04       1.140002584218e+03 
       5.426178044113e-04       1.152587605735e+03 
       5.489010224580e-04       1.165307899953e+03 
       5.552569967408e-04       1.178164812238e+03 
       5.616865697371e-04       1.191159699243e+03 
       5.681905936797e-04       1.204293928414e+03 
       5.747699306701e-04       1.217568877428e+03 
       5.814254527923e-04       1.230985935302e+03 
       5.881580422285e-04       1.244546498988e+03 
       5.949685913760e-04       1.258251980650e+03 
       6.018580029659e-04       1.272103797442e+03 
       6.088271901822e-04       1.286103381216e+03 
       6.158770767831e-04       1.300252171330e+03 
       6.230085972235e-04       1.314551621464e+03 
       6.302226967785e-04       1.329003192536e+03 
       6.375203316694e-04       1.343608357116e+03 
       6.449024691898e-04       1.358368598480e+03 
       6.523700878338e-04       1.373285409748e+03 
       6.599241774264e-04       1.388360295187e+03 
       6.675657392539e-04       1.403594769196e+03 
       6.752957861971e-04       1.418990356407e+03 
       6.831153428653e-04       1.434548593102e+03 
       6.910254457322e-04       1.450271023785e+03 
       6.990271432735e-04       1.466159204912e+03 
       7.071214961055e-04       1.482214703500e+03 
       7.153095771258e-04       1.498439095715e+03 
       7.235924716558e-04       1.514833967483e+03 
       7.319712775842e-04       1.531400916486e+03 
       7.404471055125e-04       1.548141549534e+03 
       7.490210789027e-04       1.565057485416e+03 
       7.576943342255e-04       1.582150346586e+03 
       7.664680211117e-04       1.599421776983e+03 
       7.753433025038e-04       1.616873418649e+03 
       7.843213548109e-04       1.634506928970e+03 
       7.934033680640e-04       1.652323975517e+03 
       8.025905460741e-04       1.670326233195e+03 
       8.118841065918e-04       1.688515387496e+03 
       8.212852814684e-04       1.706893133679e+03 
       8.307953168195e-04       1.725461174524e+03 
       8.404154731900e-04       1.744221226074e+03 
       8.501470257211e-04       1.763175003742e+03 
       8.599912643196e-04       1.782324247846e+03 
       8.699494938287e-04       1.801670692718e+03 
       8.800230342009e-04       1.821216084470e+03 
       8.902132206731e-04       1.840962183971e+03 
       9.005214039434e-04       1.860910756714e+03 
       9.109489503505e-04       1.881063568490e+03 
       9.214972420541e-04       1.901422408520e+03 
       9.321676772191e-04       1.921989060611e+03 
       9.429616702001e-04       1.942765317814e+03 
       9.538806517290e-04       1.963752986954e+03 
       9.649260691051e-04       1.984953876479e+03 
       9.760993863865e-04       2.006369803339e+03 
       9.874020845842e-04       2.028002588279e+03 
       9.988356618588e-04       2.049854058196e+03 
       1.010401633718e-03       2.071926054448e+03 
       1.022101533220e-03       2.094220409078e+03 
       1.033936911173e-03       2.116738978515e+03 
       1.045909336344e-03       2.139483599745e+03 
       1.058020395664e-03       2.162456132479e+03 
       1.070271694441e-03       2.185658434913e+03 
       1.082664856573e-03       2.209092369293e+03 
       1.095201524758e-03       2.232759805141e+03 
       1.107883360720e-03       2.256662605064e+03 
       1.120712045420e-03       2.280802642219e+03 
       1.133689279289e-03       2.305181791248e+03 
       1.146816782443e-03       2.329801920314e+03 
       1.160096294920e-03       2.354664917904e+03 
       1.173529576904e-03       2.379772650979e+03 
       1.187118408963e-03       2.405126997222e+03 
       1.200864592280e-03       2.430729839111e+03 
       1.214769948899e-03       2.456583044750e+03 
       1.228836321959e-03       2.482688498771e+03 
       1.243065575942e-03       2.509048062529e+03 
       1.257459596920e-03       2.535663617156e+03 
       1.272020292807e-03       2.562537027919e+03 
       1.286749593605e-03       2.589670157397e+03 
       1.301649451668e-03       2.617064872459e+03 
       1.316721841956e-03       2.644723032149e+03 
       1.331968762298e-03       2.672646476019e+03 
       1.347392233656e-03       2.700837047105e+03 
       1.362994300396e-03       2.729296610689e+03 
       1.378777030554e-03       2.758026975316e+03 
       1.394742516114e-03       2.787029978045e+03 
       1.410892873284e-03       2.816307434923e+03 
       1.427230242775e-03       2.845861136264e+03 
       1.443756790090e-03       2.875692922626e+03 
       1.460474705803e-03       2.905804560431e+03 
       1.477386205857e-03       2.936197833309e+03 
       1.494493531852e-03       2.966874505193e+03 
       1.511798951346e-03       2.997836339908e+03 
       1.529304758153e-03       3.029085084482e+03 
       1.547013272649e-03       3.060619650095e+03 
       1.564926842079e-03       3.092444500351e+03 
       1.583047840867e-03       3.124561339229e+03 
       1.601378670932e-03       3.156971877691e+03 
       1.619921762005e-03       3.189677785011e+03 
       1.638679571953e-03       3.222680714600e+03 
       1.657654587103e-03       3.255982296909e+03 
       1.676849322573e-03       3.289584150448e+03 
       1.696266322604e-03       3.323487866506e+03 
       1.715908160899e-03       3.357695035863e+03 
       1.735777440963e-03       3.392207205392e+03 
       1.755876796446e-03       3.427025918120e+03 
       1.776208891496e-03       3.462152662352e+03 
       1.796776421111e-03       3.497588968624e+03 
       1.817582111495e-03       3.533336247797e+03 
       1.838628720418e-03       3.569395992146e+03 
       1.859919037587e-03       3.605769540479e+03 
       1.881455885010e-03       3.642458329466e+03 
       1.903242117373e-03       3.679463653934e+03 
       1.925280622416e-03       3.716786893499e+03 
       1.947574321321e-03       3.754429320362e+03 
       1.970126169093e-03       3.792392186131e+03 
       1.992939154954e-03       3.830676690849e+03 
       2.016016302741e-03       3.869284030258e+03 
       2.039360671306e-03       3.908215342179e+03 
       2.062975354919e-03       3.947471774083e+03 
       2.086863483681e-03       3.987054319977e+03 
       2.111028223937e-03       4.026964070604e+03 
       2.135472778697e-03       4.067202043558e+03 
       2.160200388061e-03       4.107769060227e+03 
       2.185214329647e-03       4.148666105513e+03 
       2.210517919025e-03       4.189894034693e+03 
       2.236114510159e-03       4.231453638162e+03 
       2.262007495849e-03       4.273345628642e+03 
       2.288200308183e-03       4.315570794445e+03 
       2.314696418989e-03       4.358129781008e+03 
       2.341499340299e-03       4.401023140121e+03 
       2.368612624809e-03       4.444251470267e+03 
       2.396039866358e-03       4.487815235914e+03 
       2.423784700395e-03       4.531714825819e+03 
       2.451850804469e-03       4.575950704499e+03 
       2.480241898711e-03       4.620523160519e+03 
       2.508961746331e-03       4.665432585251e+03 
       2.538014154113e-03       4.710678837119e+03 
       2.567402972921e-03       4.756262416517e+03 
       2.597132098213e-03       4.802183149139e+03 
       2.627205470551e-03       4.848441168901e+03 
       2.657627076128e-03       4.895036325468e+03 
       2.688400947296e-03       4.941968598146e+03 
       2.719531163098e-03       4.989237694119e+03 
       2.751021849809e-03       5.036843291682e+03 
       2.782877181487e-03       5.084785024837e+03 
       2.815101380521e-03       5.133062401054e+03 
       2.847698718194e-03       5.181675180859e+03 
       2.880673515247e-03       5.230622436331e+03 
       2.914030142455e-03       5.279903891130e+03 
       2.947773021201e-03       5.329517945957e+03 
       2.981906624069e-03       5.379464432816e+03 
       3.016435475429e-03       5.429742309745e+03 
       3.051364152045e-03       5.480350195858e+03 
       3.086697283674e-03       5.531287375953e+03 
       3.122439553684e-03       5.582552381646e+03 
       3.158595699676e-03       5.634143961084e+03 
       3.195170514106e-03       5.686060497427e+03 
       3.232168844926e-03       5.738300485240e+03 
       3.269595596226e-03       5.790862474173e+03 
       3.307455728881e-03       5.843744541489e+03 
       3.345754261210e-03       5.896944835038e+03 
       3.384496269643e-03       5.950461550568e+03 
       3.423686889390e-03       6.004292304775e+03 
       3.463331315126e-03       6.058435120248e+03 
       3.503434801676e-03       6.112887597921e+03 
       3.544002664715e-03       6.167647055503e+03 
       3.585040281468e-03       6.222711622288e+03 
       3.626553091427e-03       6.278077994490e+03 
       3.668546597070e-03       6.333743768802e+03 
       3.711026364591e-03       6.389705646668e+03 
       3.753998024637e-03       6.445960657930e+03 
       3.797467273055e-03       6.502505651419e+03 
       3.841439871647e-03       6.559337404626e+03 
       3.885921648933e-03       6.616452908891e+03 
       3.930918500925e-03       6.673846869869e+03 
       3.976436391905e-03       6.731517283308e+03 
       4.022481355223e-03       6.789459250715e+03 
       4.069059494087e-03       6.847669472596e+03 
       4.116176982380e-03       6.906143513397e+03 
       4.163840065473e-03       6.964877160353e+03 
       4.212055061056e-03       7.023865515594e+03 
       4.260828359976e-03       7.083104130289e+03 
       4.310166427080e-03       7.142588329507e+03 
       4.360075802075e-03       7.202313074583e+03 
       4.410563100394e-03       7.262273351577e+03 
       4.461635014076e-03       7.322463234823e+03 
       4.513298312646e-03       7.382879430452e+03 
       4.565559844018e-03       7.443514167411e+03 
       4.618426535403e-03       7.504362065908e+03 
       4.671905394222e-03       7.565417152346e+03 
       4.726003509041e-03       7.626674189659e+03 
       4.780728050506e-03       7.688126410109e+03 
       4.836086272296e-03       7.749766627340e+03 
       4.892085512083e-03       7.811589068695e+03 
       4.948733192506e-03       7.873586605072e+03 
       5.006036822153e-03       7.935752300402e+03 
       5.064003996558e-03       7.998079692645e+03 
       5.122642399208e-03       8.060558948487e+03 
       5.181959802560e-03       8.123184637156e+03 
       5.241964069070e-03       8.185947676640e+03 
       5.302663152240e-03       8.248841059424e+03 
       5.364065097667e-03       8.311856669968e+03 
       5.426178044113e-03       8.374985279700e+03 
       5.489010224581e-03       8.438217175283e+03 
       5.552569967408e-03       8.501570258372e+03 
       5.616865697371e-03       8.565067543432e+03 
       5.681905936797e-03       8.628572641570e+03 
       5.747699306702e-03       8.692127850175e+03 
       5.814254527923e-03       8.755723436922e+03 
       5.881580422285e-03       8.819319622493e+03 
       5.949685913760e-03       8.882991709350e+03 
       6.018580029660e-03       8.946658566176e+03 
       6.088271901823e-03       9.010386114653e+03 
       6.158770767831e-03       9.074073753805e+03 
       6.230085972235e-03       9.137818166794e+03 
       6.302226967786e-03       9.201560428533e+03 
       6.375203316695e-03       9.265331254622e+03 
       6.449024691898e-03       9.329059916105e+03 
       6.523700878339e-03       9.392723806023e+03 
       6.599241774264e-03       9.456437257742e+03 
       6.675657392540e-03       9.519913199872e+03 
       6.752957861971e-03       9.583301867673e+03 
       6.831153428653e-03       9.646589176814e+03 
       6.910254457322e-03       9.709767059780e+03 
       6.990271432735e-03       9.772811790913e+03 
       7.071214961055e-03       9.835720175980e+03 
       7.153095771258e-03       9.898470243935e+03 
       7.235924716558e-03       9.961049474631e+03 
       7.319712775842e-03       1.002343674473e+04 
       7.404471055125e-03       1.008563375491e+04 
       7.490210789027e-03       1.014761418146e+04 
       7.576943342255e-03       1.020937425751e+04 
       7.664680211117e-03       1.027088570051e+04 
       7.753433025038e-03       1.033217558259e+04 
       7.843213548109e-03       1.039315033459e+04 
       7.934033680640e-03       1.045383142784e+04 
       8.025905460741e-03       1.051419845150e+04 
       8.118841065918e-03       1.057423833705e+04 
       8.212852814684e-03       1.063393468907e+04 
       8.307953168195e-03       1.069327314742e+04 
       8.404154731900e-03       1.075223377025e+04 
       8.501470257211e-03       1.081080167086e+04 
       8.599912643196e-03       1.086895575854e+04 
       8.699494938287e-03       1.092667818232e+04 
       8.800230342009e-03       1.098394789320e+04 
       8.902132206731e-03       1.104074702822e+04 
       9.005214039435e-03       1.109705949762e+04 
       9.109489503505e-03       1.115286241623e+04 
       9.214972420542e-03       1.120813841890e+04 
       9.321676772191e-03       1.126286364324e+04 
       9.429616702001e-03       1.131701781577e+04 
       9.538806517290e-03       1.137053639547e+04 
       9.649260691051e-03       1.142354246202e+04 
       9.760993863865e-03       1.147586971676e+04 
       9.874020845842e-03       1.152753947640e+04 
       9.988356618588e-03       1.157854243026e+04 
       1.010401633718e-02       1.162884516071e+04 
       1.022101533220e-02       1.167842942756e+04 
       1.033936911173e-02       1.172727591621e+04 
       1.045909336344e-02       1.177536221493e+04 
       1.058020395664e-02       1.182266040523e+04 
       1.070271694442e-02       1.186915283253e+04 
       1.082664856573e-02       1.191481440359e+04 
       1.095201524758e-02       1.195961654224e+04 
       1.107883360720e-02       1.200354760157e+04 
       1.120712045421e-02       1.204658143748e+04 
       1.133689279289e-02       1.208867690976e+04 
       1.146816782443e-02       1.212983331406e+04 
       1.160096294920e-02       1.217000932323e+04 
       1.173529576904e-02       1.220920023516e+04 
       1.187118408963e-02       1.224734861692e+04 
       1.200864592280e-02       1.228446888252e+04 
       1.214769948899e-02       1.232050435251e+04 
       1.228836321959e-02       1.235545296164e+04 
       1.243065575942e-02       1.238927541521e+04 
       1.257459596920e-02       1.242195301716e+04 
       1.272020292807e-02       1.245346017377e+04 
       1.286749593605e-02       1.248377126036e+04 
       1.301649451668e-02       1.251287120367e+04 
       1.316721841956e-02       1.254070773705e+04 
       1.331968762298e-02       1.256729323720e+04 
       1.347392233657e-02       1.259255624844e+04 
       1.362994300396e-02       1.261651338575e+04 
       1.378777030554e-02       1.263912972490e+04 
       1.394742516115e-02       1.266037136681e+04 
       1.410892873285e-02       1.268021532501e+04 
       1.427230242777e-02       1.269864664844e+04 
       1.443756790092e-02       1.271562905991e+04 
       1.460474705807e-02       1.273111698749e+04 
       1.477386205862e-02       1.274514214457e+04 
       1.494493531860e-02       1.275763327878e+04 
       1.511798951358e-02       1.276859206245e+04 
       1.529304758171e-02       1.277798912453e+04 
       1.547013272677e-02       1.278574394486e+04 
       1.564926842122e-02       1.279200909537e+04 
       1.583047840931e-02       1.279656550380e+04 
       1.601378671027e-02       1.279948138638e+04 
       1.619921762147e-02       1.280073141456e+04 
       1.638679572163e-02       1.280029848106e+04 
       1.657654587414e-02       1.279813177216e+04 
       1.676849323030e-02       1.279423392573e+04 
       1.696266323272e-02       1.278859398773e+04 
       1.715908161871e-02       1.278116555933e+04 
       1.735777442368e-02       1.277196868205e+04 
       1.755876798470e-02       1.276094432534e+04 
       1.776208894398e-02       1.274813705998e+04 
       1.796776425250e-02       1.273347157469e+04 
       1.817582117370e-02       1.271690649732e+04 
       1.838628728719e-02       1.269848517546e+04 
       1.859919049262e-02       1.267831968747e+04 
       1.881455901354e-02       1.265611746082e+04 
       1.903242140149e-02       1.263212109209e+04 
       1.925280654014e-02       1.260620107742e+04 
       1.947574364962e-02       1.257834983263e+04 
       1.970126229101e-02       1.254868351964e+04 
       1.992939237109e-02       1.251696770935e+04 
       2.016016414732e-02       1.248345413683e+04 
       2.039360823314e-02       1.244798641613e+04 
       2.062975560372e-02       1.241055553627e+04 
       2.086863760208e-02       1.237110891182e+04 
       2.111028594586e-02       1.232993817250e+04 
       2.135473273472e-02       1.228675075172e+04 
       2.160201045853e-02       1.224166151328e+04 
       2.185215200662e-02       1.219456415738e+04 
       2.210519067808e-02       1.214569748209e+04 
       2.236116019349e-02       1.209504492211e+04 
       2.262009470828e-02       1.204237437000e+04 
       2.288202882796e-02       1.198794303307e+04 
       2.314699762562e-02       1.193153185789e+04 
       2.341503666207e-02       1.187341166325e+04 
       2.368618200903e-02       1.181363120185e+04 
       2.396047027578e-02       1.175194982610e+04 
       2.423793864000e-02       1.168856637486e+04 
       2.451862488322e-02       1.162345053353e+04 
       2.480256743164e-02       1.155656827544e+04 
       2.508980540300e-02       1.148817869480e+04 
       2.538037866042e-02       1.141808193872e+04 
       2.567432787388e-02       1.134655637431e+04 
       2.597169459058e-02       1.127338379327e+04 
       2.627252131485e-02       1.119873031970e+04 
       2.657685159907e-02       1.112263609140e+04 
       2.688473014639e-02       1.104511549979e+04 
       2.719620292681e-02       1.096627594108e+04 
       2.751131730765e-02       1.088606910463e+04 
       2.783012219990e-02       1.080467921775e+04 
       2.815266822173e-02       1.072202645132e+04 
       2.847900788073e-02       1.063823526160e+04 
       2.880919577616e-02       1.055345588139e+04 
       2.914328882293e-02       1.046758995912e+04 
       2.948134649865e-02       1.038068442261e+04 
       2.982343111537e-02       1.029290311655e+04 
       3.016960811762e-02       1.020431598145e+04 
       3.051994640817e-02       1.011490800194e+04 
       3.087451870327e-02       1.002481495139e+04 
       3.123340191886e-02       9.934079738064e+03 
       3.159667758933e-02       9.842770578007e+03 
       3.196443232053e-02       9.750936736995e+03 
       3.233675827874e-02       9.658611708348e+03 
       3.271375371720e-02       9.565972696966e+03 
       3.309552354204e-02       9.473009993243e+03 
       3.348217991966e-02       9.379796874082e+03 
       3.387384292731e-02       9.286458023592e+03 
       3.427064124926e-02       9.192987883792e+03 
       3.467271292093e-02       9.099451120172e+03 
       3.508020612349e-02       9.006009217596e+03 
       3.549328003205e-02       8.912609280780e+03 
       3.591210572052e-02       8.819410593176e+03 
       3.633686712698e-02       8.726427352708e+03 
       3.676776208370e-02       8.633718661715e+03 
       3.720500341639e-02       8.541376542772e+03 
       3.764882011816e-02       8.449454407405e+03 
       3.809945860393e-02       8.357990333727e+03 
       3.855718405231e-02       8.267080997951e+03 
       3.902228184222e-02       8.176754038282e+03 
       3.949505909291e-02       8.087033098562e+03 
       3.997584631681e-02       7.998038183035e+03 
       4.046499919568e-02       7.909774720678e+03 
       4.096290049188e-02       7.822303250264e+03 
       4.146996210762e-02       7.735611897411e+03 
       4.198662730659e-02       7.649839548524e+03 
       4.251337311361e-02       7.564954148115e+03 
       4.305071290955e-02       7.481009026985e+03 
       4.359919924020e-02       7.398081082829e+03 
       4.415942685953e-02       7.316110206334e+03 
       4.473203602930e-02       7.235200986063e+03 
       4.531771609846e-02       7.155308206035e+03 
       4.591720938771e-02       7.076473843192e+03 
       4.653131540548e-02       6.998726466972e+03 
       4.716089542342e-02       6.922038381865e+03 
       4.780687743980e-02       6.846377451050e+03 
       4.847026156012e-02       6.771759589777e+03 
       4.915212582377e-02       6.698132916988e+03 
       4.985363250448e-02       6.625441516341e+03 
       5.057603491013e-02       6.553611608368e+03 
       5.132068470324e-02       6.482658679177e+03 
       5.208903975789e-02       6.412345667777e+03 
       5.288267255961e-02       6.342603154410e+03 
       5.370327914317e-02       6.273174690229e+03 
       5.455268854640e-02       6.203998503524e+03 
       5.543287273694e-02       6.134761102164e+03 
       5.634595694051e-02       6.065245524115e+03 
       5.729423026385e-02       5.994986595557e+03 
       5.828015646069e-02       5.923639451541e+03 
       5.930638463470e-02       5.850726118015e+03 
       6.037575960706e-02       5.775678288430e+03 
       6.149133159881e-02       5.697975126470e+03 
       6.265636478901e-02       5.616891864959e+03 
       6.387434421051e-02       5.531721416657e+03 
       6.514898033994e-02       5.441498846734e+03 
       6.648421063267e-02       5.345585044140e+03 
       6.788419715794e-02       5.242944335554e+03 
       6.935331941609e-02       5.132787877283e+03 
       7.089616138989e-02       5.014412211899e+03 
       7.251749191581e-02       4.887159274140e+03 
       7.422223758752e-02       4.750700118044e+03 
       7.601544764772e-02       4.604953101334e+03 
       7.790225071013e-02       4.450314844331e+03 
       7.988780369171e-02       4.287741389794e+03 
       8.197723401976e-02       4.118741519657e+03 
       8.417557697387e-02       3.945405773554e+03 
       8.648771086095e-02       3.770460698257e+03 
       8.891829350049e-02       3.597158215159e+03 
       9.147170408786e-02       3.428937711712e+03 
       9.415199477282e-02       3.269250468360e+03 
       9.696285612410e-02       3.121289912518e+03 
       9.990759999075e-02       2.987362684457e+03 
       1.029891621382e-01       2.868724878218e+03 
       1.062101255424e-01       2.765176318267e+03 
       1.095727635603e-01       2.674933081257e+03 
       1.130791005901e-01       2.594537220129e+03 
       1.167309865179e-01       2.519314656147e+03 
       1.205301803847e-01       2.443782959727e+03 
       1.244784383823e-01       2.362613593082e+03 
       1.285776014724e-01       2.271786762234e+03 
       1.328296785230e-01       2.169633496825e+03 
       1.372369217148e-01       2.057505270323e+03 
       1.418018919207e-01       1.939637482022e+03 
       1.465275126651e-01       1.822302271328e+03 
       1.514171120193e-01       1.712200429757e+03 
       1.564744523245e-01       1.614892661703e+03 
       1.617037479451e-01       1.533245276479e+03 
       1.671096713503e-01       1.466859087411e+03 
       1.726973477324e-01       1.412049732410e+03 
       1.784723381477e-01       1.362920230615e+03 
       1.844406108403e-01       1.313154080238e+03 
       1.906085000276e-01       1.258044943797e+03 
       1.969826510336e-01       1.195911542622e+03 
       2.035699502717e-01       1.129385832452e+03 
       2.103774382652e-01       1.063973009958e+03 
       2.174122036782e-01       1.005025522810e+03 
       2.246812562723e-01       9.550677863212e+02 
       2.321913768744e-01       9.135382400309e+02 
       2.399489429065e-01       8.773521847329e+02 
       2.479597288726e-01       8.420631356832e+02 
       2.562286825052e-01       8.044778788446e+02 
       2.647596790985e-01       7.646657799408e+02 
       2.735552589233e-01       7.252273522748e+02 
       2.826163554811e-01       6.892556757655e+02 
       2.919420255514e-01       6.583110054652e+02 
       3.015291952461e-01       6.311748451643e+02 
       3.113724391677e-01       6.053783245924e+02 
       3.214638117275e-01       5.794542193711e+02 
       3.317927501002e-01       5.535104839392e+02 
       3.423460666057e-01       5.290179753692e+02 
       3.531080441607e-01       5.069798288257e+02 
       3.640606418247e-01       4.871592425971e+02 
       3.751838088728e-01       4.686358485607e+02 
       3.864558962179e-01       4.506741191368e+02 
       3.978541447286e-01       4.334805084521e+02 
       4.093552224924e-01       4.174431547399e+02 
       4.209357785936e-01       4.027499567575e+02 
       4.325729802218e-01       3.891542492619e+02 
       4.442450029219e-01       3.763975531267e+02 
       4.559314498946e-01       3.643297201587e+02 
       4.676136842938e-01       3.529565525187e+02 
       4.792750671319e-01       3.423581737233e+02 
       4.909011014535e-01       3.325010203063e+02 
       5.024794899793e-01       3.232997815578e+02 
       5.140001179853e-01       3.146107960984e+02 
       5.254549757002e-01       3.064160734446e+02 
       5.368380352050e-01       2.986971242548e+02 
       5.481450961317e-01       2.914524886529e+02 
       5.593736128383e-01       2.846236794350e+02 
       5.705225136152e-01       2.781700406364e+02 
       5.815920202187e-01       2.720567357385e+02 
       5.925834738510e-01       2.662507011839e+02 
       6.034991717890e-01       2.607432534944e+02 
       6.143422172564e-01       2.555043467825e+02 
       6.251163838659e-01       2.505224542998e+02 
       6.358259950014e-01       2.457672487724e+02 
       6.464758178263e-01       2.412224783580e+02 
       6.570709711456e-01       2.368732188925e+02 
       6.676168460700e-01       2.327024623710e+02 
       6.781190382804e-01       2.287041323345e+02 
       6.885832906431e-01       2.248586615229e+02 
       6.990154449411e-01       2.211597576720e+02 
       7.094214015495e-01       2.175938418903e+02 
       7.198070859652e-01       2.141507847254e+02 
       7.301784212088e-01       2.108259080847e+02 
       7.405413052133e-01       2.076068256452e+02 
       7.509015924250e-01       2.044907981733e+02 
       7.612650789375e-01       2.014678853822e+02 
       7.716374905713e-01       1.985325832388e+02 
       7.820244733967e-01       1.956809684061e+02 
       7.924315862716e-01       1.929046742101e+02 
       8.028642950305e-01       1.902026366630e+02 
       8.133279680232e-01       1.875675440344e+02 
       8.238278727467e-01       1.849968857627e+02 
       8.343691733641e-01       1.824873583636e+02 
       8.449569289368e-01       1.800332115895e+02 
       8.555960922326e-01       1.776341494933e+02 
       8.662915089976e-01       1.752845490907e+02 
       8.770479176052e-01       1.729838719457e+02 
       8.878699490146e-01       1.707284381331e+02 
       8.987621269875e-01       1.685159650220e+02 
       9.097288685271e-01       1.663451610374e+02 
       9.207744845130e-01       1.642124593115e+02 
       9.319031805169e-01       1.621178923766e+02 
       9.431190577893e-01       1.600578663514e+02 
       9.544261144154e-01       1.580323260021e+02 
       9.658282466396e-01       1.560387722505e+02 
       9.773292503637e-01       1.540762094076e+02 
       9.889328228236e-01       1.521431661209e+02 
       1.000642564450e+00       1.502384870787e+02 
       1.012461980922e+00       1.483614979443e+02 
       1.024394485412e+00       1.465103458215e+02 
       1.036443401029e+00       1.446850190912e+02 
       1.048611963470e+00       1.428836047720e+02 
       1.060903323855e+00       1.411062683784e+02 
       1.073320551764e+00       1.393512709421e+02 
       1.085866638464e+00       1.376189714775e+02 
       1.098544500300e+00       1.359075027660e+02 
       1.111356982264e+00       1.342173551986e+02 
       1.124306861703e+00       1.325470026378e+02 
       1.137396852158e+00       1.308967563604e+02 
       1.150629607321e+00       1.292653403905e+02 
       1.164007725067e+00       1.276529257793e+02 
       1.177533751570e+00       1.260584883171e+02 
       1.191210185445e+00       1.244820874370e+02 
       1.205039481918e+00       1.229229686644e+02 
       1.219024056985e+00       1.213809572068e+02 
       1.233166291544e+00       1.198557039520e+02 
       1.247468535478e+00       1.183466721728e+02 
       1.261933111652e+00       1.168538526297e+02 
       1.276562319836e+00       1.153765730458e+02 
       1.291358440497e+00       1.139149566802e+02 
       1.306323738478e+00       1.124684038494e+02 
       1.321460466528e+00       1.110368499818e+02 
       1.336770868686e+00       1.096200627780e+02 
       1.352257183498e+00       1.082176447179e+02 
       1.367921647073e+00       1.068296308147e+02 
       1.383766495961e+00       1.054555968773e+02 
       1.399793969866e+00       1.040954275577e+02 
       1.416006314175e+00       1.027490080465e+02 
       1.432405782323e+00       1.014159840979e+02 
       1.448994637987e+00       1.000963169495e+02 
       1.465775157123e+00       9.878981413198e+01 
       1.482749629832e+00       9.749622532395e+01 
       1.499920362098e+00       9.621549464273e+01 
       1.517289677362e+00       9.494745619149e+01 
       1.534859917984e+00       9.369188401973e+01 
       1.552633446569e+00       9.244871235145e+01 
       1.570612647184e+00       9.121782998342e+01 
       1.588799926472e+00       8.999903695989e+01 
       1.607197714664e+00       8.879222983122e+01 
       1.625808466519e+00       8.759731614485e+01 
       1.644634662168e+00       8.641417408167e+01 
       1.663678807909e+00       8.524263942602e+01 
       1.682943436926e+00       8.408264171126e+01 
       1.702431109965e+00       8.293408303813e+01 
       1.722144415953e+00       8.179684855463e+01 
       1.742085972590e+00       8.067081737930e+01 
       1.762258426898e+00       7.955589680605e+01 
       1.782664455740e+00       7.845201019760e+01 
       1.803306766319e+00       7.735906927319e+01 
       1.824188096657e+00       7.627697155619e+01 
       1.845311216052e+00       7.520562671215e+01 
       1.866678925529e+00       7.414495047291e+01 
       1.888294058273e+00       7.309486850726e+01 
       1.910159480062e+00       7.205531047264e+01 
       1.932278089686e+00       7.102618611332e+01 
       1.954652819367e+00       7.000742956928e+01 
       1.977286635177e+00       6.899895115741e+01 
       2.000182537453e+00       6.800069576676e+01 
       2.023343561210e+00       6.701257678895e+01 
       2.046772776559e+00       6.603454357508e+01 
       2.070473289123e+00       6.506651725651e+01 
       2.094448240459e+00       6.410844296723e+01 
       2.118700808481e+00       6.316025645556e+01 
       2.143234207884e+00       6.222188710550e+01 
       2.168051690576e+00       6.129329010597e+01 
       2.193156546111e+00       6.037439826398e+01 
       2.218552102127e+00       5.946515238434e+01 
       2.244241724791e+00       5.856550079853e+01 
       2.270228819243e+00       5.767538872409e+01 
       2.296516830050e+00       5.679475412991e+01 
       2.323109241665e+00       5.592355109146e+01 
       2.350009578887e+00       5.506172272953e+01 
       2.377221407327e+00       5.420922068672e+01 
       2.404748333887e+00       5.336599395791e+01 
       2.432594007231e+00       5.253199270197e+01 
       2.460762118274e+00       5.170716902208e+01 
       2.489256400669e+00       5.089147339407e+01 
       2.518080631303e+00       5.008485894121e+01 
       2.547238630797e+00       4.928727958104e+01 
       2.576734264012e+00       4.849868875580e+01 
       2.606571440563e+00       4.771904050143e+01 
       2.636754115334e+00       4.694828903452e+01 
       2.667286289007e+00       4.618638922609e+01 
       2.698172008589e+00       4.543329774691e+01 
       2.729415367948e+00       4.468896984971e+01 
       2.761020508358e+00       4.395336149169e+01 
       2.792991619045e+00       4.322642860331e+01 
       2.825332937746e+00       4.250812838120e+01 
       2.858048751267e+00       4.179841681365e+01 
       2.891143396055e+00       4.109725231683e+01 
       2.924621258769e+00       4.040459016244e+01 
       2.958486776862e+00       3.972038860704e+01 
       2.992744439173e+00       3.904460374234e+01 
       3.027398786518e+00       3.837719309165e+01 
       3.062454412293e+00       3.771811295158e+01 
       3.097915963083e+00       3.706731964469e+01 
       3.133788139279e+00       3.642477077560e+01 
       3.170075695698e+00       3.579042250794e+01 
       3.206783442217e+00       3.516423029892e+01 
       3.243916244407e+00       3.454615070057e+01 
       3.281479024182e+00       3.393613888299e+01 
       3.319476760448e+00       3.333415023092e+01 
       3.357914489762e+00       3.274013987892e+01 
       3.396797307005e+00       3.215406200033e+01 
       3.436130366052e+00       3.157587061099e+01 
       3.475918880456e+00       3.100551941959e+01 
       3.516168124144e+00       3.044296144899e+01 
       3.556883432107e+00       2.988814926590e+01 
       3.598070201117e+00       2.934103494649e+01 
       3.639733890435e+00       2.880156993294e+01 
       3.681880022537e+00       2.826970510154e+01 
       3.724514183849e+00       2.774539074860e+01 
       3.767642025481e+00       2.722857649334e+01 
       3.811269263983e+00       2.671921136281e+01 
       3.855401682097e+00       2.621724377417e+01 
       3.900045129529e+00       2.572262136991e+01 
       3.945205523717e+00       2.523529119843e+01 
       3.990888850625e+00       2.475519961904e+01 
       4.037101165527e+00       2.428229230382e+01 
       4.083848593816e+00       2.381651423070e+01 
       4.131137331813e+00       2.335780969409e+01 
       4.178973647588e+00       2.290612230586e+01 
       4.227363881793e+00       2.246139499940e+01 
       4.276314448502e+00       2.202357003151e+01 
       4.325831836060e+00       2.159258899151e+01 
       4.375922607942e+00       2.116839281407e+01 
       4.426593403625e+00       2.075092179882e+01 
       4.477850939470e+00       2.034011560276e+01 
       4.529702009606e+00       1.993591327828e+01 
       4.582153486837e+00       1.953825328650e+01 
       4.635212323550e+00       1.914707350556e+01 
       4.688885552635e+00       1.876231126901e+01 
       4.743180288422e+00       1.838390337471e+01 
       4.798103727618e+00       1.801178611484e+01 
       4.853663150266e+00       1.764589529994e+01 
       4.909865920708e+00       1.728616628515e+01 
       4.966719488559e+00       1.693253399820e+01 
       5.024231389698e+00       1.658493296700e+01 
       5.082409247266e+00       1.624329734741e+01 
       5.141260772675e+00       1.590756095541e+01 
       5.200793766631e+00       1.557765729441e+01 
       5.261016120166e+00       1.525351958721e+01 
       5.321935815690e+00       1.493508080611e+01 
       5.383560928042e+00       1.462227370395e+01 
       5.445899625564e+00       1.431503084517e+01 
       5.508960171182e+00       1.401328463641e+01 
       5.572750923504e+00       1.371696735779e+01 
       5.637280337925e+00       1.342601119342e+01 
       5.702556967748e+00       1.314034826194e+01 
       5.768589465320e+00       1.285991064661e+01 
       5.835386583178e+00       1.258463042517e+01 
       5.902957175207e+00       1.231443969921e+01 
       5.971310197815e+00       1.204927062301e+01 
       6.040454711123e+00       1.178905543197e+01 
       6.110399880159e+00       1.153372647036e+01 
       6.181154976081e+00       1.128321621857e+01 
       6.252729377400e+00       1.103745731964e+01 
       6.325132571225e+00       1.079638260526e+01 
       6.398374154521e+00       1.055992512093e+01 
       6.472463835381e+00       1.032801815056e+01 
       6.547411434312e+00       1.010059524032e+01 
       6.623226885536e+00       9.877590221727e+00 
       6.699920238310e+00       9.658937234018e+00 
       6.777501658255e+00       9.444570745823e+00 
       6.855981428703e+00       9.234425576037e+00 
       6.935369952063e+00       9.028436913967e+00 
       7.015677751199e+00       8.826540338726e+00 
       7.096915470821e+00       8.628671837879e+00 
       7.179093878902e+00       8.434767825332e+00 
       7.262223868100e+00       8.244765158483e+00 
       7.346316457206e+00       8.058601154632e+00 
       7.431382792601e+00       7.876213606649e+00 
       7.517434149735e+00       7.697540797920e+00 
       7.604481934624e+00       7.522521516564e+00 
       7.692537685356e+00       7.351095068937e+00 
       7.781613073626e+00       7.183201292435e+00 
       7.871719906281e+00       7.018780567597e+00 
       7.962870126882e+00       6.857773829517e+00 
       8.055075817294e+00       6.700122578589e+00 
       8.148349199280e+00       6.545768890579e+00 
       8.242702636127e+00       6.394655426050e+00 
       8.338148634280e+00       6.246725439138e+00 
       8.434699845003e+00       6.101922785703e+00 
       8.532369066054e+00       5.960191930866e+00 
       8.631169243383e+00       5.821477955933e+00 
       8.731113472846e+00       5.685726564735e+00 
       8.832215001943e+00       5.552884089390e+00 
       8.934487231572e+00       5.422897495499e+00 
       9.037943717805e+00       5.295714386788e+00 
       9.142598173689e+00       5.171283009228e+00 
       9.248464471058e+00       5.049552254611e+00 
       9.355556642375e+00       4.930471663640e+00 
       9.463888882591e+00       4.813991428510e+00 
       9.573475551028e+00       4.700062395017e+00 
       9.684331173279e+00       4.588636064199e+00 
       9.796470443138e+00       4.479664593527e+00 
       9.909908224543e+00       4.373100797659e+00 
       1.002465955355e+01       4.268898148774e+00 
       1.014073964032e+01       4.167010776494e+00 
       1.025816387115e+01       4.067393467416e+00 
       1.037694781048e+01       3.970001664261e+00 
       1.049710720301e+01       3.874791464662e+00 
       1.061865797573e+01       3.781719619589e+00 
       1.074161624006e+01       3.690743531453e+00 
       1.086599829399e+01       3.601821251867e+00 
       1.099182062422e+01       3.514911479107e+00 
       1.111909990838e+01       3.429973555269e+00 
       1.124785301718e+01       3.346967463148e+00 
       1.137809701671e+01       3.265853822832e+00 
       1.150984917068e+01       3.186593888046e+00 
       1.164312694269e+01       3.109149542247e+00 
       1.177794799857e+01       3.033483294479e+00 
       1.191433020869e+01       2.959558275007e+00 
       1.205229165038e+01       2.887338230742e+00 
       1.219185061027e+01       2.816787520458e+00 
       1.233302558676e+01       2.747871109827e+00 
       1.247583529242e+01       2.680554566271e+00 
       1.262029865655e+01       2.614804053648e+00 
       1.276643482759e+01       2.550586326781e+00 
       1.291426317574e+01       2.487868725836e+00 
       1.306380329548e+01       2.426619170570e+00 
       1.321507500820e+01       2.366806154441e+00 
       1.336809836480e+01       2.308398738610e+00 
       1.352289364835e+01       2.251366545828e+00 
       1.367948137682e+01       2.195679754220e+00 
       1.383788230572e+01       2.141309090984e+00 
       1.399811743093e+01       2.088225826001e+00 
       1.416020799145e+01       2.036401765372e+00 
       1.432417547220e+01       1.985809244884e+00 
       1.449004160689e+01       1.936421123423e+00 
       1.465782838090e+01       1.888210776320e+00 
       1.482755803418e+01       1.841152088669e+00 
       1.499925306423e+01       1.795219448587e+00 
       1.517293622902e+01       1.750387740461e+00 
       1.534863055007e+01       1.706632338146e+00 
       1.552635931548e+01       1.663929098163e+00 
       1.570614608299e+01       1.622254352871e+00 
       1.588801468316e+01       1.581584903629e+00 
       1.607198922246e+01       1.541898013960e+00 
       1.625809408653e+01       1.503171402716e+00 
       1.644635394336e+01       1.465383237238e+00 
       1.663679374659e+01       1.428512126545e+00 
       1.682943873881e+01       1.392537114520e+00 
       1.702431445490e+01       1.357437673131e+00 
       1.722144672544e+01       1.323193695660e+00 
       1.742086168009e+01       1.289785489973e+00 
       1.762258575108e+01       1.257193771816e+00 
       1.782664567673e+01       1.225399658137e+00 
       1.803306850495e+01       1.194384660463e+00 
       1.824188159687e+01       1.164130678302e+00 
       1.845311263043e+01       1.134619992594e+00 
       1.866678960409e+01       1.105835259215e+00 
       1.888294084049e+01       1.077759502516e+00 
       1.910159499024e+01       1.050376108929e+00 
       1.932278103572e+01       1.023668820616e+00 
       1.954652829490e+01       9.976217291761e-01 
       1.977286642523e+01       9.722192694159e-01 
       2.000182542759e+01       9.474462131717e-01 
       2.023343565024e+01       9.232876631988e-01 
       2.046772779287e+01       8.997290471217e-01 
       2.070473291066e+01       8.767561114496e-01 
       2.094448241836e+01       8.543549156571e-01 
       2.118700809452e+01       8.325118263327e-01 
       2.143234208565e+01       8.112135113950e-01 
       2.168051691052e+01       7.904469343785e-01 
       2.193156546441e+01       7.701993487896e-01 
       2.218552102356e+01       7.504582925331e-01 
       2.244241724948e+01       7.312115824109e-01 
       2.270228819350e+01       7.124473086927e-01 
       2.296516830123e+01       6.941538297596e-01 
       2.323109241715e+01       6.763197668210e-01 
       2.350009578920e+01       6.589339987050e-01 
       2.377221407349e+01       6.419856567228e-01 
       2.404748333902e+01       6.254641196074e-01 
       2.432594007241e+01       6.093590085262e-01 
       2.460762118280e+01       5.936601821682e-01 
       2.489256400673e+01       5.783577319056e-01 
       2.518080631306e+01       5.634419770296e-01 
       2.547238630799e+01       5.489034600605e-01 
       2.576734264013e+01       5.347329421317e-01 
       2.606571440564e+01       5.209213984477e-01 
       2.636754115335e+01       5.074600138156e-01 
       2.667286289008e+01       4.943401782501e-01 
       2.698172008589e+01       4.815534826507e-01 
       2.729415367948e+01       4.690917145526e-01 
       2.761020508358e+01       4.569468539485e-01 
       2.792991619045e+01       4.451110691830e-01 
       2.825332937746e+01       4.335767129172e-01 
       2.858048751267e+01       4.223363181649e-01 
       2.891143396055e+01       4.113825943981e-01 
       2.924621258769e+01       4.007084237218e-01 
       2.958486776862e+01       3.903068571187e-01 
       2.992744439173e+01       3.801711107606e-01 
       3.027398786518e+01       3.702945623886e-01 
