# Matter power spectrum P(k) at redshift z=0.5
# for k=1.05234e-05 to 30.1114 h/Mpc,
# number of wavenumbers equal to 1160
#    1:k (h/Mpc)              2:P (Mpc/h)^3        
       1.052338535951e-05       2.642190099223e+01 
       1.064524041894e-05       2.671769571136e+01 
       1.076850649345e-05       2.701680477514e+01 
       1.089319992184e-05       2.731926263632e+01 
       1.101933723208e-05       2.762510320124e+01 
       1.114693514354e-05       2.793437207103e+01 
       1.127601056917e-05       2.824710222193e+01 
       1.140658061779e-05       2.856333389245e+01 
       1.153866259631e-05       2.888310457275e+01 
       1.167227401207e-05       2.920645475222e+01 
       1.180743257510e-05       2.953342267898e+01 
       1.194415620053e-05       2.986405155086e+01 
       1.208246301093e-05       3.019838021584e+01 
       1.222237133871e-05       3.053645471181e+01 
       1.236389972857e-05       3.087831778604e+01 
       1.250706693995e-05       3.122400300938e+01 
       1.265189194951e-05       3.157355919287e+01 
       1.279839395364e-05       3.192702363824e+01 
       1.294659237103e-05       3.228445481810e+01 
       1.309650684521e-05       3.264587890195e+01 
       1.324815724719e-05       3.301135678033e+01 
       1.340156367806e-05       3.338092335598e+01 
       1.355674647168e-05       3.375461911593e+01 
       1.371372619736e-05       3.413250689489e+01 
       1.387252366260e-05       3.451462890344e+01 
       1.403315991582e-05       3.490101741497e+01 
       1.419565624918e-05       3.529173745443e+01 
       1.436003420141e-05       3.568683129567e+01 
       1.452631556062e-05       3.608635107632e+01 
       1.469452236722e-05       3.649033504131e+01 
       1.486467691684e-05       3.689884944462e+01 
       1.503680176329e-05       3.731194108019e+01 
       1.521091972152e-05       3.772964451766e+01 
       1.538705387068e-05       3.815203231769e+01 
       1.556522755718e-05       3.857914662238e+01 
       1.574546439772e-05       3.901104245917e+01 
       1.592778828251e-05       3.944777342778e+01 
       1.611222337839e-05       3.988939624986e+01 
       1.629879413203e-05       4.033595901157e+01 
       1.648752527317e-05       4.078752034517e+01 
       1.667844181793e-05       4.124413684640e+01 
       1.687156907209e-05       4.170586633236e+01 
       1.706693263445e-05       4.217276492065e+01 
       1.726455840025e-05       4.264489046940e+01 
       1.746447256456e-05       4.312230087889e+01 
       1.766670162579e-05       4.360505925413e+01 
       1.787127238919e-05       4.409321749315e+01 
       1.807821197039e-05       4.458684068375e+01 
       1.828754779900e-05       4.508599119405e+01 
       1.849930762227e-05       4.559072963464e+01 
       1.871351950872e-05       4.610111716724e+01 
       1.893021185191e-05       4.661721800076e+01 
       1.914941337418e-05       4.713909700605e+01 
       1.937115313045e-05       4.766681832127e+01 
       1.959546051209e-05       4.820044785115e+01 
       1.982236525079e-05       4.874004979503e+01 
       2.005189742253e-05       4.928569308728e+01 
       2.028408745156e-05       4.983744415868e+01 
       2.051896611441e-05       5.039537221486e+01 
       2.075656454399e-05       5.095954610439e+01 
       2.099691423372e-05       5.153003462612e+01 
       2.124004704169e-05       5.210690987542e+01 
       2.148599519489e-05       5.269024306512e+01 
       2.173479129348e-05       5.328010620404e+01 
       2.198646831511e-05       5.387657243376e+01 
       2.224105961930e-05       5.447971579732e+01 
       2.249859895185e-05       5.508961075127e+01 
       2.275912044933e-05       5.570633334982e+01 
       2.302265864356e-05       5.632995943055e+01 
       2.328924846627e-05       5.696056695159e+01 
       2.355892525363e-05       5.759823292951e+01 
       2.383172475102e-05       5.824303741728e+01 
       2.410768311771e-05       5.889505990069e+01 
       2.438683693168e-05       5.955438123743e+01 
       2.466922319447e-05       6.022108329249e+01 
       2.495487933608e-05       6.089524745392e+01 
       2.524384321992e-05       6.157695959788e+01 
       2.553615314783e-05       6.226630248522e+01 
       2.583184786517e-05       6.296336146548e+01 
       2.613096656598e-05       6.366822367995e+01 
       2.643354889810e-05       6.438097573119e+01 
       2.673963496849e-05       6.510170630973e+01 
       2.704926534853e-05       6.583050451560e+01 
       2.736248107940e-05       6.656746135699e+01 
       2.767932367749e-05       6.731266754162e+01 
       2.799983513996e-05       6.806621505051e+01 
       2.832405795025e-05       6.882819773599e+01 
       2.865203508374e-05       6.959870970770e+01 
       2.898381001345e-05       7.037784654540e+01 
       2.931942671577e-05       7.116570492750e+01 
       2.965892967636e-05       7.196238225314e+01 
       3.000236389594e-05       7.276797727499e+01 
       3.034977489636e-05       7.358258976351e+01 
       3.070120872657e-05       7.440632060955e+01 
       3.105671196875e-05       7.523927196372e+01 
       3.141633174445e-05       7.608154684526e+01 
       3.178011572090e-05       7.693324965562e+01 
       3.214811211726e-05       7.779448561031e+01 
       3.252036971107e-05       7.866536188950e+01 
       3.289693784465e-05       7.954598628111e+01 
       3.327786643172e-05       8.043646721475e+01 
       3.366320596393e-05       8.133691572222e+01 
       3.405300751763e-05       8.224744362223e+01 
       3.444732276059e-05       8.316816234303e+01 
       3.484620395887e-05       8.409918752235e+01 
       3.524970398375e-05       8.504063283887e+01 
       3.565787631870e-05       8.599261520326e+01 
       3.607077506654e-05       8.695525362135e+01 
       3.648845495654e-05       8.792866676557e+01 
       3.691097135173e-05       8.891297495294e+01 
       3.733838025618e-05       8.990830031408e+01 
       3.777073832250e-05       9.091476593511e+01 
       3.820810285926e-05       9.193249637448e+01 
       3.865053183868e-05       9.296161780948e+01 
       3.909808390423e-05       9.400225797831e+01 
       3.955081837845e-05       9.505454520633e+01 
       4.000879527080e-05       9.611860995674e+01 
       4.047207528563e-05       9.719458399039e+01 
       4.094071983021e-05       9.828260038912e+01 
       4.141479102285e-05       9.938279434495e+01 
       4.189435170118e-05       1.004953014817e+02 
       4.237946543045e-05       1.016202597901e+02 
       4.287019651196e-05       1.027578085975e+02 
       4.336660999159e-05       1.039080885169e+02 
       4.386877166839e-05       1.050712423238e+02 
       4.437674810336e-05       1.062474135885e+02 
       4.489060662823e-05       1.074367482046e+02 
       4.541041535438e-05       1.086393931579e+02 
       4.593624318190e-05       1.098554974496e+02 
       4.646815980869e-05       1.110852115049e+02 
       4.700623573974e-05       1.123286876967e+02 
       4.755054229642e-05       1.135860796677e+02 
       4.810115162597e-05       1.148575432222e+02 
       4.865813671107e-05       1.161432357160e+02 
       4.922157137949e-05       1.174433162430e+02 
       4.979153031388e-05       1.187579456576e+02 
       5.036808906168e-05       1.200872865908e+02 
       5.095132404513e-05       1.214315036760e+02 
       5.154131257139e-05       1.227907629923e+02 
       5.213813284281e-05       1.241652328893e+02 
       5.274186396726e-05       1.255550834510e+02 
       5.335258596865e-05       1.269604867313e+02 
       5.397037979752e-05       1.283816160066e+02 
       5.459532734177e-05       1.298186479364e+02 
       5.522751143753e-05       1.312717597162e+02 
       5.586701588011e-05       1.327411312727e+02 
       5.651392543513e-05       1.342269442915e+02 
       5.716832584975e-05       1.357293826501e+02 
       5.783030386405e-05       1.372486320433e+02 
       5.849994722248e-05       1.387848803784e+02 
       5.917734468555e-05       1.403383177803e+02 
       5.986258604155e-05       1.419091362941e+02 
       6.055576211850e-05       1.434975303446e+02 
       6.125696479613e-05       1.451036954921e+02 
       6.196628701808e-05       1.467278313345e+02 
       6.268382280426e-05       1.483701382412e+02 
       6.340966726326e-05       1.500308191623e+02 
       6.414391660497e-05       1.517100796513e+02 
       6.488666815335e-05       1.534081271259e+02 
       6.563802035931e-05       1.551251714008e+02 
       6.639807281377e-05       1.568614249047e+02 
       6.716692626086e-05       1.586171021196e+02 
       6.794468261128e-05       1.603924197664e+02 
       6.873144495578e-05       1.621875975607e+02 
       6.952731757886e-05       1.640028572853e+02 
       7.033240597258e-05       1.658384229799e+02 
       7.114681685053e-05       1.676945217002e+02 
       7.197065816199e-05       1.695713825416e+02 
       7.280403910623e-05       1.714692374932e+02 
       7.364707014699e-05       1.733883208912e+02 
       7.449986302714e-05       1.753288697731e+02 
       7.536253078343e-05       1.772911237128e+02 
       7.623518776154e-05       1.792753252371e+02 
       7.711794963122e-05       1.812817191276e+02 
       7.801093340160e-05       1.833105531253e+02 
       7.891425743669e-05       1.853620778173e+02 
       7.982804147113e-05       1.874365463649e+02 
       8.075240662601e-05       1.895342148147e+02 
       8.168747542491e-05       1.916553419676e+02 
       8.263337181020e-05       1.938001896598e+02 
       8.359022115942e-05       1.959690227141e+02 
       8.455815030191e-05       1.981621085122e+02 
       8.553728753563e-05       2.003797177691e+02 
       8.652776264416e-05       2.026221239853e+02 
       8.752970691391e-05       2.048896035515e+02 
       8.854325315150e-05       2.071824364106e+02 
       8.956853570139e-05       2.095009051299e+02 
       9.060569046368e-05       2.118452954628e+02 
       9.165485491209e-05       2.142158967387e+02 
       9.271616811224e-05       2.166130008302e+02 
       9.378977074005e-05       2.190369034389e+02 
       9.487580510038e-05       2.214879035057e+02 
       9.597441514591e-05       2.239663024010e+02 
       9.708574649621e-05       2.264724059700e+02 
       9.820994645705e-05       2.290065227849e+02 
       9.934716403992e-05       2.315689648570e+02 
       1.004975499818e-04       2.341600477462e+02 
       1.016612567650e-04       2.367800908444e+02 
       1.028384386377e-04       2.394294163679e+02 
       1.040292516341e-04       2.421083507863e+02 
       1.052338535951e-04       2.448172232501e+02 
       1.064524041894e-04       2.475563677247e+02 
       1.076850649345e-04       2.503261207406e+02 
       1.089319992184e-04       2.531268232060e+02 
       1.101933723208e-04       2.559588196137e+02 
       1.114693514354e-04       2.588224581790e+02 
       1.127601056917e-04       2.617180908665e+02 
       1.140658061779e-04       2.646460740297e+02 
       1.153866259631e-04       2.676067670222e+02 
       1.167227401207e-04       2.706005339301e+02 
       1.180743257510e-04       2.736277424561e+02 
       1.194415620053e-04       2.766887644203e+02 
       1.208246301093e-04       2.797839758590e+02 
       1.222237133871e-04       2.829137565895e+02 
       1.236389972857e-04       2.860784910904e+02 
       1.250706693995e-04       2.892785674885e+02 
       1.265189194951e-04       2.925143783922e+02 
       1.279839395364e-04       2.957863210020e+02 
       1.294659237103e-04       2.990947963097e+02 
       1.309650684521e-04       3.024402100701e+02 
       1.324815724719e-04       3.058229723565e+02 
       1.340156367806e-04       3.092434977246e+02 
       1.355674647168e-04       3.127022052638e+02 
       1.371372619736e-04       3.161995184982e+02 
       1.387252366260e-04       3.197358655561e+02 
       1.403315991582e-04       3.233116798059e+02 
       1.419565624919e-04       3.269273983358e+02 
       1.436003420141e-04       3.305834638249e+02 
       1.452631556062e-04       3.342803232831e+02 
       1.469452236722e-04       3.380184288252e+02 
       1.486467691684e-04       3.417982373342e+02 
       1.503680176329e-04       3.455995552471e+02 
       1.521091972152e-04       3.494636885370e+02 
       1.538705387069e-04       3.533709145916e+02 
       1.556522755718e-04       3.573217103090e+02 
       1.574546439772e-04       3.613165575740e+02 
       1.592778828251e-04       3.653559434123e+02 
       1.611222337839e-04       3.694403603955e+02 
       1.629879413203e-04       3.735703061392e+02 
       1.648752527317e-04       3.777462835037e+02 
       1.667844181793e-04       3.819688009787e+02 
       1.687156907209e-04       3.862383727224e+02 
       1.706693263445e-04       3.905555175791e+02 
       1.726455840025e-04       3.949207611806e+02 
       1.746447256456e-04       3.993346339005e+02 
       1.766670162579e-04       4.037976716649e+02 
       1.787127238919e-04       4.083104167723e+02 
       1.807821197039e-04       4.128734170584e+02 
       1.828754779900e-04       4.174872259029e+02 
       1.849930762227e-04       4.221524032411e+02 
       1.871351950872e-04       4.268695143829e+02 
       1.893021185191e-04       4.316391303005e+02 
       1.914941337418e-04       4.364618294635e+02 
       1.937115313045e-04       4.413381947701e+02 
       1.959546051209e-04       4.462688164792e+02 
       1.982236525079e-04       4.512542907545e+02 
       2.005189742253e-04       4.562952198032e+02 
       2.028408745156e-04       4.613922125285e+02 
       2.051896611441e-04       4.665458835776e+02 
       2.075656454399e-04       4.717568556326e+02 
       2.099691423372e-04       4.770257562071e+02 
       2.124004704169e-04       4.823532193114e+02 
       2.148599519489e-04       4.877398883887e+02 
       2.173479129348e-04       4.931864094983e+02 
       2.198646831511e-04       4.986934382345e+02 
       2.224105961930e-04       5.042616373005e+02 
       2.249859895185e-04       5.098916740296e+02 
       2.275912044933e-04       5.155842240562e+02 
       2.302265864356e-04       5.213399708263e+02 
       2.328924846627e-04       5.271596033950e+02 
       2.355892525363e-04       5.330438186002e+02 
       2.383172475102e-04       5.389933206791e+02 
       2.410768311771e-04       5.450088210242e+02 
       2.438683693168e-04       5.510910376274e+02 
       2.466922319448e-04       5.572406963758e+02 
       2.495487933608e-04       5.634585311027e+02 
       2.524384321992e-04       5.697452828524e+02 
       2.553615314783e-04       5.761016995852e+02 
       2.583184786517e-04       5.825285376540e+02 
       2.613096656598e-04       5.890265608180e+02 
       2.643354889810e-04       5.955965406267e+02 
       2.673963496849e-04       6.022392561629e+02 
       2.704926534853e-04       6.089554950769e+02 
       2.736248107940e-04       6.157460521047e+02 
       2.767932367750e-04       6.226117307868e+02 
       2.799983513996e-04       6.295533420847e+02 
       2.832405795025e-04       6.365717053155e+02 
       2.865203508374e-04       6.436676481182e+02 
       2.898381001345e-04       6.508420061875e+02 
       2.931942671577e-04       6.580956236713e+02 
       2.965892967636e-04       6.654293531116e+02 
       3.000236389594e-04       6.728440553663e+02 
       3.034977489636e-04       6.803405995053e+02 
       3.070120872657e-04       6.879198637550e+02 
       3.105671196875e-04       6.955827346436e+02 
       3.141633174445e-04       7.033301071668e+02 
       3.178011572090e-04       7.111628854010e+02 
       3.214811211727e-04       7.190819822923e+02 
       3.252036971107e-04       7.270883191938e+02 
       3.289693784465e-04       7.351828266544e+02 
       3.327786643172e-04       7.433664441756e+02 
       3.366320596393e-04       7.516401201485e+02 
       3.405300751763e-04       7.600048123189e+02 
       3.444732276059e-04       7.684614872346e+02 
       3.484620395887e-04       7.770111207697e+02 
       3.524970398375e-04       7.856546982870e+02 
       3.565787631870e-04       7.943932142919e+02 
       3.607077506654e-04       8.032276725402e+02 
       3.648845495654e-04       8.121590860047e+02 
       3.691097135173e-04       8.211884781315e+02 
       3.733838025618e-04       8.303168808751e+02 
       3.777073832250e-04       8.395453355605e+02 
       3.820810285926e-04       8.488748945665e+02 
       3.865053183868e-04       8.583066190615e+02 
       3.909808390423e-04       8.678415792034e+02 
       3.955081837845e-04       8.774808561406e+02 
       4.000879527080e-04       8.872255403246e+02 
       4.047207528563e-04       8.970767322652e+02 
       4.094071983021e-04       9.070355420485e+02 
       4.141479102285e-04       9.171030906147e+02 
       4.189435170118e-04       9.272805078800e+02 
       4.237946543045e-04       9.375689343912e+02 
       4.287019651196e-04       9.479695207271e+02 
       4.336660999159e-04       9.584834273175e+02 
       4.386877166839e-04       9.691118253830e+02 
       4.437674810336e-04       9.798558960582e+02 
       4.489060662823e-04       9.907168308319e+02 
       4.541041535438e-04       1.001695831425e+03 
       4.593624318190e-04       1.012794109322e+03 
       4.646815980869e-04       1.024012887859e+03 
       4.700623573974e-04       1.035353399820e+03 
       4.755054229642e-04       1.046816888564e+03 
       4.810115162597e-04       1.058404607365e+03 
       4.865813671108e-04       1.070117821623e+03 
       4.922157137949e-04       1.081957806151e+03 
       4.979153031388e-04       1.093925846139e+03 
       5.036808906168e-04       1.106023237918e+03 
       5.095132404513e-04       1.118251288492e+03 
       5.154131257139e-04       1.130611315299e+03 
       5.213813284281e-04       1.143104646740e+03 
       5.274186396726e-04       1.155732621419e+03 
       5.335258596865e-04       1.168496589610e+03 
       5.397037979752e-04       1.181397911357e+03 
       5.459532734177e-04       1.194437957814e+03 
       5.522751143753e-04       1.207618110828e+03 
       5.586701588011e-04       1.220939764901e+03 
       5.651392543513e-04       1.234404322156e+03 
       5.716832584976e-04       1.248013196275e+03 
       5.783030386405e-04       1.261767815597e+03 
       5.849994722248e-04       1.275669612878e+03 
       5.917734468555e-04       1.289720037620e+03 
       5.986258604156e-04       1.303920546668e+03 
       6.055576211850e-04       1.318272610029e+03 
       6.125696479613e-04       1.332777704581e+03 
       6.196628701808e-04       1.347437323818e+03 
       6.268382280427e-04       1.362252967903e+03 
       6.340966726326e-04       1.377226148917e+03 
       6.414391660497e-04       1.392358390406e+03 
       6.488666815335e-04       1.407651225584e+03 
       6.563802035931e-04       1.423106199248e+03 
       6.639807281377e-04       1.438724867233e+03 
       6.716692626086e-04       1.454508795632e+03 
       6.794468261128e-04       1.470459560533e+03 
       6.873144495578e-04       1.486578751689e+03 
       6.952731757886e-04       1.502867964961e+03 
       7.033240597258e-04       1.519328810571e+03 
       7.114681685053e-04       1.535962907501e+03 
       7.197065816199e-04       1.552771885947e+03 
       7.280403910623e-04       1.569757386479e+03 
       7.364707014699e-04       1.586921060143e+03 
       7.449986302714e-04       1.604264569210e+03 
       7.536253078343e-04       1.621789579568e+03 
       7.623518776155e-04       1.639497785382e+03 
       7.711794963123e-04       1.657390866962e+03 
       7.801093340160e-04       1.675470532690e+03 
       7.891425743669e-04       1.693738490946e+03 
       7.982804147114e-04       1.712196464499e+03 
       8.075240662601e-04       1.730846187857e+03 
       8.168747542491e-04       1.749689400411e+03 
       8.263337181020e-04       1.768727855185e+03 
       8.359022115942e-04       1.787963310143e+03 
       8.455815030191e-04       1.807397536603e+03 
       8.553728753563e-04       1.827032308514e+03 
       8.652776264416e-04       1.846869424147e+03 
       8.752970691391e-04       1.866910672328e+03 
       8.854325315151e-04       1.887157858050e+03 
       8.956853570140e-04       1.907612802490e+03 
       9.060569046368e-04       1.928277321783e+03 
       9.165485491209e-04       1.949153244350e+03 
       9.271616811224e-04       1.970242416943e+03 
       9.378977074005e-04       1.991546676996e+03 
       9.487580510038e-04       2.013067881623e+03 
       9.597441514591e-04       2.034807891404e+03 
       9.708574649621e-04       2.056768575885e+03 
       9.820994645705e-04       2.078951805349e+03 
       9.934716403992e-04       2.101359459057e+03 
       1.004975499818e-03       2.123993428567e+03 
       1.016612567650e-03       2.146855602290e+03 
       1.028384386377e-03       2.169947883855e+03 
       1.040292516341e-03       2.193272166283e+03 
       1.052338535951e-03       2.216830366886e+03 
       1.064524041894e-03       2.240624390642e+03 
       1.076850649345e-03       2.264656155590e+03 
       1.089319992184e-03       2.288927581794e+03 
       1.101933723208e-03       2.313440590749e+03 
       1.114693514354e-03       2.338197107775e+03 
       1.127601056917e-03       2.363199064420e+03 
       1.140658061779e-03       2.388448385747e+03 
       1.153866259631e-03       2.413947006728e+03 
       1.167227401207e-03       2.439696856497e+03 
       1.180743257510e-03       2.465699862519e+03 
       1.194415620053e-03       2.491957967746e+03 
       1.208246301093e-03       2.518473100841e+03 
       1.222237133871e-03       2.545247187598e+03 
       1.236389972857e-03       2.572282169758e+03 
       1.250706693995e-03       2.599579959210e+03 
       1.265189194951e-03       2.627142497566e+03 
       1.279839395364e-03       2.654971687018e+03 
       1.294659237103e-03       2.683069464230e+03 
       1.309650684521e-03       2.711437733949e+03 
       1.324815724719e-03       2.740078416435e+03 
       1.340156367806e-03       2.768993392368e+03 
       1.355674647168e-03       2.798184573755e+03 
       1.371372619736e-03       2.827653857536e+03 
       1.387252366260e-03       2.857403118178e+03 
       1.403315991582e-03       2.887434237182e+03 
       1.419565624919e-03       2.917749077969e+03 
       1.436003420141e-03       2.948349502640e+03 
       1.452631556062e-03       2.979237357595e+03 
       1.469452236722e-03       3.010414489148e+03 
       1.486467691684e-03       3.041882707389e+03 
       1.503680176329e-03       3.073643857611e+03 
       1.521091972152e-03       3.105699710632e+03 
       1.538705387069e-03       3.138050556247e+03 
       1.556522755718e-03       3.170698247191e+03 
       1.574546439772e-03       3.203645920403e+03 
       1.592778828251e-03       3.236895350360e+03 
       1.611222337839e-03       3.270448238271e+03 
       1.629879413203e-03       3.304306299271e+03 
       1.648752527317e-03       3.338471241590e+03 
       1.667844181793e-03       3.372944746537e+03 
       1.687156907209e-03       3.407728438858e+03 
       1.706693263445e-03       3.442823969942e+03 
       1.726455840025e-03       3.478232948600e+03 
       1.746447256456e-03       3.513956985314e+03 
       1.766670162579e-03       3.549997622817e+03 
       1.787127238919e-03       3.586356407317e+03 
       1.807821197039e-03       3.623034879290e+03 
       1.828754779900e-03       3.660034516614e+03 
       1.849930762227e-03       3.697356761462e+03 
       1.871351950872e-03       3.735003085846e+03 
       1.893021185191e-03       3.772974878219e+03 
       1.914941337418e-03       3.811273492766e+03 
       1.937115313045e-03       3.849900293154e+03 
       1.959546051209e-03       3.888856601492e+03 
       1.982236525079e-03       3.928143688643e+03 
       2.005189742253e-03       3.967762745839e+03 
       2.028408745156e-03       4.007714999450e+03 
       2.051896611441e-03       4.048001601860e+03 
       2.075656454399e-03       4.088623685716e+03 
       2.099691423372e-03       4.129582325703e+03 
       2.124004704169e-03       4.170878541081e+03 
       2.148599519489e-03       4.212513361043e+03 
       2.173479129348e-03       4.254487662004e+03 
       2.198646831511e-03       4.296802414876e+03 
       2.224105961930e-03       4.339458417876e+03 
       2.249859895185e-03       4.382456476259e+03 
       2.275912044933e-03       4.425797413549e+03 
       2.302265864357e-03       4.469481885688e+03 
       2.328924846627e-03       4.513510540176e+03 
       2.355892525363e-03       4.557883945984e+03 
       2.383172475102e-03       4.602602651254e+03 
       2.410768311771e-03       4.647667165793e+03 
       2.438683693168e-03       4.693077828457e+03 
       2.466922319448e-03       4.738835068979e+03 
       2.495487933608e-03       4.784939256863e+03 
       2.524384321992e-03       4.831390301003e+03 
       2.553615314783e-03       4.878188759031e+03 
       2.583184786517e-03       4.925334609120e+03 
       2.613096656598e-03       4.972827767846e+03 
       2.643354889810e-03       5.020668329059e+03 
       2.673963496849e-03       5.068856161618e+03 
       2.704926534853e-03       5.117391032147e+03 
       2.736248107940e-03       5.166272753690e+03 
       2.767932367750e-03       5.215500883920e+03 
       2.799983513996e-03       5.265074994148e+03 
       2.832405795025e-03       5.314994718544e+03 
       2.865203508374e-03       5.365259357787e+03 
       2.898381001345e-03       5.415868219022e+03 
       2.931942671578e-03       5.466820714521e+03 
       2.965892967636e-03       5.518115742743e+03 
       3.000236389594e-03       5.569752536618e+03 
       3.034977489636e-03       5.621729763817e+03 
       3.070120872657e-03       5.674046810357e+03 
       3.105671196875e-03       5.726702132111e+03 
       3.141633174445e-03       5.779694462953e+03 
       3.178011572090e-03       5.833022180350e+03 
       3.214811211727e-03       5.886683865258e+03 
       3.252036971107e-03       5.940677888765e+03 
       3.289693784465e-03       5.995002430500e+03 
       3.327786643172e-03       6.049655770740e+03 
       3.366320596393e-03       6.104636349726e+03 
       3.405300751763e-03       6.159940595957e+03 
       3.444732276059e-03       6.215567713897e+03 
       3.484620395888e-03       6.271514784172e+03 
       3.524970398375e-03       6.327779328856e+03 
       3.565787631870e-03       6.384359255080e+03 
       3.607077506654e-03       6.441251568545e+03 
       3.648845495654e-03       6.498453381393e+03 
       3.691097135173e-03       6.555961713002e+03 
       3.733838025618e-03       6.613773347096e+03 
       3.777073832250e-03       6.671885292258e+03 
       3.820810285927e-03       6.730293788389e+03 
       3.865053183868e-03       6.788995872078e+03 
       3.909808390423e-03       6.847987752110e+03 
       3.955081837845e-03       6.907265602187e+03 
       4.000879527080e-03       6.966825344126e+03 
       4.047207528563e-03       7.026662521801e+03 
       4.094071983021e-03       7.086773746804e+03 
       4.141479102285e-03       7.147154120798e+03 
       4.189435170118e-03       7.207799387828e+03 
       4.237946543045e-03       7.268704367265e+03 
       4.287019651196e-03       7.329864451505e+03 
       4.336660999159e-03       7.391275112781e+03 
       4.386877166839e-03       7.452930584170e+03 
       4.437674810336e-03       7.514825611914e+03 
       4.489060662823e-03       7.576955062548e+03 
       4.541041535438e-03       7.639312384705e+03 
       4.593624318190e-03       7.701892728024e+03 
       4.646815980869e-03       7.764689274718e+03 
       4.700623573974e-03       7.827696363272e+03 
       4.755054229642e-03       7.890907241889e+03 
       4.810115162597e-03       7.954315546521e+03 
       4.865813671108e-03       8.017914029919e+03 
       4.922157137949e-03       8.081696507043e+03 
       4.979153031388e-03       8.145654572194e+03 
       5.036808906168e-03       8.209782501381e+03 
       5.095132404513e-03       8.274072212715e+03 
       5.154131257139e-03       8.338514576230e+03 
       5.213813284281e-03       8.403102995473e+03 
       5.274186396726e-03       8.467829194738e+03 
       5.335258596865e-03       8.532684634152e+03 
       5.397037979752e-03       8.597660476279e+03 
       5.459532734177e-03       8.662748426739e+03 
       5.522751143753e-03       8.727959700672e+03 
       5.586701588011e-03       8.793280605963e+03 
       5.651392543513e-03       8.858645467876e+03 
       5.716832584976e-03       8.924066967511e+03 
       5.783030386405e-03       8.989549715816e+03 
       5.849994722248e-03       9.055093825646e+03 
       5.917734468555e-03       9.120684564111e+03 
       5.986258604156e-03       9.186303236928e+03 
       6.055576211850e-03       9.251957962347e+03 
       6.125696479613e-03       9.317628999484e+03 
       6.196628701808e-03       9.383302746176e+03 
       6.268382280427e-03       9.448973162647e+03 
       6.340966726326e-03       9.514617714141e+03 
       6.414391660497e-03       9.580231471862e+03 
       6.488666815335e-03       9.645796972613e+03 
       6.563802035931e-03       9.711302541059e+03 
       6.639807281377e-03       9.776735269404e+03 
       6.716692626087e-03       9.842082888303e+03 
       6.794468261128e-03       9.907325418973e+03 
       6.873144495578e-03       9.972464257296e+03 
       6.952731757886e-03       1.003747094109e+04 
       7.033240597258e-03       1.010238436945e+04 
       7.114681685053e-03       1.016709387963e+04 
       7.197065816199e-03       1.023164476428e+04 
       7.280403910623e-03       1.029600467043e+04 
       7.364707014700e-03       1.036020101419e+04 
       7.449986302714e-03       1.042415265636e+04 
       7.536253078343e-03       1.048787670347e+04 
       7.623518776155e-03       1.055135712719e+04 
       7.711794963123e-03       1.061457471016e+04 
       7.801093340160e-03       1.067751443786e+04 
       7.891425743669e-03       1.074015840026e+04 
       7.982804147114e-03       1.080249290914e+04 
       8.075240662601e-03       1.086449961127e+04 
       8.168747542491e-03       1.092615792544e+04 
       8.263337181020e-03       1.098745369070e+04 
       8.359022115942e-03       1.104836152610e+04 
       8.455815030191e-03       1.110887437257e+04 
       8.553728753563e-03       1.116897046158e+04 
       8.652776264417e-03       1.122862808196e+04 
       8.752970691391e-03       1.128783206734e+04 
       8.854325315151e-03       1.134655487742e+04 
       8.956853570140e-03       1.140478405990e+04 
       9.060569046368e-03       1.146249831557e+04 
       9.165485491209e-03       1.151967788328e+04 
       9.271616811224e-03       1.157630060592e+04 
       9.378977074005e-03       1.163234805000e+04 
       9.487580510038e-03       1.168779414835e+04 
       9.597441514591e-03       1.174262458625e+04 
       9.708574649621e-03       1.179681616461e+04 
       9.820994645705e-03       1.185033832483e+04 
       9.934716403992e-03       1.190318565586e+04 
       1.004975499818e-02       1.195532169724e+04 
       1.016612567650e-02       1.200672520518e+04 
       1.028384386377e-02       1.205737851551e+04 
       1.040292516341e-02       1.210726150144e+04 
       1.052338535951e-02       1.215634223456e+04 
       1.064524041894e-02       1.220460138849e+04 
       1.076850649346e-02       1.225201693843e+04 
       1.089319992184e-02       1.229856050453e+04 
       1.101933723208e-02       1.234421404324e+04 
       1.114693514354e-02       1.238895183050e+04 
       1.127601056917e-02       1.243274488319e+04 
       1.140658061779e-02       1.247557157379e+04 
       1.153866259631e-02       1.251740365886e+04 
       1.167227401207e-02       1.255822148087e+04 
       1.180743257510e-02       1.259799966002e+04 
       1.194415620053e-02       1.263670815456e+04 
       1.208246301093e-02       1.267432623175e+04 
       1.222237133871e-02       1.271082797459e+04 
       1.236389972857e-02       1.274619077547e+04 
       1.250706693995e-02       1.278037403759e+04 
       1.265189194951e-02       1.281336885895e+04 
       1.279839395364e-02       1.284513635781e+04 
       1.294659237103e-02       1.287566851570e+04 
       1.309650684521e-02       1.290492863188e+04 
       1.324815724719e-02       1.293289119416e+04 
       1.340156367806e-02       1.295952044761e+04 
       1.355674647168e-02       1.298480438057e+04 
       1.371372619737e-02       1.300871712079e+04 
       1.387252366260e-02       1.303123592630e+04 
       1.403315991583e-02       1.305231775011e+04 
       1.419565624920e-02       1.307194081261e+04 
       1.436003420143e-02       1.309010305835e+04 
       1.452631556064e-02       1.310675823673e+04 
       1.469452236726e-02       1.312185378877e+04 
       1.486467691690e-02       1.313544895912e+04 
       1.503680176338e-02       1.314745849878e+04 
       1.521091972167e-02       1.315784730406e+04 
       1.538705387091e-02       1.316662761892e+04 
       1.556522755752e-02       1.317374953173e+04 
       1.574546439824e-02       1.317921548969e+04 
       1.592778828330e-02       1.318298420952e+04 
       1.611222337957e-02       1.318504289295e+04 
       1.629879413378e-02       1.318536263031e+04 
       1.648752527577e-02       1.318394087383e+04 
       1.667844182175e-02       1.318071940816e+04 
       1.687156907768e-02       1.317565448015e+04 
       1.706693264261e-02       1.316890052962e+04 
       1.726455841208e-02       1.316020829162e+04 
       1.746447258164e-02       1.314973697193e+04 
       1.766670165033e-02       1.313738218535e+04 
       1.787127242427e-02       1.312311586373e+04 
       1.807821202030e-02       1.310696424401e+04 
       1.828754786968e-02       1.308879833575e+04 
       1.849930772188e-02       1.306893474377e+04 
       1.871351964847e-02       1.304701703577e+04 
       1.893021204707e-02       1.302315028543e+04 
       1.914941364550e-02       1.299734260331e+04 
       1.937115350597e-02       1.296938690052e+04 
       1.959546102950e-02       1.293981776625e+04 
       1.982236596061e-02       1.290805584977e+04 
       2.005189839207e-02       1.287439846986e+04 
       2.028408877018e-02       1.283849596579e+04 
       2.051896790016e-02       1.280105840301e+04 
       2.075656695221e-02       1.276141017868e+04 
       2.099691746786e-02       1.271980343273e+04 
       2.124005136715e-02       1.267609335266e+04 
       2.148600095638e-02       1.263041712374e+04 
       2.173479893683e-02       1.258298164949e+04 
       2.198647841460e-02       1.253347641935e+04 
       2.224107291160e-02       1.248209285073e+04 
       2.249861637813e-02       1.242885699741e+04 
       2.275914320718e-02       1.237361842098e+04 
       2.302268825087e-02       1.231652033306e+04 
       2.328928683925e-02       1.225731970737e+04 
       2.355897480205e-02       1.219647156114e+04 
       2.383178849363e-02       1.213379003692e+04 
       2.410776482180e-02       1.206925438654e+04 
       2.438694128104e-02       1.200293320471e+04 
       2.466935599069e-02       1.193494854142e+04 
       2.495504773897e-02       1.186522127824e+04 
       2.524405603337e-02       1.179380163466e+04 
       2.553642115854e-02       1.172076425534e+04 
       2.583218424230e-02       1.164612550511e+04 
       2.613138733099e-02       1.156992443376e+04 
       2.643407347512e-02       1.149214940873e+04 
       2.674028682642e-02       1.141296700146e+04 
       2.705007274750e-02       1.133237822667e+04 
       2.736347793546e-02       1.125039126761e+04 
       2.768055056065e-02       1.116712550563e+04 
       2.800134042199e-02       1.108256399044e+04 
       2.832589912026e-02       1.099678451645e+04 
       2.865428025082e-02       1.090989797713e+04 
       2.898653961730e-02       1.082189329476e+04 
       2.932273546759e-02       1.073282075426e+04 
       2.966292875396e-02       1.064287325393e+04 
       3.000718341851e-02       1.055204818564e+04 
       3.035556670588e-02       1.046028307072e+04 
       3.070814950445e-02       1.036779626654e+04 
       3.106500671794e-02       1.027465801656e+04 
       3.142621766869e-02       1.018080190548e+04 
       3.179186653456e-02       1.008640323072e+04 
       3.216204282081e-02       9.991571695962e+03 
       3.253684186887e-02       9.896285461152e+03 
       3.291636540370e-02       9.800702816630e+03 
       3.330072212148e-02       9.704735850021e+03 
       3.369002831980e-02       9.608628884572e+03 
       3.408440857221e-02       9.512388318580e+03 
       3.448399644969e-02       9.416118880215e+03 
       3.488893529124e-02       9.319739227039e+03 
       3.529937902673e-02       9.223486474641e+03 
       3.571549305479e-02       9.127373195805e+03 
       3.613745517945e-02       9.031508412184e+03 
       3.656545660943e-02       8.935879084165e+03 
       3.699970302437e-02       8.840607361484e+03 
       3.744041571322e-02       8.745705387070e+03 
       3.788783279027e-02       8.651230578514e+03 
       3.834221049529e-02       8.557332010855e+03 
       3.880382458486e-02       8.463979138641e+03 
       3.927297182298e-02       8.371251432836e+03 
       3.974997158001e-02       8.279271995347e+03 
       4.023516754973e-02       8.187986445782e+03 
       4.072892959605e-02       8.097502736981e+03 
       4.123165574137e-02       8.007823602649e+03 
       4.174377431052e-02       7.919037562290e+03 
       4.226574624516e-02       7.831195372671e+03 
       4.279806760527e-02       7.744256778694e+03 
       4.334127227559e-02       7.658337663906e+03 
       4.389593489681e-02       7.573444490524e+03 
       4.446267404251e-02       7.489584090525e+03 
       4.504215566488e-02       7.406815190444e+03 
       4.563509683345e-02       7.325127418849e+03 
       4.624226979287e-02       7.244514100310e+03 
       4.686450636694e-02       7.164991326583e+03 
       4.750270273716e-02       7.086631044797e+03 
       4.815782462479e-02       7.009255478631e+03 
       4.883091290563e-02       6.932935673152e+03 
       4.952308968572e-02       6.857738784196e+03 
       5.023556486497e-02       6.783258395869e+03 
       5.096964321198e-02       6.709746403492e+03 
       5.172673196897e-02       6.637070160358e+03 
       5.250834899778e-02       6.564997990505e+03 
       5.331613146796e-02       6.493393166939e+03 
       5.415184507345e-02       6.422055011228e+03 
       5.501739374537e-02       6.350940485573e+03 
       5.591482980358e-02       6.279433124074e+03 
       5.684636445787e-02       6.207476524483e+03 
       5.781437852909e-02       6.134628872312e+03 
       5.882143321111e-02       6.060323885700e+03 
       5.987028063346e-02       5.984226003168e+03 
       6.096387391260e-02       5.905563093792e+03 
       6.210537629590e-02       5.823814141788e+03 
       6.329816890737e-02       5.738207283845e+03 
       6.454585650147e-02       5.647842426047e+03 
       6.585227052472e-02       5.551919173704e+03 
       6.722146868289e-02       5.449595781537e+03 
       6.865773012603e-02       5.339978062253e+03 
       7.016554531061e-02       5.222172767972e+03 
       7.174959959924e-02       5.095512046764e+03 
       7.341474973803e-02       4.959491489993e+03 
       7.516599253735e-02       4.813883250788e+03 
       7.700842539913e-02       4.658964924501e+03 
       7.894719880022e-02       4.495262946863e+03 
       8.098746145988e-02       4.324218134161e+03 
       8.313429966975e-02       4.147578752485e+03 
       8.539267309333e-02       3.967888581677e+03 
       8.776735016338e-02       3.788280469948e+03 
       9.026284690129e-02       3.612266743395e+03 
       9.288337341776e-02       3.443446417678e+03 
       9.563279240300e-02       3.285192215382e+03 
       9.851459348751e-02       3.140379095570e+03 
       1.015318864344e-01       3.010908872240e+03 
       1.046874147793e-01       2.897283207462e+03 
       1.079835899198e-01       2.798395063206e+03 
       1.114225439969e-01       2.711540030525e+03 
       1.150061984286e-01       2.632414024844e+03 
       1.187363438724e-01       2.555603271133e+03 
       1.226147268060e-01       2.475477081991e+03 
       1.266431378773e-01       2.387118940787e+03 
       1.308234975948e-01       2.287539646778e+03 
       1.351579356875e-01       2.176604002305e+03 
       1.396488613935e-01       2.057414438529e+03 
       1.442990228740e-01       1.935568525604e+03 
       1.491115547839e-01       1.818034112053e+03 
       1.540900136685e-01       1.711202398321e+03 
       1.592384012717e-01       1.619545854569e+03 
       1.645611760337e-01       1.544207746742e+03 
       1.700632530488e-01       1.482955876589e+03 
       1.757499925887e-01       1.430555992800e+03 
       1.816271770110e-01       1.380376983076e+03 
       1.877009755165e-01       1.326826639408e+03 
       1.939778958233e-01       1.266229408706e+03 
       2.004647214345e-01       1.199323065477e+03 
       2.071684328253e-01       1.130708387796e+03 
       2.140961106035e-01       1.066416554193e+03 
       2.212548185657e-01       1.010597774155e+03 
       2.286514646202e-01       9.640803554780e+02 
       2.362926378688e-01       9.248216454981e+02 
       2.441844207963e-01       8.886502976692e+02 
       2.523321765961e-01       8.513064733005e+02 
       2.607403132413e-01       8.111930540364e+02 
       2.694120280229e-01       7.700105227895e+02 
       2.783490389207e-01       7.309732257588e+02 
       2.875513122415e-01       6.966850029060e+02 
       2.970167992320e-01       6.672239165063e+02 
       3.067411974954e-01       6.403088265274e+02 
       3.167177555061e-01       6.137642774603e+02 
       3.269371397342e-01       5.869262437938e+02 
       3.373873832481e-01       5.607909709045e+02 
       3.480539316924e-01       5.368677113676e+02 
       3.589197970451e-01       5.154709136469e+02 
       3.699658217950e-01       4.958952823540e+02 
       3.811710468977e-01       4.771351811860e+02 
       3.925131672539e-01       4.589763622377e+02 
       4.039690499527e-01       4.418442187639e+02 
       4.155152845075e-01       4.260442028241e+02 
       4.271287317676e-01       4.115384766041e+02 
       4.387870394820e-01       3.979894010113e+02 
       4.504690972523e-01       3.852142009880e+02 
       4.621554109100e-01       3.731213848595e+02 
       4.738283848900e-01       3.618039567231e+02 
       4.854725096419e-01       3.512696410619e+02 
       4.970744584534e-01       3.414667397322e+02 
       5.086231035811e-01       3.322488968642e+02 
       5.201094650373e-01       3.235382231584e+02 
       5.315266068932e-01       3.153284710805e+02 
       5.428694958600e-01       3.076080620714e+02 
       5.541348356664e-01       3.003528946086e+02 
       5.653208888189e-01       2.934955019588e+02 
       5.764272950940e-01       2.870090736523e+02 
       5.874548938757e-01       2.808488394103e+02 
       5.984055553989e-01       2.750042824355e+02 
       6.092820242021e-01       2.694496008680e+02 
       6.200877766681e-01       2.641656314819e+02 
       6.308268934320e-01       2.591318689876e+02 
       6.415039466321e-01       2.543186127374e+02 
       6.521239014186e-01       2.497171144309e+02 
       6.626920307828e-01       2.453048946437e+02 
       6.732138425575e-01       2.410750794614e+02 
       6.836950173543e-01       2.370121198821e+02 
       6.941413561878e-01       2.331020286060e+02 
       7.045587365815e-01       2.293375208432e+02 
       7.149530760258e-01       2.257022488015e+02 
       7.253303017532e-01       2.221927090892e+02 
       7.356963259006e-01       2.187974864049e+02 
       7.460570252340e-01       2.155095109951e+02 
       7.564182247099e-01       2.123235033986e+02 
       7.667856842473e-01       2.092288454338e+02 
       7.771650881671e-01       2.062237866224e+02 
       7.875620368373e-01       2.032995644027e+02 
       7.979820401327e-01       2.004525014762e+02 
       8.084305123770e-01       1.976785736564e+02 
       8.189127684931e-01       1.949712366647e+02 
       8.294340211312e-01       1.923295027639e+02 
       8.399993785867e-01       1.897466999779e+02 
       8.506138433550e-01       1.872214794530e+02 
       8.612823111991e-01       1.847499713124e+02 
       8.720095706318e-01       1.823286641465e+02 
       8.828003027368e-01       1.799565824683e+02 
       8.936590812704e-01       1.776289508080e+02 
       9.045903730004e-01       1.753457133659e+02 
       9.155985382520e-01       1.731028603802e+02 
       9.266878316404e-01       1.708995772514e+02 
       9.378624029788e-01       1.687336428032e+02 
       9.491262983546e-01       1.666029632240e+02 
       9.604834613755e-01       1.645069075362e+02 
       9.719377345857e-01       1.624427426490e+02 
       9.834928610581e-01       1.604103989935e+02 
       9.951524861694e-01       1.584070205971e+02 
       1.006920159561e+00       1.564331349621e+02 
       1.018799337296e+00       1.544862953647e+02 
       1.030793384210e+00       1.525664648862e+02 
       1.042905576461e+00       1.506718841881e+02 
       1.055139104284e+00       1.488022640124e+02 
       1.067497074933e+00       1.469562955553e+02 
       1.079982515818e+00       1.451337238603e+02 
       1.092598377824e+00       1.433333354895e+02 
       1.105347538796e+00       1.415548329409e+02 
       1.118232807185e+00       1.397973695382e+02 
       1.131256925831e+00       1.380605834337e+02 
       1.144422575860e+00       1.363437092526e+02 
       1.157732380693e+00       1.346465022957e+02 
       1.171188910119e+00       1.329681215270e+02 
       1.184794684430e+00       1.313085719998e+02 
       1.198552178582e+00       1.296668880623e+02 
       1.212463826359e+00       1.280433066683e+02 
       1.226532024525e+00       1.264368910719e+02 
       1.240759136928e+00       1.248477191121e+02 
       1.255147498544e+00       1.232750966271e+02 
       1.269699419431e+00       1.217189709297e+02 
       1.284417188591e+00       1.201789805013e+02 
       1.299303077700e+00       1.186547422706e+02 
       1.314359344708e+00       1.171462355574e+02 
       1.329588237296e+00       1.156529010614e+02 
       1.344991996168e+00       1.141748123551e+02 
       1.360572858187e+00       1.127115378311e+02 
       1.376333059333e+00       1.112628759285e+02 
       1.392274837495e+00       1.098287814647e+02 
       1.408400435083e+00       1.084088478980e+02 
       1.424712101474e+00       1.070030075504e+02 
       1.441212095283e+00       1.056111263989e+02 
       1.457902686471e+00       1.042328569251e+02 
       1.474786158291e+00       1.028681860705e+02 
       1.491864809086e+00       1.015169241651e+02 
       1.509140953938e+00       1.001788323648e+02 
       1.526616926181e+00       9.885384222966e+01 
       1.544295078788e+00       9.754182382844e+01 
       1.562177785640e+00       9.624256899926e+01 
       1.580267442685e+00       9.495597863539e+01 
       1.598566468998e+00       9.368198111946e+01 
       1.617077307754e+00       9.242042357840e+01 
       1.635802427112e+00       9.117108724849e+01 
       1.654744321037e+00       8.993395949467e+01 
       1.673905510050e+00       8.870892131256e+01 
       1.693288541924e+00       8.749583763271e+01 
       1.712895992328e+00       8.629459471217e+01 
       1.732730465436e+00       8.510511021890e+01 
       1.752794594487e+00       8.392727509517e+01 
       1.773091042323e+00       8.276102212646e+01 
       1.793622501895e+00       8.160623120802e+01 
       1.814391696753e+00       8.046280396352e+01 
       1.835401381510e+00       7.933067882256e+01 
       1.856654342297e+00       7.820976245315e+01 
       1.878153397203e+00       7.709997506789e+01 
       1.899901396708e+00       7.600123827525e+01 
       1.921901224110e+00       7.491345634535e+01 
       1.944155795943e+00       7.383656436349e+01 
       1.966668062395e+00       7.277047640168e+01 
       1.989441007725e+00       7.171513419940e+01 
       2.012477650676e+00       7.067047486134e+01 
       2.035781044892e+00       6.963641659579e+01 
       2.059354279336e+00       6.861290570703e+01 
       2.083200478705e+00       6.759987051407e+01 
       2.107322803856e+00       6.659724770723e+01 
       2.131724452226e+00       6.560497679188e+01 
       2.156408658266e+00       6.462299508056e+01 
       2.181378693868e+00       6.365124499670e+01 
       2.206637868802e+00       6.268966962098e+01 
       2.232189531159e+00       6.173820932191e+01 
       2.258037067796e+00       6.079681280811e+01 
       2.284183904782e+00       5.986542496317e+01 
       2.310633507857e+00       5.894399229462e+01 
       2.337389382893e+00       5.803246132964e+01 
       2.364455076353e+00       5.713078168447e+01 
       2.391834175769e+00       5.623890376695e+01 
       2.419530310211e+00       5.535677770823e+01 
       2.447547150772e+00       5.448435464274e+01 
       2.475888411056e+00       5.362158495701e+01 
       2.504557847667e+00       5.276842142316e+01 
       2.533559260706e+00       5.192481682626e+01 
       2.562896494281e+00       5.109072468982e+01 
       2.592573437010e+00       5.026609935350e+01 
       2.622594022540e+00       4.945089547940e+01 
       2.652962230066e+00       4.864506740793e+01 
       2.683682084863e+00       4.784857206743e+01 
       2.714757658812e+00       4.706136156994e+01 
       2.746193070949e+00       4.628339208208e+01 
       2.777992488003e+00       4.551462070047e+01 
       2.810160124953e+00       4.475500140576e+01 
       2.842700245582e+00       4.400449367478e+01 
       2.875617163051e+00       4.326305158617e+01 
       2.908915240459e+00       4.253063080844e+01 
       2.942598891432e+00       4.180718779052e+01 
       2.976672580701e+00       4.109267784030e+01 
       3.011140824696e+00       4.038705788394e+01 
       3.046008192145e+00       3.969028287574e+01 
       3.081279304681e+00       3.900230787456e+01 
       3.116958837452e+00       3.832308918036e+01 
       3.153051519740e+00       3.765258118555e+01 
       3.189562135592e+00       3.699073760378e+01 
       3.226495524450e+00       3.633751361003e+01 
       3.263856581796e+00       3.569286226780e+01 
       3.301650259795e+00       3.505673692398e+01 
       3.339881567961e+00       3.442909061647e+01 
       3.378555573810e+00       3.380987546695e+01 
       3.417677403542e+00       3.319904337133e+01 
       3.457252242711e+00       3.259654507848e+01 
       3.497285336921e+00       3.200233132006e+01 
       3.537781992513e+00       3.141635193343e+01 
       3.578747577277e+00       3.083855617038e+01 
       3.620187521156e+00       3.026889241093e+01 
       3.662107316970e+00       2.970730870484e+01 
       3.704512521141e+00       2.915375207333e+01 
       3.747408754435e+00       2.860816881517e+01 
       3.790801702700e+00       2.807050450307e+01 
       3.834697117625e+00       2.754070404343e+01 
       3.879100817499e+00       2.701871148460e+01 
       3.924018687985e+00       2.650447009322e+01 
       3.969456682897e+00       2.599792238509e+01 
       4.015420824994e+00       2.549901005304e+01 
       4.061917206771e+00       2.500767403703e+01 
       4.108951991274e+00       2.452385448312e+01 
       4.156531412913e+00       2.404749076203e+01 
       4.204661778289e+00       2.357852148241e+01 
       4.253349467029e+00       2.311688449639e+01 
       4.302600932634e+00       2.266251691514e+01 
       4.352422703332e+00       2.221535511698e+01 
       4.402821382945e+00       2.177533477357e+01 
       4.453803651763e+00       2.134239087359e+01 
       4.505376267431e+00       2.091645772456e+01 
       4.557546065844e+00       2.049746899208e+01 
       4.610319962050e+00       2.008535771973e+01 
       4.663704951174e+00       1.968005635562e+01 
       4.717708109338e+00       1.928149677832e+01 
       4.772336594602e+00       1.888961032867e+01 
       4.827597647912e+00       1.850432783423e+01 
       4.883498594061e+00       1.812557964668e+01 
       4.940046842659e+00       1.775329566721e+01 
       4.997249889116e+00       1.738740538418e+01 
       5.055115315632e+00       1.702783790226e+01 
       5.113650792208e+00       1.667452197845e+01 
       5.172864077657e+00       1.632738605435e+01 
       5.232763020637e+00       1.598635829107e+01 
       5.293355560687e+00       1.565136660291e+01 
       5.354649729284e+00       1.532233869220e+01 
       5.416653650902e+00       1.499920208284e+01 
       5.479375544094e+00       1.468188415490e+01 
       5.542823722580e+00       1.437031217798e+01 
       5.607006596346e+00       1.406441334500e+01 
       5.671932672763e+00       1.376411480503e+01 
       5.737610557713e+00       1.346934369607e+01 
       5.804048956727e+00       1.318002717718e+01 
       5.871256676144e+00       1.289609246003e+01 
       5.939242624273e+00       1.261746683989e+01 
       6.008015812579e+00       1.234407772599e+01 
       6.077585356874e+00       1.207585267109e+01 
       6.147960478525e+00       1.181271940054e+01 
       6.219150505677e+00       1.155460584039e+01 
       6.291164874493e+00       1.130144014490e+01 
       6.364013130399e+00       1.105315072322e+01 
       6.437704929352e+00       1.080966626524e+01 
       6.512250039120e+00       1.057091576672e+01 
       6.587658340577e+00       1.033682855357e+01 
       6.663939829011e+00       1.010733430526e+01 
       6.741104615452e+00       9.882363077513e+00 
       6.819162928008e+00       9.661845324119e+00 
       6.898125113224e+00       9.445711917901e+00 
       6.978001637451e+00       9.233894170913e+00 
       7.058803088238e+00       9.026323853783e+00 
       7.140540175728e+00       8.822933214261e+00 
       7.223223734083e+00       8.623654994940e+00 
       7.306864722921e+00       8.428422450191e+00 
       7.391474228763e+00       8.237169362292e+00 
       7.477063466509e+00       8.049830056769e+00 
       7.563643780917e+00       7.866339416968e+00 
       7.651226648117e+00       7.686632897851e+00 
       7.739823677121e+00       7.510646539035e+00 
       7.829446611370e+00       7.338316977088e+00 
       7.920107330286e+00       7.169581457089e+00 
       8.011817850851e+00       7.004377843464e+00 
       8.104590329193e+00       6.842644630114e+00 
       8.198437062206e+00       6.684320949848e+00 
       8.293370489170e+00       6.529346583130e+00 
       8.389403193410e+00       6.377661966158e+00 
       8.486547903956e+00       6.229208198294e+00 
       8.584817497234e+00       6.083927048842e+00 
       8.684224998773e+00       5.941760963216e+00 
       8.784783584929e+00       5.802653068485e+00 
       8.886506584634e+00       5.666547178328e+00 
       8.989407481161e+00       5.533387797412e+00 
       9.093499913912e+00       5.403120125202e+00 
       9.198797680228e+00       5.275690059221e+00 
       9.305314737212e+00       5.151044197784e+00 
       9.413065203586e+00       5.029129842206e+00 
       9.522063361556e+00       4.909894998514e+00 
       9.632323658711e+00       4.793288378672e+00 
       9.743860709933e+00       4.679259401333e+00 
       9.856689299339e+00       4.567758192140e+00 
       9.970824382235e+00       4.458735583584e+00 
       1.008628108710e+01       4.352143114441e+00 
       1.020307471760e+01       4.247933028797e+00 
       1.032122075461e+01       4.146058274685e+00 
       1.044073485824e+01       4.046472502339e+00 
       1.056163286997e+01       3.949130062084e+00 
       1.068393081470e+01       3.853986001880e+00 
       1.080764490288e+01       3.760996064531e+00 
       1.093279153269e+01       3.670116684574e+00 
       1.105938729218e+01       3.581304984856e+00 
       1.118744896147e+01       3.494518772833e+00 
       1.131699351501e+01       3.409716536574e+00 
       1.144803812377e+01       3.326857440510e+00 
       1.158060015759e+01       3.245901320930e+00 
       1.171469718742e+01       3.166808681233e+00 
       1.185034698767e+01       3.089540686959e+00 
       1.198756753858e+01       3.014059160605e+00 
       1.212637702858e+01       2.940326576231e+00 
       1.226679385672e+01       2.868306053889e+00 
       1.240883663510e+01       2.797961353864e+00 
       1.255252419133e+01       2.729256870746e+00 
       1.269787557105e+01       2.662157627355e+00 
       1.284491004042e+01       2.596629268508e+00 
       1.299364708871e+01       2.532638054658e+00 
       1.314410643084e+01       2.470150855409e+00 
       1.329630801005e+01       2.409135142905e+00 
       1.345027200047e+01       2.349558985126e+00 
       1.360601880989e+01       2.291391039074e+00 
       1.376356908236e+01       2.234600543882e+00 
       1.392294370100e+01       2.179157313835e+00 
       1.408416379075e+01       2.125031731324e+00 
       1.424725072115e+01       2.072194739736e+00 
       1.441222610921e+01       2.020617836286e+00 
       1.457911182222e+01       1.970273064807e+00 
       1.474792998072e+01       1.921133008492e+00 
       1.491870296136e+01       1.873170782610e+00 
       1.509145339991e+01       1.826360027185e+00 
       1.526620419427e+01       1.780674899666e+00 
       1.544297850746e+01       1.736090067572e+00 
       1.562179977073e+01       1.692580701137e+00 
       1.580269168663e+01       1.650122465946e+00 
       1.598567823220e+01       1.608691515578e+00 
       1.617078366210e+01       1.568264484251e+00 
       1.635803251186e+01       1.528818479488e+00 
       1.654744960112e+01       1.490331074797e+00 
       1.673906003689e+01       1.452780302366e+00 
       1.693288921694e+01       1.416144645796e+00 
       1.712896283312e+01       1.380403032859e+00 
       1.732730687476e+01       1.345534828289e+00 
       1.752794763217e+01       1.311519826610e+00 
       1.773091170004e+01       1.278338245015e+00 
       1.793622598106e+01       1.245970716274e+00 
       1.814391768940e+01       1.214398281707e+00 
       1.835401435438e+01       1.183602384194e+00 
       1.856654382408e+01       1.153564861247e+00 
       1.878153426906e+01       1.124267938132e+00 
       1.899901418606e+01       1.095694221059e+00 
       1.921901240181e+01       1.067826690421e+00 
       1.944155807684e+01       1.040648694103e+00 
       1.966668070933e+01       1.014143940859e+00 
       1.989441013905e+01       9.882964937453e-01 
       2.012477655128e+01       9.630907636326e-01 
       2.035781048084e+01       9.385115027827e-01 
       2.059354281614e+01       9.145437984977e-01 
       2.083200480323e+01       8.911730668420e-01 
       2.107322804999e+01       8.683850464384e-01 
       2.131724453030e+01       8.461657923380e-01 
       2.156408658829e+01       8.245016699678e-01 
       2.181378694259e+01       8.033793491530e-01 
       2.206637869073e+01       7.827857982179e-01 
       2.232189531346e+01       7.627082781648e-01 
       2.258037067924e+01       7.431343369307e-01 
       2.284183904869e+01       7.240518037238e-01 
       2.310633507917e+01       7.054487834395e-01 
       2.337389382933e+01       6.873136511551e-01 
       2.364455076380e+01       6.696350467052e-01 
       2.391834175787e+01       6.524018693375e-01 
       2.419530310222e+01       6.356032724473e-01 
       2.447547150780e+01       6.192286583936e-01 
       2.475888411062e+01       6.032676733940e-01 
       2.504557847670e+01       5.877102025004e-01 
       2.533559260708e+01       5.725463646538e-01 
       2.562896494283e+01       5.577665078185e-01 
       2.592573437011e+01       5.433612041961e-01 
       2.622594022540e+01       5.293212455174e-01 
       2.652962230067e+01       5.156376384135e-01 
       2.683682084863e+01       5.023015998640e-01 
       2.714757658813e+01       4.893045527240e-01 
       2.746193070950e+01       4.766381213261e-01 
       2.777992488003e+01       4.642941271611e-01 
       2.810160124953e+01       4.522645846325e-01 
       2.842700245582e+01       4.405416968877e-01 
       2.875617163051e+01       4.291178517228e-01 
       2.908915240459e+01       4.179856175615e-01 
       2.942598891432e+01       4.071377395079e-01 
       2.976672580701e+01       3.965671354704e-01 
       3.011140824696e+01       3.862668923586e-01 
