# Matter power spectrum P(k) at redshift z=1
# for k=1.05569e-05 to 30.2074 h/Mpc,
# number of wavenumbers equal to 1160
#    1:k (h/Mpc)              2:P (Mpc/h)^3        
       1.055692622332e-05       1.648780611219e+01 
       1.067916966765e-05       1.667240199716e+01 
       1.080282862435e-05       1.685906438480e+01 
       1.092791948428e-05       1.704782038321e+01 
       1.105445882811e-05       1.723868442718e+01 
       1.118246342847e-05       1.743168938528e+01 
       1.131195025226e-05       1.762685398947e+01 
       1.144293646279e-05       1.782420428338e+01 
       1.157543942216e-05       1.802376440259e+01 
       1.170947669349e-05       1.822555882277e+01 
       1.184506604327e-05       1.842961415986e+01 
       1.198222544372e-05       1.863595326187e+01 
       1.212097307518e-05       1.884460412903e+01 
       1.226132732849e-05       1.905559117383e+01 
       1.240330680746e-05       1.926894021458e+01 
       1.254693033130e-05       1.948468031773e+01 
       1.269221693718e-05       1.970283280629e+01 
       1.283918588266e-05       1.992343010686e+01 
       1.298785664832e-05       2.014649739174e+01 
       1.313824894031e-05       2.037206309952e+01 
       1.329038269297e-05       2.060015442381e+01 
       1.344427807146e-05       2.083080090050e+01 
       1.359995547445e-05       2.106402985603e+01 
       1.375743553680e-05       2.129987031488e+01 
       1.391673913233e-05       2.153835152923e+01 
       1.407788737656e-05       2.177950486675e+01 
       1.424090162952e-05       2.202335791217e+01 
       1.440580349856e-05       2.226994253641e+01 
       1.457261484124e-05       2.251928746622e+01 
       1.474135776825e-05       2.277142832998e+01 
       1.491205464625e-05       2.302638847404e+01 
       1.508472810095e-05       2.328420553239e+01 
       1.525940102002e-05       2.354491120704e+01 
       1.543609655616e-05       2.380853533378e+01 
       1.561483813019e-05       2.407511304568e+01 
       1.579564943409e-05       2.434467534525e+01 
       1.597855443422e-05       2.461726041401e+01 
       1.616357737443e-05       2.489289550256e+01 
       1.635074277931e-05       2.517161563470e+01 
       1.654007545744e-05       2.545345912584e+01 
       1.673160050465e-05       2.573845922379e+01 
       1.692534330739e-05       2.602665182163e+01 
       1.712132954605e-05       2.631807291128e+01 
       1.731958519840e-05       2.661275842940e+01 
       1.752013654301e-05       2.691074715033e+01 
       1.772301016273e-05       2.721207061597e+01 
       1.792823294826e-05       2.751677021816e+01 
       1.813583210165e-05       2.782488075229e+01 
       1.834583513993e-05       2.813644377988e+01 
       1.855826989879e-05       2.845149787613e+01 
       1.877316453623e-05       2.877007907709e+01 
       1.899054753629e-05       2.909223087332e+01 
       1.921044771286e-05       2.941799045110e+01 
       1.943289421346e-05       2.974739833452e+01 
       1.965791652314e-05       3.008049898551e+01 
       1.988554446837e-05       3.041732909628e+01 
       2.011580822097e-05       3.075793257761e+01 
       2.034873830217e-05       3.110235322022e+01 
       2.058436558658e-05       3.145063179922e+01 
       2.082272130636e-05       3.180281131676e+01 
       2.106383705530e-05       3.215893812330e+01 
       2.130774479302e-05       3.251905294833e+01 
       2.155447684923e-05       3.288320356133e+01 
       2.180406592800e-05       3.325143491677e+01 
       2.205654511209e-05       3.362379144937e+01 
       2.231194786735e-05       3.400031873490e+01 
       2.257030804713e-05       3.438106598335e+01 
       2.283165989679e-05       3.476608037732e+01 
       2.309603805825e-05       3.515540722635e+01 
       2.336347757453e-05       3.554909698944e+01 
       2.363401389445e-05       3.594719992468e+01 
       2.390768287732e-05       3.634976263531e+01 
       2.418452079766e-05       3.675683659182e+01 
       2.446456435003e-05       3.716847156313e+01 
       2.474785065391e-05       3.758472036346e+01 
       2.503441725859e-05       3.800563466511e+01 
       2.532430214816e-05       3.843126553167e+01 
       2.561754374655e-05       3.886166604282e+01 
       2.591418092261e-05       3.929689054254e+01 
       2.621425299529e-05       3.973699367564e+01 
       2.651779973881e-05       4.018203069481e+01 
       2.682486138795e-05       4.063205432832e+01 
       2.713547864342e-05       4.108712323042e+01 
       2.744969267720e-05       4.154729227798e+01 
       2.776754513800e-05       4.201261966569e+01 
       2.808907815683e-05       4.248316326354e+01 
       2.841433435255e-05       4.295898200444e+01 
       2.874335683752e-05       4.344013245065e+01 
       2.907618922329e-05       4.392668096966e+01 
       2.941287562645e-05       4.441868274845e+01 
       2.975346067442e-05       4.491619932188e+01 
       3.009798951138e-05       4.541929599460e+01 
       3.044650780424e-05       4.592803272344e+01 
       3.079906174873e-05       4.644247399463e+01 
       3.115569807550e-05       4.696268446478e+01 
       3.151646405630e-05       4.748872751390e+01 
       3.188140751027e-05       4.802066970676e+01 
       3.225057681028e-05       4.855857687806e+01 
       3.262402088931e-05       4.910251772446e+01 
       3.300178924697e-05       4.965255847880e+01 
       3.338393195605e-05       5.020876860263e+01 
       3.377049966915e-05       5.077121697366e+01 
       3.416154362540e-05       5.133997411854e+01 
       3.455711565726e-05       5.191511031115e+01 
       3.495726819737e-05       5.249670069319e+01 
       3.536205428551e-05       5.308481390277e+01 
       3.577152757565e-05       5.367952519699e+01 
       3.618574234302e-05       5.428090785639e+01 
       3.660475349134e-05       5.488903923472e+01 
       3.702861656009e-05       5.550399402687e+01 
       3.745738773185e-05       5.612584890959e+01 
       3.789112383979e-05       5.675468166909e+01 
       3.832988237515e-05       5.739057145040e+01 
       3.877372149490e-05       5.803359663167e+01 
       3.922270002943e-05       5.868384006587e+01 
       3.967687749037e-05       5.934138198966e+01 
       4.013631407845e-05       6.000630546042e+01 
       4.060107069148e-05       6.067869143661e+01 
       4.107120893245e-05       6.135862698441e+01 
       4.154679111769e-05       6.204619541666e+01 
       4.202788028508e-05       6.274148374488e+01 
       4.251454020248e-05       6.344457831988e+01 
       4.300683537614e-05       6.415556826338e+01 
       4.350483105924e-05       6.487454249789e+01 
       4.400859326057e-05       6.560159037603e+01 
       4.451818875328e-05       6.633680576999e+01 
       4.503368508368e-05       6.708027833061e+01 
       4.555515058026e-05       6.783210221811e+01 
       4.608265436271e-05       6.859237194749e+01 
       4.661626635107e-05       6.936118317359e+01 
       4.715605727505e-05       7.013863278646e+01 
       4.770209868335e-05       7.092481802812e+01 
       4.825446295315e-05       7.171983811557e+01 
       4.881322329975e-05       7.252379259375e+01 
       4.937845378623e-05       7.333678330427e+01 
       4.995022933327e-05       7.415891215180e+01 
       5.052862572911e-05       7.499028292128e+01 
       5.111371963956e-05       7.583100059791e+01 
       5.170558861818e-05       7.668117053337e+01 
       5.230431111656e-05       7.754090033250e+01 
       5.290996649473e-05       7.841029832556e+01 
       5.352263503165e-05       7.928947417894e+01 
       5.414239793587e-05       8.017853862812e+01 
       5.476933735629e-05       8.107760503942e+01 
       5.540353639305e-05       8.198678508028e+01 
       5.604507910855e-05       8.290619575971e+01 
       5.669405053858e-05       8.383595250793e+01 
       5.735053670360e-05       8.477617195036e+01 
       5.801462462014e-05       8.572697408828e+01 
       5.868640231233e-05       8.668847921753e+01 
       5.936595882359e-05       8.766080810609e+01 
       6.005338422838e-05       8.864408697878e+01 
       6.074876964420e-05       8.963843717362e+01 
       6.145220724364e-05       9.064398624676e+01 
       6.216379026659e-05       9.166086138710e+01 
       6.288361303260e-05       9.268919066256e+01 
       6.361177095341e-05       9.372910621313e+01 
       6.434836054556e-05       9.478074004648e+01 
       6.509347944320e-05       9.584422610843e+01 
       6.584722641103e-05       9.691969972952e+01 
       6.660970135739e-05       9.800729674151e+01 
       6.738100534753e-05       9.910715651058e+01 
       6.816124061694e-05       1.002194194298e+02 
       6.895051058496e-05       1.013442263910e+02 
       6.974891986847e-05       1.024817219395e+02 
       7.055657429577e-05       1.036320505510e+02 
       7.137358092056e-05       1.047953588539e+02 
       7.220004803619e-05       1.059717957577e+02 
       7.303608518999e-05       1.071615124256e+02 
       7.388180319777e-05       1.083646607048e+02 
       7.473731415854e-05       1.095813947125e+02 
       7.560273146935e-05       1.108118702157e+02 
       7.647816984032e-05       1.120562448549e+02 
       7.736374530986e-05       1.133146784510e+02 
       7.825957526005e-05       1.145873322861e+02 
       7.916577843218e-05       1.158743705398e+02 
       8.008247494248e-05       1.171759578569e+02 
       8.100978629810e-05       1.184922622077e+02 
       8.194783541314e-05       1.198234531208e+02 
       8.289674662501e-05       1.211697022963e+02 
       8.385664571084e-05       1.225311827754e+02 
       8.482765990424e-05       1.239080706590e+02 
       8.580991791208e-05       1.253005436004e+02 
       8.680354993158e-05       1.267087813884e+02 
       8.780868766761e-05       1.281329663334e+02 
       8.882546435008e-05       1.295732827491e+02 
       8.985401475164e-05       1.310299173901e+02 
       9.089447520552e-05       1.325030597082e+02 
       9.194698362364e-05       1.339928991681e+02 
       9.301167951485e-05       1.354996308598e+02 
       9.408870400343e-05       1.370234505501e+02 
       9.517819984781e-05       1.385645555448e+02 
       9.628031145949e-05       1.401231471900e+02 
       9.739518492216e-05       1.416994282157e+02 
       9.852296801110e-05       1.432936044576e+02 
       9.966381021273e-05       1.449058839602e+02 
       1.008178627445e-04       1.465364774405e+02 
       1.019852785747e-04       1.481855991423e+02 
       1.031662124431e-04       1.498534624464e+02 
       1.043608208813e-04       1.515402883634e+02 
       1.055692622332e-04       1.532462971279e+02 
       1.067916966765e-04       1.549717129235e+02 
       1.080282862435e-04       1.567167623716e+02 
       1.092791948428e-04       1.584816750698e+02 
       1.105445882811e-04       1.602666831207e+02 
       1.118246342847e-04       1.620720221712e+02 
       1.131195025226e-04       1.638979299195e+02 
       1.144293646279e-04       1.657446479125e+02 
       1.157543942216e-04       1.676124201426e+02 
       1.170947669349e-04       1.695014935734e+02 
       1.184506604327e-04       1.714121185135e+02 
       1.198222544372e-04       1.733445481977e+02 
       1.212097307518e-04       1.752990389667e+02 
       1.226132732849e-04       1.772758505934e+02 
       1.240330680746e-04       1.792752454206e+02 
       1.254693033130e-04       1.812974904587e+02 
       1.269221693718e-04       1.833428544787e+02 
       1.283918588266e-04       1.854116103020e+02 
       1.298785664832e-04       1.875040346106e+02 
       1.313824894031e-04       1.896204060836e+02 
       1.329038269297e-04       1.917610084509e+02 
       1.344427807146e-04       1.939261275492e+02 
       1.359995547445e-04       1.961160544873e+02 
       1.375743553680e-04       1.983310821064e+02 
       1.391673913233e-04       2.005715086589e+02 
       1.407788737656e-04       2.028376346341e+02 
       1.424090162952e-04       2.051297644844e+02 
       1.440580349856e-04       2.074482077760e+02 
       1.457261484124e-04       2.097932759586e+02 
       1.474135776825e-04       2.121652857304e+02 
       1.491205464625e-04       2.145645573198e+02 
       1.508472810095e-04       2.169837367341e+02 
       1.525940102002e-04       2.194383313168e+02 
       1.543609655616e-04       2.219211678275e+02 
       1.561483813019e-04       2.244325823209e+02 
       1.579564943409e-04       2.269729148043e+02 
       1.597855443422e-04       2.295425098577e+02 
       1.616357737443e-04       2.321417161783e+02 
       1.635074277931e-04       2.347708864033e+02 
       1.654007545744e-04       2.374303774945e+02 
       1.673160050465e-04       2.401205511904e+02 
       1.692534330739e-04       2.428417728501e+02 
       1.712132954605e-04       2.455944122717e+02 
       1.731958519840e-04       2.483788455587e+02 
       1.752013654301e-04       2.511954496390e+02 
       1.772301016273e-04       2.540446100305e+02 
       1.792823294826e-04       2.569267131726e+02 
       1.813583210165e-04       2.598421523659e+02 
       1.834583513993e-04       2.627913257096e+02 
       1.855826989879e-04       2.657746334481e+02 
       1.877316453623e-04       2.687924842387e+02 
       1.899054753629e-04       2.718452869784e+02 
       1.921044771286e-04       2.749334592144e+02 
       1.943289421346e-04       2.780574210247e+02 
       1.965791652314e-04       2.812175979003e+02 
       1.988554446837e-04       2.844144205974e+02 
       2.011580822097e-04       2.876483236622e+02 
       2.034873830217e-04       2.909197468593e+02 
       2.058436558658e-04       2.942291358205e+02 
       2.082272130636e-04       2.975769387955e+02 
       2.106383705530e-04       3.009636112296e+02 
       2.130774479302e-04       3.043896117466e+02 
       2.155447684923e-04       3.078554042278e+02 
       2.180406592800e-04       3.113614594870e+02 
       2.205654511209e-04       3.149082488810e+02 
       2.231194786735e-04       3.184962523136e+02 
       2.257030804713e-04       3.221259533745e+02 
       2.283165989679e-04       3.257978401033e+02 
       2.309603805825e-04       3.295124060465e+02 
       2.336347757453e-04       3.332701487078e+02 
       2.363401389445e-04       3.370715710762e+02 
       2.390768287732e-04       3.409171804909e+02 
       2.418452079766e-04       3.448074893904e+02 
       2.446456435003e-04       3.487430141955e+02 
       2.474785065391e-04       3.527242768477e+02 
       2.503441725859e-04       3.567518027978e+02 
       2.532430214816e-04       3.608261230619e+02 
       2.561754374655e-04       3.649477725179e+02 
       2.591418092261e-04       3.691172907059e+02 
       2.621425299529e-04       3.733352207089e+02 
       2.651779973881e-04       3.776021114518e+02 
       2.682486138795e-04       3.819185143035e+02 
       2.713547864342e-04       3.862849862219e+02 
       2.744969267720e-04       3.907020873925e+02 
       2.776754513800e-04       3.951703816767e+02 
       2.808907815684e-04       3.996904372485e+02 
       2.841433435256e-04       4.042628259532e+02 
       2.874335683752e-04       4.088881232730e+02 
       2.907618922329e-04       4.135669078096e+02 
       2.941287562646e-04       4.182997620365e+02 
       2.975346067442e-04       4.230872710889e+02 
       3.009798951138e-04       4.279300234645e+02 
       3.044650780424e-04       4.328286106987e+02 
       3.079906174873e-04       4.377836270188e+02 
       3.115569807550e-04       4.427956689758e+02 
       3.151646405630e-04       4.478653365234e+02 
       3.188140751027e-04       4.529932311831e+02 
       3.225057681028e-04       4.581799562856e+02 
       3.262402088931e-04       4.634261181434e+02 
       3.300178924697e-04       4.687323241136e+02 
       3.338393195605e-04       4.740991834157e+02 
       3.377049966915e-04       4.795273068659e+02 
       3.416154362540e-04       4.850173059060e+02 
       3.455711565726e-04       4.905697936813e+02 
       3.495726819737e-04       4.961853838669e+02 
       3.536205428551e-04       5.018646906151e+02 
       3.577152757565e-04       5.076083285036e+02 
       3.618574234302e-04       5.134169125685e+02 
       3.660475349134e-04       5.192910576680e+02 
       3.702861656009e-04       5.252313781960e+02 
       3.745738773185e-04       5.312384883415e+02 
       3.789112383979e-04       5.373130014914e+02 
       3.832988237515e-04       5.434555310683e+02 
       3.877372149490e-04       5.496666873274e+02 
       3.922270002943e-04       5.559470805134e+02 
       3.967687749037e-04       5.622973194587e+02 
       4.013631407845e-04       5.687180106107e+02 
       4.060107069148e-04       5.752097588881e+02 
       4.107120893246e-04       5.817731665943e+02 
       4.154679111769e-04       5.884088338730e+02 
       4.202788028508e-04       5.951173585689e+02 
       4.251454020248e-04       6.018993351685e+02 
       4.300683537614e-04       6.087553551723e+02 
       4.350483105924e-04       6.156860073129e+02 
       4.400859326057e-04       6.226918766126e+02 
       4.451818875328e-04       6.297735448892e+02 
       4.503368508368e-04       6.369315899614e+02 
       4.555515058026e-04       6.441665860729e+02 
       4.608265436271e-04       6.514791033018e+02 
       4.661626635107e-04       6.588697076679e+02 
       4.715605727505e-04       6.663389613792e+02 
       4.770209868335e-04       6.738874217709e+02 
       4.825446295315e-04       6.815156423591e+02 
       4.881322329975e-04       6.892241717361e+02 
       4.937845378623e-04       6.970135543688e+02 
       4.995022933327e-04       7.048843298185e+02 
       5.052862572911e-04       7.128370337967e+02 
       5.111371963956e-04       7.208721964409e+02 
       5.170558861818e-04       7.289903444044e+02 
       5.230431111656e-04       7.371919988768e+02 
       5.290996649473e-04       7.454776785672e+02 
       5.352263503165e-04       7.538478951803e+02 
       5.414239793587e-04       7.623031571569e+02 
       5.476933735629e-04       7.708439706687e+02 
       5.540353639305e-04       7.794708359594e+02 
       5.604507910855e-04       7.881842485411e+02 
       5.669405053858e-04       7.969847036043e+02 
       5.735053670360e-04       8.058726899032e+02 
       5.801462462014e-04       8.148486949712e+02 
       5.868640231233e-04       8.239132017165e+02 
       5.936595882359e-04       8.330666925347e+02 
       6.005338422838e-04       8.423096458813e+02 
       6.074876964420e-04       8.516425389861e+02 
       6.145220724364e-04       8.610658475161e+02 
       6.216379026659e-04       8.705800447530e+02 
       6.288361303261e-04       8.801856050879e+02 
       6.361177095341e-04       8.898830011387e+02 
       6.434836054556e-04       8.996727060495e+02 
       6.509347944320e-04       9.095551933921e+02 
       6.584722641103e-04       9.195309370676e+02 
       6.660970135739e-04       9.296004136841e+02 
       6.738100534753e-04       9.397641008496e+02 
       6.816124061694e-04       9.500224789901e+02 
       6.895051058496e-04       9.603760313622e+02 
       6.974891986847e-04       9.708252456034e+02 
       7.055657429577e-04       9.813706142173e+02 
       7.137358092056e-04       9.920126301876e+02 
       7.220004803619e-04       1.002751797505e+03 
       7.303608518999e-04       1.013588623897e+03 
       7.388180319777e-04       1.024523621831e+03 
       7.473731415854e-04       1.035557313852e+03 
       7.560273146935e-04       1.046690229803e+03 
       7.647816984032e-04       1.057922909271e+03 
       7.736374530987e-04       1.069255895696e+03 
       7.825957526006e-04       1.080689746929e+03 
       7.916577843218e-04       1.092225032913e+03 
       8.008247494248e-04       1.103862328056e+03 
       8.100978629810e-04       1.115602225502e+03 
       8.194783541314e-04       1.127445326572e+03 
       8.289674662501e-04       1.139392246537e+03 
       8.385664571084e-04       1.151443614992e+03 
       8.482765990424e-04       1.163600071099e+03 
       8.580991791208e-04       1.175862278042e+03 
       8.680354993159e-04       1.188230905027e+03 
       8.780868766762e-04       1.200706639266e+03 
       8.882546435008e-04       1.213290186894e+03 
       8.985401475164e-04       1.225982271385e+03 
       9.089447520553e-04       1.238783625941e+03 
       9.194698362365e-04       1.251695010919e+03 
       9.301167951485e-04       1.264717198281e+03 
       9.408870400343e-04       1.277850979054e+03 
       9.517819984781e-04       1.291097166328e+03 
       9.628031145949e-04       1.304456589624e+03 
       9.739518492216e-04       1.317930097112e+03 
       9.852296801110e-04       1.331518558290e+03 
       9.966381021274e-04       1.345222859315e+03 
       1.008178627445e-03       1.359043910537e+03 
       1.019852785747e-03       1.372982637882e+03 
       1.031662124431e-03       1.387039993714e+03 
       1.043608208813e-03       1.401216939763e+03 
       1.055692622332e-03       1.415514470906e+03 
       1.067916966765e-03       1.429933589221e+03 
       1.080282862435e-03       1.444475324249e+03 
       1.092791948428e-03       1.459140727264e+03 
       1.105445882811e-03       1.473930862689e+03 
       1.118246342847e-03       1.488846815674e+03 
       1.131195025226e-03       1.503889693787e+03 
       1.144293646279e-03       1.519060622234e+03 
       1.157543942216e-03       1.534360742957e+03 
       1.170947669349e-03       1.549791212904e+03 
       1.184506604327e-03       1.565353214262e+03 
       1.198222544372e-03       1.581047943187e+03 
       1.212097307518e-03       1.596876602364e+03 
       1.226132732849e-03       1.612840430432e+03 
       1.240330680746e-03       1.628940666095e+03 
       1.254693033130e-03       1.645178559310e+03 
       1.269221693718e-03       1.661555386108e+03 
       1.283918588266e-03       1.678072432094e+03 
       1.298785664832e-03       1.694730994120e+03 
       1.313824894031e-03       1.711532376660e+03 
       1.329038269297e-03       1.728477902286e+03 
       1.344427807146e-03       1.745568890936e+03 
       1.359995547445e-03       1.762806687147e+03 
       1.375743553680e-03       1.780192634644e+03 
       1.391673913233e-03       1.797728080590e+03 
       1.407788737656e-03       1.815414398851e+03 
       1.424090162952e-03       1.833252930446e+03 
       1.440580349856e-03       1.851245062567e+03 
       1.457261484124e-03       1.869392151672e+03 
       1.474135776825e-03       1.887695577302e+03 
       1.491205464625e-03       1.906156707954e+03 
       1.508472810095e-03       1.924776929319e+03 
       1.525940102002e-03       1.943557605217e+03 
       1.543609655616e-03       1.962498652303e+03 
       1.561483813019e-03       1.981602505955e+03 
       1.579564943409e-03       2.000870882035e+03 
       1.597855443422e-03       2.020305137938e+03 
       1.616357737443e-03       2.039906640527e+03 
       1.635074277931e-03       2.059676714865e+03 
       1.654007545744e-03       2.079616708070e+03 
       1.673160050465e-03       2.099727948041e+03 
       1.692534330739e-03       2.120011748457e+03 
       1.712132954605e-03       2.140469408523e+03 
       1.731958519840e-03       2.161102216297e+03 
       1.752013654301e-03       2.181911459230e+03 
       1.772301016273e-03       2.202898406584e+03 
       1.792823294826e-03       2.224064300446e+03 
       1.813583210165e-03       2.245410371620e+03 
       1.834583513993e-03       2.266937826566e+03 
       1.855826989879e-03       2.288647886751e+03 
       1.877316453623e-03       2.310541708246e+03 
       1.899054753629e-03       2.332620456677e+03 
       1.921044771286e-03       2.354885267194e+03 
       1.943289421346e-03       2.377337256436e+03 
       1.965791652314e-03       2.399977527057e+03 
       1.988554446837e-03       2.422807136930e+03 
       2.011580822097e-03       2.445827124429e+03 
       2.034873830217e-03       2.469038512333e+03 
       2.058436558659e-03       2.492442288549e+03 
       2.082272130636e-03       2.516039398533e+03 
       2.106383705530e-03       2.539830792823e+03 
       2.130774479302e-03       2.563817375190e+03 
       2.155447684923e-03       2.588000039056e+03 
       2.180406592800e-03       2.612379593318e+03 
       2.205654511209e-03       2.636956838443e+03 
       2.231194786735e-03       2.661732578751e+03 
       2.257030804713e-03       2.686707505014e+03 
       2.283165989679e-03       2.711882417874e+03 
       2.309603805825e-03       2.737257950628e+03 
       2.336347757453e-03       2.762834650468e+03 
       2.363401389445e-03       2.788613201355e+03 
       2.390768287732e-03       2.814594119061e+03 
       2.418452079766e-03       2.840777934977e+03 
       2.446456435003e-03       2.867165068437e+03 
       2.474785065391e-03       2.893756043491e+03 
       2.503441725859e-03       2.920551263393e+03 
       2.532430214816e-03       2.947550846224e+03 
       2.561754374655e-03       2.974755346950e+03 
       2.591418092261e-03       3.002164866739e+03 
       2.621425299529e-03       3.029779701626e+03 
       2.651779973881e-03       3.057599994088e+03 
       2.682486138795e-03       3.085625853915e+03 
       2.713547864342e-03       3.113857341729e+03 
       2.744969267720e-03       3.142294416753e+03 
       2.776754513800e-03       3.170937108288e+03 
       2.808907815684e-03       3.199785267533e+03 
       2.841433435256e-03       3.228838807296e+03 
       2.874335683752e-03       3.258097498703e+03 
       2.907618922329e-03       3.287561239116e+03 
       2.941287562646e-03       3.317229276405e+03 
       2.975346067442e-03       3.347101689607e+03 
       3.009798951138e-03       3.377177928919e+03 
       3.044650780424e-03       3.407457339826e+03 
       3.079906174873e-03       3.437939771629e+03 
       3.115569807550e-03       3.468624099304e+03 
       3.151646405630e-03       3.499510037004e+03 
       3.188140751027e-03       3.530596706417e+03 
       3.225057681028e-03       3.561883269938e+03 
       3.262402088931e-03       3.593368888569e+03 
       3.300178924697e-03       3.625052603276e+03 
       3.338393195605e-03       3.656933468104e+03 
       3.377049966915e-03       3.689010346052e+03 
       3.416154362541e-03       3.721282087852e+03 
       3.455711565726e-03       3.753747478296e+03 
       3.495726819737e-03       3.786405172761e+03 
       3.536205428551e-03       3.819253649426e+03 
       3.577152757565e-03       3.852291788695e+03 
       3.618574234302e-03       3.885517937925e+03 
       3.660475349134e-03       3.918930397992e+03 
       3.702861656009e-03       3.952527525123e+03 
       3.745738773185e-03       3.986307407026e+03 
       3.789112383979e-03       4.020268404623e+03 
       3.832988237515e-03       4.054408483694e+03 
       3.877372149490e-03       4.088725965380e+03 
       3.922270002943e-03       4.123217725810e+03 
       3.967687749037e-03       4.157882565438e+03 
       4.013631407845e-03       4.192717865173e+03 
       4.060107069148e-03       4.227721231326e+03 
       4.107120893246e-03       4.262890067279e+03 
       4.154679111769e-03       4.298222235184e+03 
       4.202788028508e-03       4.333714716973e+03 
       4.251454020248e-03       4.369364836819e+03 
       4.300683537614e-03       4.405169723492e+03 
       4.350483105924e-03       4.441126399987e+03 
       4.400859326057e-03       4.477231923530e+03 
       4.451818875328e-03       4.513483735460e+03 
       4.503368508368e-03       4.549876984075e+03 
       4.555515058026e-03       4.586409736199e+03 
       4.608265436271e-03       4.623078109597e+03 
       4.661626635108e-03       4.659878262372e+03 
       4.715605727505e-03       4.696807065992e+03 
       4.770209868335e-03       4.733860517571e+03 
       4.825446295315e-03       4.771034320746e+03 
       4.881322329976e-03       4.808325144134e+03 
       4.937845378623e-03       4.845728539097e+03 
       4.995022933328e-03       4.883240168390e+03 
       5.052862572911e-03       4.920856404353e+03 
       5.111371963956e-03       4.958570983639e+03 
       5.170558861818e-03       4.996380712533e+03 
       5.230431111656e-03       5.034280764504e+03 
       5.290996649473e-03       5.072266071134e+03 
       5.352263503165e-03       5.110331928947e+03 
       5.414239793587e-03       5.148472912224e+03 
       5.476933735629e-03       5.186683725119e+03 
       5.540353639305e-03       5.224958921954e+03 
       5.604507910855e-03       5.263293586391e+03 
       5.669405053858e-03       5.301681498881e+03 
       5.735053670360e-03       5.340118161025e+03 
       5.801462462014e-03       5.378595463721e+03 
       5.868640231233e-03       5.417109397000e+03 
       5.936595882359e-03       5.455652453480e+03 
       6.005338422838e-03       5.494219490165e+03 
       6.074876964420e-03       5.532805501068e+03 
       6.145220724365e-03       5.571400708635e+03 
       6.216379026659e-03       5.609998861138e+03 
       6.288361303261e-03       5.648594120626e+03 
       6.361177095341e-03       5.687189606215e+03 
       6.434836054556e-03       5.725757981459e+03 
       6.509347944320e-03       5.764299386610e+03 
       6.584722641103e-03       5.802805587507e+03 
       6.660970135740e-03       5.841275672479e+03 
       6.738100534753e-03       5.879700833553e+03 
       6.816124061694e-03       5.918073415869e+03 
       6.895051058496e-03       5.956383606832e+03 
       6.974891986847e-03       5.994623940181e+03 
       7.055657429577e-03       6.032748007795e+03 
       7.137358092056e-03       6.070813688323e+03 
       7.220004803620e-03       6.108784081722e+03 
       7.303608518999e-03       6.146653897152e+03 
       7.388180319777e-03       6.184410737347e+03 
       7.473731415854e-03       6.222043323834e+03 
       7.560273146935e-03       6.259542814862e+03 
       7.647816984032e-03       6.296899236880e+03 
       7.736374530987e-03       6.334100096002e+03 
       7.825957526006e-03       6.371155892078e+03 
       7.916577843218e-03       6.408022463859e+03 
       8.008247494248e-03       6.444707061531e+03 
       8.100978629810e-03       6.481200413194e+03 
       8.194783541314e-03       6.517491375989e+03 
       8.289674662501e-03       6.553568893776e+03 
       8.385664571085e-03       6.589421300627e+03 
       8.482765990424e-03       6.625039880589e+03 
       8.580991791208e-03       6.660414003281e+03 
       8.680354993159e-03       6.695531418583e+03 
       8.780868766762e-03       6.730379431926e+03 
       8.882546435009e-03       6.764946015653e+03 
       8.985401475164e-03       6.799222832624e+03 
       9.089447520553e-03       6.833195926535e+03 
       9.194698362365e-03       6.866851819253e+03 
       9.301167951485e-03       6.900183184537e+03 
       9.408870400343e-03       6.933172751940e+03 
       9.517819984781e-03       6.965809748991e+03 
       9.628031145949e-03       6.998080124062e+03 
       9.739518492216e-03       7.029973630423e+03 
       9.852296801110e-03       7.061475522837e+03 
       9.966381021274e-03       7.092573058284e+03 
       1.008178627445e-02       7.123253620342e+03 
       1.019852785747e-02       7.153502051591e+03 
       1.031662124431e-02       7.183306635462e+03 
       1.043608208813e-02       7.212654006591e+03 
       1.055692622332e-02       7.241527491205e+03 
       1.067916966765e-02       7.269917446585e+03 
       1.080282862435e-02       7.297804299804e+03 
       1.092791948428e-02       7.325180494827e+03 
       1.105445882811e-02       7.352025954248e+03 
       1.118246342847e-02       7.378329569141e+03 
       1.131195025226e-02       7.404075926848e+03 
       1.144293646279e-02       7.429247332104e+03 
       1.157543942216e-02       7.453832970027e+03 
       1.170947669349e-02       7.477818032313e+03 
       1.184506604327e-02       7.501184085282e+03 
       1.198222544372e-02       7.523911541297e+03 
       1.212097307518e-02       7.546004492647e+03 
       1.226132732849e-02       7.567429389017e+03 
       1.240330680746e-02       7.588176303365e+03 
       1.254693033130e-02       7.608232360721e+03 
       1.269221693718e-02       7.627580638357e+03 
       1.283918588266e-02       7.646199843292e+03 
       1.298785664832e-02       7.664093232248e+03 
       1.313824894032e-02       7.681222389186e+03 
       1.329038269298e-02       7.697587664436e+03 
       1.344427807147e-02       7.713156600053e+03 
       1.359995547445e-02       7.727943665950e+03 
       1.375743553681e-02       7.741894957279e+03 
       1.391673913234e-02       7.755037501990e+03 
       1.407788737657e-02       7.767319469063e+03 
       1.424090162953e-02       7.778742386227e+03 
       1.440580349858e-02       7.789292867633e+03 
       1.457261484127e-02       7.798943022441e+03 
       1.474135776829e-02       7.807696877673e+03 
       1.491205464632e-02       7.815526733797e+03 
       1.508472810106e-02       7.822421130007e+03 
       1.525940102019e-02       7.828361122858e+03 
       1.543609655642e-02       7.833358017151e+03 
       1.561483813058e-02       7.837362979796e+03 
       1.579564943468e-02       7.840381161709e+03 
       1.597855443510e-02       7.842397162102e+03 
       1.616357737574e-02       7.843388266454e+03 
       1.635074278127e-02       7.843357405748e+03 
       1.654007546033e-02       7.842268908467e+03 
       1.673160050890e-02       7.840151995639e+03 
       1.692534331361e-02       7.836955941299e+03 
       1.712132955510e-02       7.832682594845e+03 
       1.731958521151e-02       7.827312911998e+03 
       1.752013656190e-02       7.820855262684e+03 
       1.772301018983e-02       7.813302491227e+03 
       1.792823298695e-02       7.804620728727e+03 
       1.813583215661e-02       7.794810876888e+03 
       1.834583521767e-02       7.783869670035e+03 
       1.855827000822e-02       7.771777144686e+03 
       1.877316468955e-02       7.758546259312e+03 
       1.899054775014e-02       7.744153132929e+03 
       1.921044800979e-02       7.728627395545e+03 
       1.943289462391e-02       7.711912399635e+03 
       1.965791708801e-02       7.694025664780e+03 
       1.988554524234e-02       7.674981032829e+03 
       2.011580927689e-02       7.654756707944e+03 
       2.034873973656e-02       7.633355838612e+03 
       2.058436752686e-02       7.610795264695e+03 
       2.082272391994e-02       7.587040144473e+03 
       2.106384056123e-02       7.562117156848e+03 
       2.130774947669e-02       7.536020717984e+03 
       2.155448308087e-02       7.508768213244e+03 
       2.180407418593e-02       7.480346196582e+03 
       2.205655601172e-02       7.450770348196e+03 
       2.231196219721e-02       7.420038618353e+03 
       2.257032681354e-02       7.388186931935e+03 
       2.283168437885e-02       7.355172251687e+03 
       2.309606987534e-02       7.321032811264e+03 
       2.336351876886e-02       7.285808788715e+03 
       2.363406703145e-02       7.249468373837e+03 
       2.390775116735e-02       7.212047470570e+03 
       2.418460824296e-02       7.173574643266e+03 
       2.446467592138e-02       7.134035407279e+03 
       2.474799250211e-02       7.093530312401e+03 
       2.503459696673e-02       7.051958794154e+03 
       2.532452903136e-02       7.009330281938e+03 
       2.561782920661e-02       6.965791004685e+03 
       2.591453886609e-02       6.921356556945e+03 
       2.621470032454e-02       6.875859432366e+03 
       2.651835692645e-02       6.829602098841e+03 
       2.682555314649e-02       6.782388175055e+03 
       2.713633470294e-02       6.734428989861e+03 
       2.745074868529e-02       6.685612106394e+03 
       2.776884369744e-02       6.636047263939e+03 
       2.809067001786e-02       6.585705561074e+03 
       2.841627977813e-02       6.534618868104e+03 
       2.874572716122e-02       6.482861342927e+03 
       2.907906862125e-02       6.430561398102e+03 
       2.941636312598e-02       6.377518672098e+03 
       2.975767242373e-02       6.323998359487e+03 
       3.010306133625e-02       6.269926332737e+03 
       3.045259807910e-02       6.215413531321e+03 
       3.080635461114e-02       6.160394652558e+03 
       3.116440701464e-02       6.104983544004e+03 
       3.152683590775e-02       6.049234234085e+03 
       3.189372689086e-02       5.993142910241e+03 
       3.226517102848e-02       5.936783931497e+03 
       3.264126536855e-02       5.880115667835e+03 
       3.302211350067e-02       5.823293050505e+03 
       3.340782615538e-02       5.766286195076e+03 
       3.379852184637e-02       5.709189592813e+03 
       3.419432755773e-02       5.652020086982e+03 
       3.459537947874e-02       5.594824681320e+03 
       3.500182378861e-02       5.537575042755e+03 
       3.541381749418e-02       5.480435323723e+03 
       3.583152932369e-02       5.423396969964e+03 
       3.625514068029e-02       5.366466832337e+03 
       3.668484665936e-02       5.309672304706e+03 
       3.712085713414e-02       5.253109493999e+03 
       3.756339791497e-02       5.196810980588e+03 
       3.801271198788e-02       5.140728457096e+03 
       3.846906083913e-02       5.085036200329e+03 
       3.893272587317e-02       5.029647437374e+03 
       3.940400993220e-02       4.974650701688e+03 
       3.988323892665e-02       4.920048342099e+03 
       4.037076358692e-02       4.865925832263e+03 
       4.086696134791e-02       4.812255574048e+03 
       4.137223837890e-02       4.759108569764e+03 
       4.188703177302e-02       4.706440334739e+03 
       4.241181191158e-02       4.654304153844e+03 
       4.294708502033e-02       4.602801284458e+03 
       4.349339593589e-02       4.551877432890e+03 
       4.405133110266e-02       4.501554770667e+03 
       4.462152182158e-02       4.451808521538e+03 
       4.520464777430e-02       4.402800561832e+03 
       4.580144084737e-02       4.354362855899e+03 
       4.641268928284e-02       4.306605071983e+03 
       4.703924218284e-02       4.259464840592e+03 
       4.768201439667e-02       4.212989337762e+03 
       4.834199181946e-02       4.167169061140e+03 
       4.902023713142e-02       4.121914287286e+03 
       4.971789600573e-02       4.077279795723e+03 
       5.043620381115e-02       4.033194697460e+03 
       5.117649283164e-02       3.989579676641e+03 
       5.194020001996e-02       3.946378643445e+03 
       5.272887529383e-02       3.903573288349e+03 
       5.354419037207e-02       3.860956666653e+03 
       5.438794813240e-02       3.818663034400e+03 
       5.526209245246e-02       3.776241236520e+03 
       5.616871846833e-02       3.733641056271e+03 
       5.711008315140e-02       3.690659576573e+03 
       5.808861606109e-02       3.647044405411e+03 
       5.910693007862e-02       3.602529560035e+03 
       6.016783186308e-02       3.556777176922e+03 
       6.127433169564e-02       3.509427206007e+03 
       6.242965229075e-02       3.460062604980e+03 
       6.363723605582e-02       3.408206805869e+03 
       6.490075017617e-02       3.353407650995e+03 
       6.622408879604e-02       3.295086224485e+03 
       6.761137146757e-02       3.232746839374e+03 
       6.906693696122e-02       3.165830361415e+03 
       7.059533149100e-02       3.093875204433e+03 
       7.220129042779e-02       3.016469590885e+03 
       7.388971268037e-02       2.933340105864e+03 
       7.566562714356e-02       2.844432641295e+03 
       7.753415096985e-02       2.749906806438e+03 
       7.950043993002e-02       2.650266785558e+03 
       8.156963178663e-02       2.546372094059e+03 
       8.374678438242e-02       2.439380860254e+03 
       8.603681098299e-02       2.331110662691e+03 
       8.844441621221e-02       2.223348741955e+03 
       9.097403655651e-02       2.118248589432e+03 
       9.362978975423e-02       2.017991895937e+03 
       9.641543731006e-02       1.924600733663e+03 
       9.933436380981e-02       1.839654091372e+03 
       1.023895756623e-01       1.764077917068e+03 
       1.055837204570e-01       1.697930259710e+03 
       1.089191264762e-01       1.640335056080e+03 
       1.123978602667e-01       1.589331084485e+03 
       1.160217987861e-01       1.542129982500e+03 
       1.197927116847e-01       1.495356612192e+03 
       1.237123488500e-01       1.445640634396e+03 
       1.277825284371e-01       1.390252895037e+03 
       1.320052211410e-01       1.327842607862e+03 
       1.363826272852e-01       1.258867864921e+03 
       1.409172442495e-01       1.185656507063e+03 
       1.456119226804e-01       1.111896396064e+03 
       1.504699107113e-01       1.041911952827e+03 
       1.554948860008e-01       9.792784531228e+02 
       1.606909757497e-01       9.262323277164e+02 
       1.660627649895e-01       8.829448255082e+02 
       1.716152933830e-01       8.474744981260e+02 
       1.773540405726e-01       8.163243965756e+02 
       1.832848998038e-01       7.854729575953e+02 
       1.894141391803e-01       7.517572861168e+02 
       1.957483495084e-01       7.136132132633e+02 
       2.022943773051e-01       6.722129221282e+02 
       2.090592412105e-01       6.307815479577e+02 
       2.160500298071e-01       5.928662638284e+02 
       2.232737787585e-01       5.604614262571e+02 
       2.307373252991e-01       5.335565124168e+02 
       2.384471385098e-01       5.104882718699e+02 
       2.464091245812e-01       4.885346209841e+02 
       2.546284074775e-01       4.653867831539e+02 
       2.631090871382e-01       4.406684231741e+02 
       2.718539796194e-01       4.158160430719e+02 
       2.808643463534e-01       3.928133407642e+02 
       2.901396228538e-01       3.729305946511e+02 
       2.996771604733e-01       3.557339520247e+02 
       3.094719978108e-01       3.396663647032e+02 
       3.195166805511e-01       3.236263781316e+02 
       3.298011492810e-01       3.074936966385e+02 
       3.403127135764e-01       2.920736932595e+02 
       3.510361269923e-01       2.781618439628e+02 
       3.619537714197e-01       2.657409309533e+02 
       3.730459509962e-01       2.542753188499e+02 
       3.842912862470e-01       2.432044708742e+02 
       3.956671896807e-01       2.325710851583e+02 
       4.071503961206e-01       2.226319205952e+02 
       4.187175159210e-01       2.135414414689e+02 
       4.303455777291e-01       2.051952907716e+02 
       4.420125297654e-01       1.973993178890e+02 
       4.536976741748e-01       1.900529227405e+02 
       4.653820167729e-01       1.831359938203e+02 
       4.770485231558e-01       1.767019850709e+02 
       4.886822803918e-01       1.707410351776e+02 
       5.002705703913e-01       1.652104740050e+02 
       5.118028660116e-01       1.600114123968e+02 
       5.232707638463e-01       1.551206413150e+02 
       5.346678686723e-01       1.505265540081e+02 
       5.459896440707e-01       1.462340252756e+02 
       5.572332422541e-01       1.422088760360e+02 
       5.683973240865e-01       1.384184820860e+02 
       5.794818780177e-01       1.348440168452e+02 
       5.904880444542e-01       1.314608732216e+02 
       6.014179501095e-01       1.282651628425e+02 
       6.122745552110e-01       1.252378016168e+02 
       6.230615151065e-01       1.223714252231e+02 
       6.337830568002e-01       1.196479391413e+02 
       6.444438702169e-01       1.170540510123e+02 
       6.550490134934e-01       1.145829944662e+02 
       6.656038312878e-01       1.122218768453e+02 
       6.761138849251e-01       1.099682049255e+02 
       6.865848931327e-01       1.078098367470e+02 
       6.970226821237e-01       1.057416028940e+02 
       7.074331438421e-01       1.037567670112e+02 
       7.178222012636e-01       1.018469697819e+02 
       7.281957797467e-01       1.000107203402e+02 
       7.385597835331e-01       9.823976052070e+01 
       7.489200765992e-01       9.653213246224e+01 
       7.592824671634e-01       9.488272302543e+01 
       7.696526952447e-01       9.328662643748e+01 
       7.800364227544e-01       9.174273733773e+01 
       7.904392256787e-01       9.024510211005e+01 
       8.008665879780e-01       8.879319166633e+01 
       8.113238968887e-01       8.738301939104e+01 
       8.218164393634e-01       8.601207377058e+01 
       8.323493994353e-01       8.467929163687e+01 
       8.429278563258e-01       8.338057830319e+01 
       8.535567831513e-01       8.211607540380e+01 
       8.642410461151e-01       8.088185546870e+01 
       8.749854040889e-01       7.967813719171e+01 
       8.857945085178e-01       7.850290758323e+01 
       8.966729035900e-01       7.735392691282e+01 
       9.076250266360e-01       7.623120063144e+01 
       9.186552087276e-01       7.513194993789e+01 
       9.297676754598e-01       7.405653087645e+01 
       9.409665479057e-01       7.300269811146e+01 
       9.522558437392e-01       7.197019088967e+01 
       9.636394785281e-01       7.095786831410e+01 
       9.751212671979e-01       6.996468061660e+01 
       9.867049256746e-01       6.899037158482e+01 
       9.983940727095e-01       6.803338593150e+01 
       1.010192231895e+00       6.709401256450e+01 
       1.022102833873e+00       6.617056797098e+01 
       1.034129218743e+00       6.526348624272e+01 
       1.046274638668e+00       6.437120968601e+01 
       1.058542260677e+00       6.349414951803e+01 
       1.070935169670e+00       6.263096494774e+01 
       1.083456371597e+00       6.178198056469e+01 
       1.096108796833e+00       6.094602374610e+01 
       1.108895303700e+00       6.012341102984e+01 
       1.121818682162e+00       5.931307895160e+01 
       1.134881657630e+00       5.851533111730e+01 
       1.148086894906e+00       5.772919623287e+01 
       1.161437002201e+00       5.695496467624e+01 
       1.174934535230e+00       5.619172855157e+01 
       1.188582001361e+00       5.543978686729e+01 
       1.202381863774e+00       5.469831943776e+01 
       1.216336545626e+00       5.396752435097e+01 
       1.230448434193e+00       5.324680785912e+01 
       1.244719884959e+00       5.253613447897e+01 
       1.259153225635e+00       5.183523620974e+01 
       1.273750760094e+00       5.114376808418e+01 
       1.288514772194e+00       5.046179794379e+01 
       1.303447529474e+00       4.978878297131e+01 
       1.318551286720e+00       4.912486175665e+01 
       1.333828289369e+00       4.846964316951e+01 
       1.349280776768e+00       4.782298971121e+01 
       1.364910985255e+00       4.718487491279e+01 
       1.380721151072e+00       4.655489805798e+01 
       1.396713513112e+00       4.593311651757e+01 
       1.412890315477e+00       4.531930129439e+01 
       1.429253809885e+00       4.471321452442e+01 
       1.445806257886e+00       4.411489374185e+01 
       1.462549932930e+00       4.352406385901e+01 
       1.479487122273e+00       4.294057546274e+01 
       1.496620128728e+00       4.236443328811e+01 
       1.513951272279e+00       4.179539801013e+01 
       1.531482891556e+00       4.123333086940e+01 
       1.549217345191e+00       4.067821406390e+01 
       1.567157013055e+00       4.012988465246e+01 
       1.585304297389e+00       3.958818337933e+01 
       1.603661623835e+00       3.905306607249e+01 
       1.622231442389e+00       3.852444446848e+01 
       1.641016228266e+00       3.800215674092e+01 
       1.660018482699e+00       3.748610599412e+01 
       1.679240733674e+00       3.697623843315e+01 
       1.698685536613e+00       3.647245111815e+01 
       1.718355475006e+00       3.597462272742e+01 
       1.738253161005e+00       3.548265922379e+01 
       1.758381235979e+00       3.499649378215e+01 
       1.778742371043e+00       3.451605565099e+01 
       1.799339267559e+00       3.404124864869e+01 
       1.820174657616e+00       3.357198277442e+01 
       1.841251304495e+00       3.310817797537e+01 
       1.862572003115e+00       3.264976955969e+01 
       1.884139580476e+00       3.219668710174e+01 
       1.905956896087e+00       3.174886253785e+01 
       1.928026842391e+00       3.130621651852e+01 
       1.950352345181e+00       3.086867746878e+01 
       1.972936364021e+00       3.043617725672e+01 
       1.995781892662e+00       3.000864803515e+01 
       2.018891959450e+00       2.958603504960e+01 
       2.042269627751e+00       2.916827148351e+01 
       2.065917996362e+00       2.875530104582e+01 
       2.089840199932e+00       2.834706767791e+01 
       2.114039409388e+00       2.794351057705e+01 
       2.138518832353e+00       2.754457371570e+01 
       2.163281713584e+00       2.715020328629e+01 
       2.188331335399e+00       2.676034554382e+01 
       2.213671018116e+00       2.637494730603e+01 
       2.239304120496e+00       2.599395804188e+01 
       2.265234040189e+00       2.561736512461e+01 
       2.291464214183e+00       2.524504824169e+01 
       2.317998119266e+00       2.487699627524e+01 
       2.344839272480e+00       2.451316392240e+01 
       2.371991231595e+00       2.415350520044e+01 
       2.399457595574e+00       2.379797741327e+01 
       2.427242005056e+00       2.344653663921e+01 
       2.455348142835e+00       2.309913849216e+01 
       2.483779734350e+00       2.275574497753e+01 
       2.512540548177e+00       2.241631396540e+01 
       2.541634396532e+00       2.208080628571e+01 
       2.571065135773e+00       2.174918477243e+01 
       2.600836666912e+00       2.142139950484e+01 
       2.630952936134e+00       2.109743870138e+01 
       2.661417935318e+00       2.077726401299e+01 
       2.692235702567e+00       2.046081152069e+01 
       2.723410322742e+00       2.014806289223e+01 
       2.754945928005e+00       1.983898348184e+01 
       2.786846698367e+00       1.953354089708e+01 
       2.819116862240e+00       1.923169717554e+01 
       2.851760697000e+00       1.893342388378e+01 
       2.884782529551e+00       1.863868953030e+01 
       2.918186736901e+00       1.834745958289e+01 
       2.951977746743e+00       1.805970342777e+01 
       2.986160038038e+00       1.777539321286e+01 
       3.020738141611e+00       1.749449576505e+01 
       3.055716640753e+00       1.721698169105e+01 
       3.091100171826e+00       1.694282560014e+01 
       3.126893424878e+00       1.667199467116e+01 
       3.163101144267e+00       1.640445475136e+01 
       3.199728129287e+00       1.614019269841e+01 
       3.236779234804e+00       1.587917360240e+01 
       3.274259371903e+00       1.562136950675e+01 
       3.312173508535e+00       1.536675850423e+01 
       3.350526670178e+00       1.511530444986e+01 
       3.389323940502e+00       1.486698508815e+01 
       3.428570462043e+00       1.462177220455e+01 
       3.468271436885e+00       1.437965132345e+01 
       3.508432127349e+00       1.414057912190e+01 
       3.549057856692e+00       1.390454483307e+01 
       3.590154009809e+00       1.367151805919e+01 
       3.631726033951e+00       1.344147465522e+01 
       3.673779439446e+00       1.321438998506e+01 
       3.716319800426e+00       1.299023940334e+01 
       3.759352755570e+00       1.276900178461e+01 
       3.802884008850e+00       1.255064776924e+01 
       3.846919330286e+00       1.233515601328e+01 
       3.891464556713e+00       1.212250332596e+01 
       3.936525592551e+00       1.191266641743e+01 
       3.982108410593e+00       1.170562192061e+01 
       4.028219052792e+00       1.150134675720e+01 
       4.074863631062e+00       1.129981792824e+01 
       4.122048328094e+00       1.110101291364e+01 
       4.169779398166e+00       1.090490866082e+01 
       4.218063167981e+00       1.071148305702e+01 
       4.266906037500e+00       1.052071350964e+01 
       4.316314480792e+00       1.033257774289e+01 
       4.366295046894e+00       1.014705358145e+01 
       4.416854360675e+00       9.964118958637e+00 
       4.467999123717e+00       9.783751836808e+00 
       4.519736115203e+00       9.605930360271e+00 
       4.572072192816e+00       9.430632702775e+00 
       4.625014293645e+00       9.257837118312e+00 
       4.678569435110e+00       9.087522006873e+00 
       4.732744715886e+00       8.919665710487e+00 
       4.787547316847e+00       8.754246728948e+00 
       4.842984502020e+00       8.591243573834e+00 
       4.899063619542e+00       8.430634810123e+00 
       4.955792102641e+00       8.272399103991e+00 
       5.013177470615e+00       8.116515144724e+00 
       5.071227329833e+00       7.962961546157e+00 
       5.129949374740e+00       7.811717152018e+00 
       5.189351388881e+00       7.662760723472e+00 
       5.249441245927e+00       7.516071062303e+00 
       5.310226910724e+00       7.371627000326e+00 
       5.371716440346e+00       7.229407384532e+00 
       5.433917985164e+00       7.089391081120e+00 
       5.496839789926e+00       6.951556955222e+00 
       5.560490194847e+00       6.815883912415e+00 
       5.624877636721e+00       6.682350869222e+00 
       5.690010650033e+00       6.550936674209e+00 
       5.755897868093e+00       6.421620251945e+00 
       5.822548024182e+00       6.294380527645e+00 
       5.889969952704e+00       6.169196394716e+00 
       5.958172590363e+00       6.046046756002e+00 
       6.027164977346e+00       5.924910501505e+00 
       6.096956258518e+00       5.805766529570e+00 
       6.167555684638e+00       5.688593714618e+00 
       6.238972613584e+00       5.573370954721e+00 
       6.311216511591e+00       5.460077116112e+00 
       6.384296954512e+00       5.348691070985e+00 
       6.458223629078e+00       5.239191687286e+00 
       6.533006334191e+00       5.131557827586e+00 
       6.608654982218e+00       5.025768350188e+00 
       6.685179600304e+00       4.921802126212e+00 
       6.762590331705e+00       4.819638008162e+00 
       6.840897437129e+00       4.719254866165e+00 
       6.920111296099e+00       4.620631574355e+00 
       7.000242408325e+00       4.523747016195e+00 
       7.081301395101e+00       4.428580087968e+00 
       7.163299000706e+00       4.335109701833e+00 
       7.246246093835e+00       4.243314791431e+00 
       7.330153669034e+00       4.153174312794e+00 
       7.415032848163e+00       4.064667250560e+00 
       7.500894881864e+00       3.977772622294e+00 
       7.587751151057e+00       3.892469482249e+00 
       7.675613168446e+00       3.808736926391e+00 
       7.764492580046e+00       3.726554097307e+00 
       7.854401166728e+00       3.645900189200e+00 
       7.945350845777e+00       3.566754452879e+00 
       8.037353672475e+00       3.489096200901e+00 
       8.130421841696e+00       3.412904812825e+00 
       8.224567689526e+00       3.338159740433e+00 
       8.319803694894e+00       3.264840513017e+00 
       8.416142481230e+00       3.192926742687e+00 
       8.513596818136e+00       3.122398129610e+00 
       8.612179623079e+00       3.053234467266e+00 
       8.711903963103e+00       2.985415647643e+00 
       8.812783056560e+00       2.918921666359e+00 
       8.914830274866e+00       2.853732627741e+00 
       9.018059144268e+00       2.789828749749e+00 
       9.122483347643e+00       2.727190368900e+00 
       9.228116726303e+00       2.665797945039e+00 
       9.334973281841e+00       2.605632065905e+00 
       9.443067177975e+00       2.546673451708e+00 
       9.552412742435e+00       2.488902959480e+00 
       9.663024468858e+00       2.432301587331e+00 
       9.774917018708e+00       2.376850478509e+00 
       9.888105223220e+00       2.322530925350e+00 
       1.000260408537e+01       2.269324373053e+00 
       1.011842878186e+01       2.217212423298e+00 
       1.023559466512e+01       2.166176837702e+00 
       1.035411726536e+01       2.116199541126e+00 
       1.047401229264e+01       2.067262624786e+00 
       1.059529563890e+01       2.019348349234e+00 
       1.071798338012e+01       1.972439147161e+00 
       1.084209177843e+01       1.926517626027e+00 
       1.096763728426e+01       1.881566570544e+00 
       1.109463653853e+01       1.837568944993e+00 
       1.122310637486e+01       1.794507895377e+00 
       1.135306382178e+01       1.752366751420e+00 
       1.148452610502e+01       1.711129028411e+00 
       1.161751064975e+01       1.670778428891e+00 
       1.175203508293e+01       1.631298844195e+00 
       1.188811723563e+01       1.592674355837e+00 
       1.202577514540e+01       1.554889236773e+00 
       1.216502705863e+01       1.517927952471e+00 
       1.230589143303e+01       1.481775161909e+00 
       1.244838694001e+01       1.446415718381e+00 
       1.259253246719e+01       1.411834670201e+00 
       1.273834712091e+01       1.378017261260e+00 
       1.288585022874e+01       1.344948931470e+00 
       1.303506134206e+01       1.312615317073e+00 
       1.318600023865e+01       1.281002250839e+00 
       1.333868692528e+01       1.250095762140e+00 
       1.349314164042e+01       1.219882076914e+00 
       1.364938485687e+01       1.190347617523e+00 
       1.380743728450e+01       1.161479002499e+00 
       1.396731987298e+01       1.133263046186e+00 
       1.412905381458e+01       1.105686758290e+00 
       1.429266054696e+01       1.078737343326e+00 
       1.445816175602e+01       1.052402199978e+00 
       1.462557937875e+01       1.026668920362e+00 
       1.479493560620e+01       1.001525289212e+00 
       1.496625288633e+01       9.769592829783e-01 
       1.513955392706e+01       9.529590688492e-01 
       1.531486169928e+01       9.295130036949e-01 
       1.549219943982e+01       9.066096329412e-01 
       1.567159065462e+01       8.842376893727e-01 
       1.585305912179e+01       8.623860918707e-01 
       1.603662889477e+01       8.410439440880e-01 
       1.622232430554e+01       8.202005330646e-01 
       1.641016996782e+01       7.998453277862e-01 
       1.660019078036e+01       7.799679776897e-01 
       1.679241193021e+01       7.605583111180e-01 
       1.698685889607e+01       7.416063337266e-01 
       1.718355745167e+01       7.231022268465e-01 
       1.738253366921e+01       7.050363458036e-01 
       1.758381392275e+01       6.873992182005e-01 
       1.778742489178e+01       6.701815421599e-01 
       1.799339356472e+01       6.533741845352e-01 
       1.820174724248e+01       6.369681790889e-01 
       1.841251354213e+01       6.209547246425e-01 
       1.862572040050e+01       6.053251831990e-01 
       1.884139607793e+01       5.900710780420e-01 
       1.905956916201e+01       5.751840918116e-01 
       1.928026857134e+01       5.606560645617e-01 
       1.950352355938e+01       5.464789917984e-01 
       1.972936371834e+01       5.326450225039e-01 
       1.995781898309e+01       5.191464571458e-01 
       2.018891963513e+01       5.059757456748e-01 
       2.042269630661e+01       4.931254855136e-01 
       2.065917998435e+01       4.805884195362e-01 
       2.089840201403e+01       4.683574340421e-01 
       2.114039410425e+01       4.564255567254e-01 
       2.138518833082e+01       4.447859546409e-01 
       2.163281714094e+01       4.334319321691e-01 
       2.188331335753e+01       4.223569289807e-01 
       2.213671018361e+01       4.115545180028e-01 
       2.239304120665e+01       4.010184033885e-01 
       2.265234040304e+01       3.907424184897e-01 
       2.291464214262e+01       3.807205238360e-01 
       2.317998119319e+01       3.709468051199e-01 
       2.344839272516e+01       3.614154711901e-01 
       2.371991231619e+01       3.521208520532e-01 
       2.399457595590e+01       3.430573968854e-01 
       2.427242005067e+01       3.342196720557e-01 
       2.455348142842e+01       3.256023591597e-01 
       2.483779734355e+01       3.172002530672e-01 
       2.512540548180e+01       3.090082599826e-01 
       2.541634396534e+01       3.010213955201e-01 
       2.571065135774e+01       2.932347827935e-01 
       2.600836666913e+01       2.856436505221e-01 
       2.630952936135e+01       2.782433311527e-01 
       2.661417935319e+01       2.710292589990e-01 
       2.692235702567e+01       2.639969683980e-01 
       2.723410322742e+01       2.571420918852e-01 
       2.754945928005e+01       2.504603583876e-01 
       2.786846698367e+01       2.439475914366e-01 
       2.819116862240e+01       2.375997073998e-01 
       2.851760697000e+01       2.314127137328e-01 
       2.884782529551e+01       2.253827072512e-01 
       2.918186736902e+01       2.195058724234e-01 
       2.951977746743e+01       2.137784796838e-01 
       2.986160038038e+01       2.081968837670e-01 
       3.020738141611e+01       2.027575220641e-01 
